1024 1048576 553677.082 553802.967 553987.98 3.87640837984 3.87770339988 3.87858504138 0.969102094959 0.96942584997 0.969646260345
1120 524288 277791.023 277883.053 277902.126 4.22596666281 4.22625671958 4.22765684548 1.0564916657 1.0565641799 1.05691421137
1232 524288 280716.896 280822.039 280937.91 4.59833146762 4.60022880184 4.60195182551 1.1495828669 1.15005720046 1.15048795638
1352 524288 280455.112 280473.948 280539.036 5.05339567788 5.05456839079 5.05490786704 1.26334891947 1.2636420977 1.26372696676
1480 524288 282181.025 282207.012 282390.833 5.49554836293 5.49912799474 5.49963442794 1.37388709073 1.37478199868 1.37490860698
1624 524288 282152.891 282239.914 282366.991 6.03075953733 6.0334748543 6.03533572867 1.50768988433 1.50836871358 1.50883393217
1784 524288 282337.904 282384.872 282537.937 6.62091471277 6.62450353927 6.625605551 1.65522867819 1.65612588482 1.65640138775
1960 524288 277544.975 277653.933 277786.016 7.39853283327 7.40205239592 7.40495827748 1.84963320832 1.85051309898 1.85123956937
2152 262144 143183.947 143187.046 143226.147 7.87752655247 7.87967771889 7.8798482626 1.96938163812 1.96991942972 1.96996206565
2360 262144 143893.003 143947.84 143990.993 8.5930352602 8.5956112992 8.59888704943 2.14825881505 2.1489028248 2.14972176236
2592 262144 144430.876 144445.896 144529.819 9.4025890671 9.40805196708 9.40903035165 2.35064726678 2.35201299177 2.35225758791
2848 262144 142736.912 142802.954 142893.076 10.449577165 10.456171824 10.4610097212 2.61239429124 2.614042956 2.61525243029
3128 262144 142580.986 142643.929 142743.111 11.4889808167 11.4969692401 11.5020446275 2.87224520418 2.87424231002 2.87551115687
3440 262144 142597.914 142649.889 142712.831 12.6376213502 12.6431975001 12.6478057737 3.15940533756 3.16079937503 3.16195144341
3784 262144 142591.953 142618.895 142629.862 13.9094700379 13.9105396378 13.9131679612 3.47736750948 3.47763490946 3.47829199029
4160 131072 71343.899 71372.986 71433.067 15.2663057293 15.2791567387 15.2853860706 3.81657643231 3.81978918466 3.82134651766
4576 131072 71338.892 71397.066 71441.174 16.7910306737 16.801403912 16.8151047818 4.19775766843 4.20035097801 4.20377619546
5032 131072 71290.97 71336.031 71378.231 18.4805449718 18.4914774415 18.5031653799 4.62013624294 4.62286936037 4.62579134496
5528 131072 71238.041 71305.99 71358.204 20.3078546091 20.3227250894 20.3421095198 5.07696365228 5.08068127236 5.08552737996
6080 131072 71320.057 71364.88 71413.994 22.3182520782 22.3336117149 22.3476478713 5.57956301954 5.58340292872 5.58691196784
6688 131072 71274.042 71318.15 71379.9 24.5618034209 24.5830699759 24.5982832291 6.14045085521 6.14576749397 6.14957080728
7352 131072 71317.196 71345.091 71382.046 26.9995439469 27.0135290457 27.0240951145 6.74988598674 6.75338226144 6.75602377861
8080 131072 71296.93 71363.926 71458.101 29.6414750792 29.6805912836 29.7084814171 7.41036876981 7.4201478209 7.42712035427
8888 65536 35650.015 35666.943 35706.043 32.6266323042 32.6623993539 32.677908719 8.15665807606 8.16559983848 8.16947717974
9776 65536 35634.041 35665.035 35727.978 35.864326607 35.9276213244 35.9588706765 8.96608165175 8.98190533109 8.98971766912
10752 65536 35663.843 35683.87 35701.036 39.4746568139 39.493646401 39.5158240238 9.86866420347 9.87341160026 9.87895600595
11824 65536 36072.969 36082.983 36120.892 42.9057878194 42.9508648994 42.9627882307 10.7264469549 10.7377162248 10.7406970577
13000 65536 35665.989 35704.136 35751.82 47.6601191212 47.7237707138 47.7748142635 11.9150297803 11.9309426785 11.9437035659
14296 65536 35680.056 35695.076 35706.043 52.478660601 52.4947842106 52.5168825968 13.1196651502 13.1236960526 13.1292206492
15720 65536 35660.982 35706.997 35732.031 57.6640001236 57.7044280705 57.7788867396 14.4160000309 14.4261070176 14.4447216849
17288 32768 17822.981 17861.128 17887.115 63.3409226698 63.4330803743 63.5688478824 15.8352306674 15.8582700936 15.8922119706
19016 32768 17830.849 17843.962 17878.056 69.7073874251 69.8405755403 69.8919370581 17.4268468563 17.4601438851 17.4729842645
20912 32768 17845.154 17856.836 17884.016 76.6320513245 76.7486934415 76.7989355542 19.1580128311 19.1871733604 19.1997338885
23000 32768 17837.048 17845.869 17857.075 84.4106887606 84.4636929701 84.5054630116 21.1026721902 21.1159232425 21.1263657529
25296 32768 17830.849 17848.969 17862.082 92.811053941 92.8792389073 92.973624307 23.2027634852 23.2198097268 23.2434060767
27824 32768 17827.034 17834.187 17865.896 102.064495618 102.245965235 102.28699087 25.5161239044 25.5614913088 25.5717477175
30600 32768 17827.988 17843.962 17866.85 112.241475134 112.385444443 112.486142575 28.0603687835 28.0963611108 28.1215356438
33656 16384 8938.074 8952.856 8970.976 122.934205598 123.183016459 123.38673947 30.7335513995 30.7957541147 30.8466848675
37016 16384 8942.127 8950.949 8956.909 135.419516711 135.509685956 135.643375228 33.8548791776 33.8774214891 33.9108438071
40712 16384 8934.021 8942.127 8974.075 148.656080543 149.187191817 149.322552074 37.1640201358 37.2967979542 37.3306380184
44776 16384 8937.836 8946.896 8955.956 163.826169758 163.992066969 164.15830051 40.9565424395 40.9980167423 41.0395751276
49248 16384 8944.035 8944.988 8952.856 180.250689166 180.409237441 180.428460309 45.0626722914 45.1023093603 45.1071150773
54168 16384 8944.988 8949.995 8955.002 198.21067868 198.32156599 198.432577439 49.55266967 49.5803914974 49.6081443597
59584 16384 8947.134 8960.009 8970.976 217.640590277 217.90698112 218.220551073 54.4101475692 54.4767452801 54.5551377681
65536 16384 8919.954 8934.975 8959.055 239.699795123 240.345792574 240.750529431 59.9249487809 60.0864481434 60.1876323577
72088 8192 4428.148 4439.116 4455.09 265.110197998 266.064187554 266.723197147 66.2775494996 66.5160468886 66.6807992867
79296 8192 4431.009 4444.838 4458.189 291.415564481 292.290892042 293.203120102 72.8538911204 73.0727230104 73.3007800255
87224 8192 4448.891 4454.851 4472.017 319.560058917 320.79142849 321.22117984 79.8900147294 80.1978571225 80.30529496
95944 8192 4471.064 4476.07 4477.978 351.039352136 351.188988555 351.5821952 87.759838034 87.7972471387 87.8955488
105536 8192 4468.203 4477.978 4486.084 385.436791643 386.134506244 386.979245124 96.3591979107 96.5336265609 96.744811281
116088 8192 4453.897 4458.189 4462.957 426.171659731 426.627447154 427.0385669 106.542914933 106.656861788 106.759641725
127696 8192 4426.956 4433.87 4444.122 470.772688959 471.861210184 472.598160903 117.69317224 117.965302546 118.149540226
140464 4096 2223.969 2227.068 2231.121 515.741229633 516.67981759 517.399787497 128.935307408 129.169954397 129.349946874
154504 4096 2228.975 2247.095 2261.877 559.578070779 563.259127006 567.838027793 139.894517695 140.814781752 141.959506948
169952 4096 2247.095 2255.201 2260.923 615.786908267 617.349311214 619.576290277 153.946727067 154.337327804 154.894072569
186944 4096 2224.207 2239.943 2245.188 682.101119372 683.698311966 688.535396211 170.525279843 170.924577991 172.133849053
205632 4096 2240.896 2249.956 2253.056 747.667765027 748.697905203 751.724910036 186.916941257 187.174476301 187.931227509
226192 4096 2259.016 2260.208 2263.069 818.784077728 819.820505015 820.253094268 204.696019432 204.955126254 205.063273567
248808 4096 2266.169 2270.937 2271.175 897.436408907 897.530462536 899.418858876 224.359102227 224.382615634 224.854714719
273688 2048 1143.932 1143.932 1145.124 978.956032709 979.976124455 979.976124455 244.739008177 244.994031114 244.994031114
301056 2048 1157.999 1168.013 1171.112 1052.95255791 1055.7462768 1064.87602839 263.238139478 263.936569199 266.219007098
331160 2048 1186.132 1199.007 1200.914 1129.4991648 1131.29561379 1143.57538621 282.374791201 282.823903447 285.893846553
364272 2048 1224.995 1234.055 1235.962 1207.20387196 1209.06937859 1218.01159352 301.800967991 302.267344648 304.502898379
400696 2048 1263.142 1267.195 1280.069 1282.15808367 1295.18410032 1299.33991269 320.539520916 323.796025079 324.834978173
440760 2048 1328.945 1338.005 1342.058 1345.21232316 1349.28715513 1358.48583651 336.303080791 337.321788783 339.621459127
484832 2048 1380.92 1388.073 1396.894 1421.63390493 1430.66817956 1438.07886916 355.408476234 357.667044889 359.51971729
533312 1024 728.846 730.038 732.183 1491.73495697 1496.11797742 1498.56482165 372.933739243 374.029494355 374.641205412
586640 1024 775.099 777.96 781.059 1538.21762504 1544.34510772 1550.04550386 384.554406261 386.086276929 387.511375966
645304 1024 826.836 830.889 832.796 1586.92235794 1590.56455435 1598.36121311 396.730589484 397.641138588 399.590303277
709832 1024 890.017 893.116 894.07 1625.97552317 1627.71234196 1633.37996465 406.493880792 406.928085489 408.344991163
780808 1024 958.92 962.019 962.973 1660.58112117 1662.22786036 1667.59978309 415.145280293 415.556965091 416.899945772
858888 1024 1024.008 1024.961 1025.915 1714.56955401 1716.16541898 1717.76257998 428.642388502 429.041354744 429.440644995
944776 1024 1336.098 1339.912 1343.966 1439.69508752 1444.05098842 1448.17314898 359.923771881 361.012747106 362.043287244
1039248 1024 1368.999 1371.145 1374.96 1547.95768895 1552.26464305 1554.69792454 386.989422238 388.066160763 388.674481135
1143168 512 706.911 707.15 707.865 1653.71085165 1655.38292017 1655.94258966 413.427712911 413.845730043 413.985647415
1257480 512 753.88 753.88 754.118 1707.50402457 1708.04308378 1708.04308378 426.876006142 427.010770945 427.010770945
1383224 512 840.902 841.856 843.048 1680.11949023 1682.49840353 1684.40719133 420.029872558 420.624600882 421.101797831
1521544 512 919.104 919.104 920.057 1693.43970645 1695.19559919 1695.19559919 423.359926613 423.798899798 423.798899798
1673696 512 1013.041 1013.041 1014.948 1688.62316493 1691.80191522 1691.80191522 422.155791233 422.950478806 422.950478806
1841064 512 1211.882 1214.027 1214.981 1551.66997344 1552.88929818 1555.63787233 387.91749336 388.222324545 388.909468084
2025168 512 1236.916 1239.061 1240.969 1671.0909233 1673.66419571 1676.56658334 417.772730826 418.416048927 419.141645835
2227680 256 669.956 670.91 671.148 1699.43464035 1700.0375013 1702.4583107 424.858660087 425.009375326 425.614577674
2450448 256 736.952 736.952 738.859 1698.06333279 1702.45738664 1702.45738664 424.515833197 425.61434666 425.61434666
2695488 256 808.001 809.193 811.1 1701.50395266 1705.51383415 1708.0298861 425.375988164 426.378458538 427.007471525
2965032 256 899.076 900.03 900.984 1684.93156815 1686.71753608 1688.50729416 421.232892038 421.679384021 422.126823539
3261528 256 975.847 976.086 977.039 1709.14603818 1710.81476017 1711.23376513 427.286509546 427.703690044 427.808441282
3587680 256 1370.907 1374.96 1379.013 1332.03396922 1335.96043521 1339.9101179 333.008492306 333.990108803 334.977529475
3946448 256 1622.915 1627.207 1630.068 1239.568764 1241.74820782 1245.03216496 309.892191001 310.437051955 311.258041241
4341088 128 1293.182 1299.143 1300.097 854.796625175 855.424328192 859.367457945 213.699156294 213.856082048 214.841864486
4775192 128 1893.044 1906.157 1908.064 640.675130394 641.316088864 645.758446185 160.168782598 160.329022216 161.439611546
5252704 128 2225.876 2238.989 2244.949 598.985644663 600.580093962 604.11820964 149.746411166 150.145023491 151.02955241
5777968 128 2626.181 2639.771 2642.87 559.679366749 560.336410999 563.236048087 139.919841687 140.08410275 140.809012022
6355760 128 3018.856 3024.101 3027.916 537.357892359 538.035786503 538.970576934 134.33947309 134.508946626 134.742644233
6991336 128 3278.017 3290.892 3304.005 541.700758927 543.859238164 545.995342916 135.425189732 135.964809541 136.498835729
7690464 128 3628.969 3634.93 3638.029 541.16082747 541.622200152 542.511877065 135.290206868 135.405550038 135.627969266
8459504 64 2033.949 2034.903 2037.048 531.561608759 532.121930136 532.371515707 132.89040219 133.030482534 133.092878927
9305448 64 2252.102 2259.97 2260.923 526.819066372 527.041219131 528.882503546 131.704766593 131.760304783 132.220625886
10235992 64 2487.898 2490.044 2495.05 525.122533015 526.178242633 526.632111124 131.280633254 131.544560658 131.658027781
11259584 64 2735.853 2738.953 2742.052 525.601539285 526.196233378 526.792467285 131.400384821 131.549058345 131.698116821
12385536 64 3032.923 3034.115 3035.069 522.343514431 522.507752013 522.713108114 130.585878608 130.626938003 130.678277028
13624088 64 3348.112 3350.973 3354.073 519.930026568 520.411016144 520.855713309 129.982506642 130.102754036 130.213928327
14986496 64 3674.03 3676.176 3682.852 520.865755127 521.81165646 522.116446518 130.216438782 130.452914115 130.529111629
16485144 64 4056.931 4060.984 4062.891 519.358858507 519.602744556 520.121843827 129.839714627 129.900686139 130.030460957
18133656 32 2236.128 2238.989 2242.804 517.456712223 518.338403628 519.00158846 129.364178056 129.584600907 129.750397115
19947016 32 2460.957 2470.016 2481.937 514.359963206 516.842410737 518.744953284 128.589990802 129.210602684 129.686238321
21941712 32 2707.005 2715.826 2727.032 514.944294016 517.069049343 518.753961666 128.736073504 129.267262336 129.688490417
24135880 32 2978.086 2986.908 2995.014 515.755959738 517.155640549 518.687613454 128.938989935 129.288910137 129.671903363
26549464 32 3278.017 3279.924 3291.13 516.28641105 518.050325556 518.351703484 129.071602763 129.512581389 129.587925871
29204408 32 3625.154 3626.823 3635.168 514.166638791 515.3496909 515.586954927 128.541659698 128.837422725 128.896738732
32124848 32 3989.935 3993.988 4028.082 510.414205073 514.771269218 515.294176973 127.603551268 128.692817304 128.823544243
35337328 16 2207.994 2212.048 2217.054 510.043731907 511.197992087 512.136580081 127.510932977 127.799498022 128.03414502
38871056 16 2441.883 2444.983 2447.844 508.150761241 508.745374508 509.391232913 127.03769031 127.186343627 127.347808228
42758160 16 2676.01 2679.825 2686.977 509.21951323 510.578534046 511.306430096 127.304878307 127.644633512 127.826607524
47033976 16 2947.092 2951.86 2954.96 509.342675366 509.87757956 510.70249317 127.335668842 127.46939489 127.675623292
51737368 16 3237.963 3247.023 3252.029 509.096252217 509.881136044 511.307811732 127.274063054 127.470284011 127.826952933
56911104 16 3552.914 3571.033 3579.14 508.824837251 509.979977222 512.580751462 127.206209313 127.494994306 128.145187866
62602208 16 3935.814 3937.96 3940.105 508.430779383 508.707720749 508.9850933 127.107694846 127.176930187 127.246273325
68862424 8 2151.966 2165.079 2174.139 506.774766471 508.895418597 511.99637169 126.693691618 127.223854649 127.999092922
75748664 8 2367.02 2369.165 2377.987 509.665790435 511.563620094 512.027200446 127.416447609 127.890905023 128.006800112
83323528 8 2608.061 2620.935 2626.181 507.648348686 508.664445322 511.175332172 126.912087171 127.16611133 127.793833043
91655880 8 2867.937 2878.904 2902.985 505.167639516 509.39318574 511.341106865 126.291909879 127.348296435 127.835276716
100821464 8 3166.914 3182.888 3190.041 505.681094381 506.817526724 509.373928057 126.420273595 126.704381681 127.343482014
110903608 8 3470.898 3484.011 3491.163 508.271234543 509.314616975 511.238799873 127.067808636 127.328654244 127.809699968
121993968 8 3823.042 3847.837 3854.99 506.331660523 507.272914107 510.562920313 126.582915131 126.818228527 127.640730078
134193360 8 4228.115 4237.89 4277.945 501.898402153 506.642163907 507.813472434 125.474600538 126.660540977 126.953368108
147612696 4 2322.912 2331.972 2349.854 502.542527323 506.396117964 508.371203042 125.635631831 126.599029491 127.09280076
162373960 4 2559.9 2563.0 2578.02 503.871839629 506.824689817 507.438446814 125.967959907 126.706172454 126.859611704
178611352 4 2821.922 2849.102 2851.963 501.020110008 501.523222405 506.353760309 125.255027502 125.380805601 126.588440077
196472480 4 3103.018 3117.085 3134.012 501.523236031 504.246704854 506.532620823 125.380809008 126.061676214 126.633155206
216119728 4 3432.035 3442.049 3465.176 498.952383371 502.304825992 503.770452224 124.738095843 125.576206498 125.942613056
237731696 4 3782.988 3795.862 3803.968 499.965711594 501.033380033 502.738461766 124.991427898 125.258345008 125.684615442
261504864 4 4158.02 4168.987 4182.1 500.236463021 501.809890988 503.133441398 125.059115755 125.452472747 125.783360349
287655344 2 2285.957 2290.01 2304.077 499.384949375 502.452555229 503.343403222 124.846237344 125.613138807 125.835850806
316420872 2 2496.958 2506.971 2509.832 504.290123004 504.865627883 506.89017917 126.072530751 126.216406971 126.722544793
348062952 2 2741.098 2750.874 2767.086 503.147284905 506.112532962 507.917560043 125.786821226 126.528133241 126.979390011
382869240 2 3019.094 3029.108 3055.096 501.286034874 505.586780003 507.263755286 125.321508719 126.396695001 126.815938821
421156160 2 3338.099 3351.212 3397.942 495.777926757 502.691157707 504.665871204 123.944481689 125.672789427 126.166467801
463271776 2 3670.931 3679.037 3705.978 500.026471825 503.688085768 504.80030924 125.006617956 125.922021442 126.20007731
509598952 2 4050.97 4061.937 4089.117 498.492903969 501.828513835 503.187090499 124.623225992 125.457128459 125.796772625
560558840 1 2208.948 2225.161 2233.982 501.84723064 503.836657213 507.534663559 125.46180766 125.959164303 126.88366589
616614720 1 2435.923 2439.976 2464.056 500.487586321 505.426873051 506.267825379 125.12189658 126.356718263 126.566956345
678276192 1 2671.003 2679.11 2709.866 500.59758822 506.344414376 507.881265577 125.149397055 126.586103594 126.970316394
746103808 1 2946.138 2962.112 2978.086 501.062634189 503.764751637 506.496170919 125.265658547 125.941187909 126.62404273
820714184 1 3243.208 3252.983 3278.017 500.738210937 504.591744869 506.11257989 125.184552734 126.147936217 126.528144973
902785600 1 3566.98 3587.008 3601.074 501.397971827 503.36414081 506.190446821 125.349492957 125.841035203 126.547611705
993064160 1 3931.999 3948.927 3994.942 497.160739755 502.953921407 505.119233245 124.290184939 125.738480352 126.279808311

META_DATA
ERT_VERSION  1.1.0
GPU_THREADS    128
TIMESTAMP_DATA  1560475192.92
TIMESTAMP_DATA  1560475173.35
HOSTNAME  ce1
TIMESTAMP_DATA  1560475212.5
UNAME  ('Linux', 'ce1', '3.10.0-514.el7.x86_64', '#1 SMP Tue Nov 22 16:42:41 UTC 2016', 'x86_64', 'x86_64')
TIMESTAMP_DATA  1560475153.79
TIMESTAMP_DATA  1560475134.09
FLOPS          4
GPU_BLOCKS     896
CONFIG  {'ERT_WORKING_SET_MIN': ['128'], 'ERT_CFLAGS': ['-O3'], 'ERT_CC': ['nvcc'], 'ERT_BLOCKS_THREADS': ['114688'], 'ERT_GPU_THREADS': ['64,128,256,512,1024'], 'ERT_GPU_LDFLAGS': [], 'ERT_MEMORY_MAX': ['1073741824'], 'ERT_LDFLAGS': [], 'ERT_LDLIBS': [], 'ERT_RUN': ['./ERT_CODE'], 'ERT_FLOPS': ['1,2,4,8,16,32,64,128,256,512,1024'], 'ERT_MPI': [False], 'ERT_TRIALS_MIN': ['1'], 'ERT_DRIVER': ['driver1'], 'ERT_RESULTS': ['Results.summitdev.ornl.gov.01'], 'ERT_GPU': ['True'], 'ERT_GPU_CFLAGS': ['-x', 'cu'], 'ERT_KERNEL': ['kernel1'], 'ERT_OPENMP': [False], 'ERT_LD': ['nvcc'], 'ERT_NUM_EXPERIMENTS': ['5'], 'ERT_ALIGN': ['32'], 'ERT_GNUPLOT': ['gnuplot'], 'ERT_GPU_BLOCKS': ['56,112,448,896,1792']}
