1024 1048576 606232.166 606477.976 606549.978 3.54048920269 3.54090953502 3.54234527371 3.54048920269 3.54090953502 3.54234527371
1120 524288 302053.928 302158.117 302224.874 3.88586519851 3.88672371823 3.88806438564 3.88586519851 3.88672371823 3.88806438564
1232 524288 302685.976 302729.845 302791.119 4.26645813215 4.26732168412 4.26794015723 4.26645813215 4.26732168412 4.26794015723
1352 524288 300020.933 300107.956 300176.144 4.7228095248 4.72388260177 4.72525279428 4.7228095248 4.72388260177 4.72525279428
1480 524288 300763.13 300837.04 300865.889 5.15808716355 5.15858180229 5.15984948022 5.15808716355 5.15858180229 5.15984948022
1624 524288 299793.005 299829.96 299863.1 5.67888287689 5.67951055992 5.68021066402 5.67888287689 5.67951055992 5.68021066402
1784 524288 300132.99 300185.204 300220.966 6.23094252518 6.2316848368 6.23276896019 6.23094252518 6.2316848368 6.23276896019
1960 524288 297812.939 297860.146 298058.033 6.89533155444 6.89991255158 6.90100627226 6.89533155444 6.89991255158 6.90100627226
2152 262144 153555.87 153583.05 153616.905 7.34468498763 7.34630400946 7.3476043345 7.34468498763 7.34630400946 7.3476043345
2360 262144 154270.172 154285.192 154309.988 8.01840306021 8.01969174073 8.02047255123 8.01840306021 8.01969174073 8.02047255123
2592 262144 155355.93 155384.064 155429.125 8.743242272 8.74577779096 8.74736159733 8.743242272 8.74577779096 8.74736159733
2848 262144 153156.042 153185.844 153226.852 9.74484696716 9.74745567221 9.74935238924 9.74484696716 9.74745567221 9.74935238924
3128 262144 153514.862 153541.088 153593.063 10.677388887 10.6810032765 10.6828279857 10.677388887 10.6810032765 10.6828279857
3440 262144 151856.184 151954.889 151991.129 11.866157794 11.8689877757 11.876702499 11.866157794 11.8689877757 11.876702499
3784 262144 152481.794 152518.034 152544.975 13.0053827863 13.0076800754 13.010771581 13.0053827863 13.0076800754 13.010771581
4160 131072 76573.133 76592.922 76599.121 14.2367043611 14.2378565999 14.2415361273 14.2367043611 14.2378565999 14.2415361273
4576 131072 77901.84 77923.059 77924.967 15.3939230285 15.3942999594 15.398493078 15.3939230285 15.3942999594 15.398493078
5032 131072 76946.974 77023.029 77095.032 17.1101635706 17.1261585675 17.1430861986 17.1101635706 17.1261585675 17.1430861986
5528 131072 76143.026 76169.968 76205.969 19.0159911489 19.0249788736 19.0317105601 19.0159911489 19.0249788736 19.0317105601
6080 131072 75760.126 75767.04 75797.081 21.0276635851 21.0360008785 21.0379206603 21.0276635851 21.0360008785 21.0379206603
6688 131072 76379.061 76396.942 76430.082 22.9388615859 22.9488121658 22.9541846816 22.9388615859 22.9488121658 22.9541846816
7352 131072 75752.02 75793.028 75848.103 25.4097678356 25.4282318421 25.4419972959 25.4097678356 25.4282318421 25.4419972959
8080 131072 75720.072 75757.98 75767.04 27.9557380096 27.9590812743 27.9730785253 27.9557380096 27.9590812743 27.9730785253
8888 65536 38045.883 38058.043 38079.977 30.5926638559 30.6102953323 30.6200788138 30.5926638559 30.6102953323 30.6200788138
9776 65536 38058.996 38109.064 38145.065 33.5917600874 33.6234936654 33.6677266 33.5917600874 33.6234936654 33.6677266
10752 65536 38577.795 38697.958 38749.933 36.3687375666 36.4175842043 36.5310185302 36.3687375666 36.4175842043 36.5310185302
11824 65536 38411.856 38444.042 38449.049 40.3077675081 40.313017242 40.34679626 40.3077675081 40.313017242 40.34679626
13000 65536 38063.049 38079.977 38100.958 44.7216051628 44.7462455138 44.7661457704 44.7216051628 44.7462455138 44.7661457704
14296 65536 38019.896 38091.898 38150.072 49.1166913656 49.1917024455 49.2848615893 49.1166913656 49.1917024455 49.2848615893
15720 65536 38076.878 38089.991 38146.019 54.0148590604 54.0943115476 54.112940667 54.0148590604 54.0943115476 54.112940667
17288 32768 19366.026 19379.139 19393.921 58.4196650074 58.4642263002 58.5038132243 58.4196650074 58.4642263002 58.5038132243
19016 32768 19103.05 19136.906 19155.979 65.0571070265 65.1219468811 65.2373613638 65.0571070265 65.1219468811 65.2373613638
20912 32768 19428.015 19454.002 19475.222 70.3708965166 70.4476555518 70.5418866518 70.3708965166 70.4476555518 70.5418866518
23000 32768 19637.823 19654.036 19657.85 76.6781718245 76.6930517477 76.7563695833 76.6781718245 76.6930517477 76.7563695833
25296 32768 19080.877 19094.944 19108.057 86.7591433289 86.8187231133 86.8827285035 86.7591433289 86.8187231133 86.8827285035
27824 32768 19371.986 19409.18 19425.869 93.8683187867 93.9490315407 94.1294126477 93.8683187867 93.9490315407 94.1294126477
30600 32768 19071.817 19098.043 19116.163 104.906073463 105.005607119 105.150002226 104.906073463 105.005607119 105.150002226
33656 16384 9535.074 9553.909 9567.022 115.275140791 115.433359058 115.661379031 115.275140791 115.433359058 115.661379031
37016 16384 9547.949 9557.962 9582.043 126.584726034 126.903652473 127.036737209 126.584726034 126.903652473 127.036737209
40712 16384 9540.081 9557.009 9560.108 139.543488002 139.58873702 139.83642445 139.543488002 139.58873702 139.83642445
44776 16384 9549.141 9553.909 9566.069 153.377522993 153.572738447 153.649419147 153.377522993 153.572738447 153.649419147
49248 16384 9535.074 9542.942 9566.069 168.696092826 169.104922151 169.244461448 168.696092826 169.104922151 169.244461448
54168 16384 9536.982 9552.956 9568.214 185.507663604 185.803956807 186.115169768 185.507663604 185.803956807 186.115169768
59584 16384 9687.901 9707.928 9714.842 200.975838001 201.118973276 201.534729969 200.975838001 201.118973276 201.534729969
65536 16384 9736.061 9749.889 9765.148 219.913067165 220.257240672 220.570069148 219.913067165 220.257240672 220.570069148
72088 8192 4895.21 4903.078 4906.178 240.735210178 240.887416435 241.274591284 240.735210178 240.887416435 241.274591284
79296 8192 4887.104 4899.979 4921.913 263.959493798 265.141067747 265.839577795 263.959493798 265.141067747 265.839577795
87224 8192 4880.905 4894.972 4907.846 291.182326422 291.948149244 292.789557674 291.182326422 291.948149244 292.789557674
95944 8192 4889.011 4905.939 4917.145 319.686829654 320.417048806 321.526479691 319.686829654 320.417048806 321.526479691
105536 8192 4889.965 4914.999 4921.198 351.357905941 351.801053062 353.602085905 351.357905941 351.801053062 353.602085905
116088 8192 4885.912 4910.946 4913.092 387.126028171 387.295195671 389.279584241 387.126028171 387.295195671 389.279584241
127696 8192 4877.09 4894.018 4896.879 427.2458568 427.495620981 428.979425026 427.2458568 427.495620981 428.979425026
140464 4096 2439.022 2445.936 2464.056 466.986581474 470.446114698 471.779708424 466.986581474 470.446114698 471.779708424
154504 4096 2440.929 2445.936 2465.01 513.465165659 517.469291102 518.530759395 513.465165659 517.469291102 518.530759395
169952 4096 2443.79 2449.989 2467.871 564.148929989 568.26654487 569.708028922 564.148929989 568.26654487 569.708028922
186944 4096 2437.115 2438.068 2444.029 626.606823405 628.138857489 628.384482472 626.606823405 628.138857489 628.384482472
205632 4096 2420.187 2429.008 2439.976 690.390948108 693.508355674 696.036026968 690.390948108 693.508355674 696.036026968
226192 4096 2432.108 2434.969 2437.115 760.310803553 760.980884767 761.876061425 760.310803553 760.980884767 761.876061425
248808 4096 2465.963 2474.07 2476.215 823.125268202 823.838911591 826.547331002 823.125268202 823.838911591 826.547331002
273688 2048 1250.029 1254.082 1258.135 891.022066789 893.901712966 896.800032639 891.022066789 893.901712966 896.800032639
301056 2048 1273.155 1278.877 1281.977 961.893525391 964.225156915 968.558719088 961.893525391 964.225156915 968.558719088
331160 2048 1287.937 1289.845 1295.09 1047.36455381 1051.62353616 1053.1814522 1047.36455381 1051.62353616 1053.1814522
364272 2048 1451.015 1452.208 1453.161 1026.7672419 1027.44104977 1028.28579443 1026.7672419 1027.44104977 1028.28579443
400696 2048 1449.108 1451.015 1454.115 1128.69395887 1131.10534074 1132.59385498 1128.69395887 1131.10534074 1132.59385498
440760 2048 1451.969 1452.923 1455.784 1240.12419425 1242.5661649 1243.3825791 1240.12419425 1242.5661649 1243.3825791
484832 2048 1630.068 1633.883 1636.982 1213.1299379 1215.43089193 1218.27547808 1213.1299379 1215.43089193 1218.27547808
533312 1024 832.081 833.035 835.18 1307.76955387 1311.13695823 1312.6402069 1307.76955387 1311.13695823 1312.6402069
586640 1024 914.812 916.004 917.196 1309.90401179 1311.6085956 1313.31762154 1309.90401179 1311.6085956 1313.31762154
645304 1024 919.104 922.203 928.879 1422.77152568 1433.07123486 1437.90321008 1422.77152568 1433.07123486 1437.90321008
709832 1024 1013.994 1014.948 1018.047 1427.96544364 1432.32553392 1433.67311444 1427.96544364 1432.32553392 1433.67311444
780808 1024 1016.855 1019.001 1020.908 1566.34562958 1569.27695262 1572.58879978 1566.34562958 1569.27695262 1572.58879978
858888 1024 1111.984 1115.084 1122.952 1566.40944938 1577.46198851 1581.85965266 1566.40944938 1577.46198851 1581.85965266
944776 1024 1383.066 1390.219 1397.133 1384.90841459 1391.79600336 1398.99415357 1384.90841459 1391.79600336 1398.99415357
1039248 1024 1421.928 1423.12 1430.988 1487.34993166 1495.57303952 1496.82677604 1487.34993166 1495.57303952 1496.82677604
1143168 512 729.084 733.137 735.044 1592.56320982 1596.70570712 1605.58184242 1592.56320982 1596.70570712 1605.58184242
1257480 512 761.032 762.939 764.132 1685.12707229 1687.76208845 1691.99129603 1685.12707229 1687.76208845 1691.99129603
1383224 512 878.811 880.957 882.864 1604.34832092 1607.82123986 1611.74743602 1604.34832092 1607.82123986 1611.74743602
1521544 512 946.999 948.191 948.906 1641.95511041 1643.19325537 1645.26156416 1641.95511041 1643.19325537 1645.26156416
1673696 512 1014.948 1015.902 1017.094 1685.06028351 1687.03743471 1688.62316493 1685.06028351 1687.03743471 1688.62316493
1841064 512 1230.955 1231.909 1235.962 1525.32969137 1530.34805006 1531.53408207 1525.32969137 1530.34805006 1531.53408207
2025168 512 1252.89 1255.035 1255.989 1651.1068425 1652.36191182 1655.19082441 1651.1068425 1652.36191182 1655.19082441
2227680 256 676.87 679.97 680.923 1675.03838173 1677.38600232 1685.06827013 1675.03838173 1677.38600232 1685.06827013
2450448 256 748.158 749.111 750.065 1672.69420117 1674.82439318 1676.9577763 1672.69420117 1674.82439318 1676.9577763
2695488 256 814.915 816.107 818.968 1685.1572418 1691.06484321 1693.53841321 1685.1572418 1691.06484321 1693.53841321
2965032 256 900.984 900.984 900.984 1684.93156815 1684.93156815 1684.93156815 1684.93156815 1684.93156815 1684.93156815
3261528 256 983.0 984.907 987.053 1691.80615023 1695.49240284 1698.7816236 1691.80615023 1695.49240284 1698.7816236
3587680 256 1363.993 1363.993 1368.999 1341.77757617 1346.70204319 1346.70204319 1341.77757617 1346.70204319 1346.70204319
3946448 256 1596.928 1600.027 1604.08 1259.65124931 1262.84204954 1265.29272203 1259.65124931 1262.84204954 1265.29272203
4341088 128 1260.996 1264.811 1265.049 878.478642329 878.643946012 881.302183353 878.478642329 878.643946012 881.302183353
4775192 128 1851.082 1854.181 1860.142 657.180555033 659.293322497 660.397082355 657.180555033 659.293322497 660.397082355
5252704 128 2194.881 2203.941 2207.041 609.273785127 610.130772103 612.649261623 609.273785127 610.130772103 612.649261623
5777968 128 2573.013 2575.159 2590.179 571.064705567 574.395525868 574.874595659 571.064705567 574.395525868 574.874595659
6355760 128 2955.914 2962.112 2966.881 548.412477615 549.295421645 550.44719163 548.412477615 549.295421645 550.44719163
6991336 128 3226.042 3232.002 3237.009 552.912276734 553.76884544 554.791914054 552.912276734 553.76884544 554.791914054
7690464 128 3624.916 3639.936 3644.943 540.134313211 540.877307733 543.118456814 540.134313211 540.877307733 543.118456814
8459504 64 2035.141 2040.148 2043.962 529.763523979 530.753902168 532.059701023 529.763523979 530.753902168 532.059701023
9305448 64 2251.863 2252.817 2255.917 527.988105945 528.714646596 528.938636143 527.988105945 528.714646596 528.938636143
10235992 64 2481.937 2484.083 2488.136 526.58173669 527.440901129 527.896951454 526.58173669 527.440901129 527.896951454
11259584 64 2722.025 2725.84 2734.9 526.976032762 528.727567282 529.468594888 526.976032762 528.727567282 529.468594888
12385536 64 3010.988 3015.041 3021.002 524.775755858 525.813283468 526.521064846 524.775755858 525.813283468 526.521064846
13624088 64 3325.939 3330.946 3335.953 522.754146716 523.539938504 524.328096216 522.754146716 523.539938504 524.328096216
14986496 64 3657.103 3661.871 3675.938 521.845441354 523.85009958 524.533076591 521.845441354 523.85009958 524.533076591
16485144 64 4032.135 4039.049 4050.016 521.009900208 522.424568754 523.320382874 521.009900208 522.424568754 523.320382874
18133656 32 2225.161 2228.022 2228.975 520.667115602 520.889822452 521.559556365 520.667115602 520.889822452 521.559556365
19947016 32 2449.036 2452.85 2459.049 519.147452531 520.459475304 521.270011547 519.147452531 520.459475304 521.270011547
21941712 32 2691.984 2696.037 2706.766 518.799766215 520.864353123 521.648556604 518.799766215 520.864353123 521.648556604
24135880 32 2979.04 2982.855 2990.961 516.454851802 517.85833371 518.521510285 516.454851802 517.85833371 518.521510285
26549464 32 3268.957 3273.964 3276.825 518.540262602 518.993396384 519.788328816 518.540262602 518.993396384 519.788328816
29204408 32 3614.187 3620.863 3626.108 515.451308124 516.19796496 517.151467813 515.451308124 516.19796496 517.151467813
32124848 32 3961.086 3968.954 3971.1 517.738226688 518.018165995 519.047117886 517.738226688 518.018165995 519.047117886
35337328 16 2182.007 2186.06 2202.988 513.300342989 517.275141579 518.235961663 513.300342989 517.275141579 518.235961663
38871056 16 2407.074 2413.034 2417.088 514.616675934 515.48125389 516.75760363 514.616675934 515.48125389 516.75760363
42758160 16 2639.055 2650.976 2655.029 515.346958545 516.134857502 518.466314647 515.346958545 516.134857502 518.466314647
47033976 16 2905.846 2919.912 2920.151 515.414179609 515.456367178 517.951478502 515.414179609 515.456367178 517.951478502
51737368 16 3208.16 3213.882 3217.22 514.604464724 515.138942873 516.057732781 514.604464724 515.138942873 516.057732781
56911104 16 3521.204 3525.972 3539.085 514.583664422 516.497387954 517.196767924 514.583664422 516.497387954 517.196767924
62602208 16 3889.084 3899.097 3904.104 513.1191833 513.778101955 515.100896766 513.1191833 513.778101955 515.100896766
68862424 8 2128.124 2131.939 2135.038 516.055819147 516.805961146 517.732417848 516.055819147 516.805961146 517.732417848
75748664 8 2346.039 2346.992 2348.9 515.977105879 516.396572293 516.606341156 515.977105879 516.396572293 516.606341156
83323528 8 2567.053 2578.974 2587.08 515.320920884 516.940631429 519.341224353 515.320920884 516.940631429 519.341224353
91655880 8 2840.042 2842.903 2850.056 514.549215875 515.843868046 516.363518568 514.549215875 515.843868046 516.363518568
100821464 8 3118.038 3126.144 3140.926 513.588484415 516.01699218 517.358487613 513.588484415 516.01699218 517.358487613
110903608 8 3438.95 3446.102 3448.963 514.490218654 514.917355319 515.988231292 514.490218654 514.917355319 515.988231292
121993968 8 3772.02 3784.895 3798.008 513.928219214 515.708754932 517.469018722 513.928219214 515.708754932 517.469018722
134193360 8 4160.881 4165.888 4184.008 513.166743467 515.398820132 516.019025778 513.166743467 515.398820132 516.019025778
147612696 4 2274.99 2285.957 2295.971 514.336447629 516.589580644 519.079893978 514.336447629 516.589580644 519.079893978
162373960 4 2506.971 2521.038 2526.999 514.045189571 515.260650573 518.151857361 514.045189571 515.260650573 518.151857361
178611352 4 2765.894 2767.086 2779.007 514.173161852 516.388292955 516.610837581 514.173161852 516.388292955 516.610837581
196472480 4 3051.996 3053.904 3067.97 512.319168701 514.678863514 515.000622543 512.319168701 514.678863514 515.000622543
216119728 4 3351.927 3355.98 3365.04 513.800080831 515.187165597 515.810106843 513.800080831 515.187165597 515.810106843
237731696 4 3698.111 3700.018 3721.952 510.982830515 514.011977239 514.277037114 510.982830515 514.011977239 514.277037114
261504864 4 4063.845 4076.958 4080.057 512.74747191 513.137224372 514.792988414 512.74747191 513.137224372 514.792988414
287655344 2 2227.068 2229.929 2235.889 514.614712984 515.990139596 516.653005656 514.614712984 515.990139596 516.653005656
316420872 2 2440.929 2450.943 2460.957 514.30540558 516.406741405 518.525318844 514.30540558 516.406741405 518.525318844
348062952 2 2686.024 2701.044 2707.005 514.314457491 515.449510634 518.33185705 514.314457491 515.449510634 518.33185705
382869240 2 2958.059 2976.894 2994.061 511.504929258 514.454649712 517.730363052 511.504929258 514.454649712 517.730363052
421156160 2 3269.911 3277.063 3280.163 513.579550772 514.065381105 515.189752871 513.579550772 514.065381105 515.189752871
463271776 2 3594.16 3597.975 3612.995 512.895009265 515.036125598 515.582807666 512.895009265 515.036125598 515.582807666
509598952 2 3958.225 3971.815 3978.014 512.415443485 513.215194565 514.977245609 512.415443485 513.215194565 514.977245609
560558840 1 2168.179 2181.053 2184.153 513.296312117 514.025876492 517.078008781 513.296312117 514.025876492 517.078008781
616614720 1 2386.093 2399.206 2400.16 513.81134591 514.015653512 516.840475204 513.81134591 514.015653512 516.840475204
678276192 1 2622.843 2632.856 2635.002 514.820248334 515.239870316 517.206856834 514.820248334 515.239870316 517.206856834
746103808 1 2893.925 2899.17 2918.959 511.21225615 514.70166151 515.634515753 511.21225615 514.70166151 515.634515753
820714184 1 3185.987 3191.948 3198.862 513.128846446 514.240322211 515.202468811 513.128846446 514.240322211 515.202468811
902785600 1 3500.938 3504.992 3525.972 512.077577474 515.142744976 515.739267591 512.077577474 515.142744976 515.739267591
993064160 1 3854.036 3875.971 3891.945 510.317674068 512.420841126 515.33725165 510.317674068 512.420841126 515.33725165

META_DATA
ERT_VERSION  1.1.0
TIMESTAMP_DATA  1560475872.16
HOSTNAME  ce1
UNAME  ('Linux', 'ce1', '3.10.0-514.el7.x86_64', '#1 SMP Tue Nov 22 16:42:41 UTC 2016', 'x86_64', 'x86_64')
TIMESTAMP_DATA  1560475851.92
TIMESTAMP_DATA  1560475831.62
GPU_THREADS    256
FLOPS          16
TIMESTAMP_DATA  1560475912.74
CONFIG  {'ERT_WORKING_SET_MIN': ['128'], 'ERT_CFLAGS': ['-O3'], 'ERT_CC': ['nvcc'], 'ERT_BLOCKS_THREADS': ['114688'], 'ERT_GPU_THREADS': ['64,128,256,512,1024'], 'ERT_GPU_LDFLAGS': [], 'ERT_MEMORY_MAX': ['1073741824'], 'ERT_LDFLAGS': [], 'ERT_LDLIBS': [], 'ERT_RUN': ['./ERT_CODE'], 'ERT_FLOPS': ['1,2,4,8,16,32,64,128,256,512,1024'], 'ERT_MPI': [False], 'ERT_TRIALS_MIN': ['1'], 'ERT_DRIVER': ['driver1'], 'ERT_RESULTS': ['Results.summitdev.ornl.gov.01'], 'ERT_GPU': ['True'], 'ERT_GPU_CFLAGS': ['-x', 'cu'], 'ERT_KERNEL': ['kernel1'], 'ERT_OPENMP': [False], 'ERT_LD': ['nvcc'], 'ERT_NUM_EXPERIMENTS': ['5'], 'ERT_ALIGN': ['32'], 'ERT_GNUPLOT': ['gnuplot'], 'ERT_GPU_BLOCKS': ['56,112,448,896,1792']}
GPU_BLOCKS     448
TIMESTAMP_DATA  1560475892.46
