32 33554432 101039.334 101419.557 112831.375 19.0326817164 21.1742558489 21.2539370855 1.18954260728 1.32339099056 1.32837106785
64 16777216 48970.203 52635.589 60263.391 35.6349619954 40.7990807892 43.852863914 2.22718512471 2.54994254933 2.74080399463
96 8388608 24419.444 24611.888 26215.103 61.4383523879 65.4404382142 65.9561591984 3.83989702425 4.09002738839 4.1222599499
128 8388608 24429.474 25304.421 26119.018 82.219157244 84.8659468636 87.9054394704 5.13869732775 5.30412167897 5.4940899669
160 4194304 12693.434 12835.054 13062.07 102.753796297 104.571221905 105.73791773 6.42211226858 6.53570136908 6.60861985811
192 4194304 13760.12 14085.07 14534.361 110.814141468 114.348933729 117.049323407 6.92588384175 7.14680835807 7.31558271294
224 4194304 15509.516 15599.404 15967.658 117.678384144 120.456409232 121.154534545 7.35489900898 7.528525577 7.57215840907
256 4194304 18298.498 18364.652 18864.854 113.83515865 116.935711496 117.358465596 7.11469741563 7.30848196851 7.33490409978
288 2097152 9817.481 9938.648 10191.647 118.524469303 121.541637454 123.041700004 7.40777933145 7.59635234088 7.69010625027
320 2097152 10518.078 10519.786 10957.458 122.489840253 127.585987015 127.606705332 7.65561501582 7.97412418846 7.97541908322
352 2097152 11279.106 11286.11 11539.629 127.941288927 130.815224023 130.89645651 7.99633055794 8.17595150145 8.18102853187
384 2097152 12623.713 12689.863 12847.966 125.359355403 126.921207581 127.586292242 7.83495971269 7.93257547383 7.97414326514
416 2097152 13324.033 13388.395 13641.313 127.907809461 130.324095159 130.95362823 7.9942380913 8.14525594741 8.18460176435
448 2097152 7982.337 8124.602 12014.144 156.403002328 231.278798888 235.400759452 9.7751876455 14.4549249305 14.7125474657
480 2097152 9071.019 9204.399 9455.725 212.915024496 218.728666586 221.944846549 13.307189031 13.6705416617 13.8715529093
512 2097152 10157.294 10157.836 10300.739 208.478600225 211.411529779 211.422810839 13.029912514 13.2132206112 13.2139256774
544 1048576 5442.341 5582.56 7470.92 152.705515251 204.359771861 209.624991892 9.5440947032 12.7724857413 13.1015619933
576 1048576 5804.542 5943.093 5949.227 203.044790861 203.254357958 208.105919812 12.6902994288 12.7033973724 13.0066199883
608 1048576 6348.12 6631.482 8232.617 154.880084425 192.275032338 200.857642263 9.68000527657 12.0171895211 12.5536026414
640 1048576 7073.977 7087.923 8374.143 160.27637455 189.361154177 189.73447044 10.0172734094 11.8350721361 11.8584044025
704 1048576 4716.464 4720.935 4731.983 312.003447181 312.733602136 313.030059808 19.5002154488 19.5458501335 19.564378738
768 1048576 5441.421 5444.506 5667.934 284.162224895 295.823484445 295.991200828 17.760139056 18.4889677778 18.4994500517
832 1048576 6532.279 6532.749 6671.197 261.546835448 267.089775529 267.108992742 16.3466772155 16.6931109706 16.6943120464
896 1048576 7254.602 7400.269 7763.063 242.049844501 253.916201154 259.014649184 15.1281152813 15.8697625721 16.188415574
960 1048576 5193.978 5289.446 6362.546 316.424575948 380.61942971 387.61541154 19.7765359968 23.7887143569 24.2259632213
1056 524288 3267.505 3410.488 3518.599 314.698053401 324.673846089 338.881273632 19.6686283376 20.2921153806 21.180079602
1152 524288 3992.591 4010.085 4484.537 269.361040393 301.230410827 302.550286769 16.8350650245 18.8269006767 18.909392923
1248 524288 3085.894 3112.503 3368.08 388.536747346 420.440670419 424.066039857 24.2835467091 26.2775419012 26.5041274911
1344 524288 3819.754 3998.325 4252.836 331.375614766 352.469132449 368.946833749 20.7109759229 22.0293207781 23.0591771093
1472 524288 3155.085 3223.462 3442.875 448.31830142 478.834207445 489.211502067 28.0198938387 29.9271379653 30.5757188792
1600 524288 4129.588 4165.117 4306.351 389.592395046 402.80299449 406.268518797 24.3495246904 25.1751871556 25.3917824248
1760 524288 3727.919 3761.97 4033.849 457.501944173 490.565783353 495.046635938 28.5938715108 30.6603614596 30.9404147461
1920 524288 4716.878 5027.509 5138.674 391.787048565 400.449988255 426.82170707 24.4866905353 25.0281242659 26.6763566919
2112 262144 2310.636 2371.738 2528.322 437.956975417 466.871237885 479.217088282 27.3723109636 29.1794523678 29.9510680176
2304 262144 2179.7 2260.053 3233.146 373.61738443 534.482842659 554.186150388 23.3510865269 33.4051776662 34.6366343992
2528 262144 2648.952 3029.714 3173.429 417.65549631 437.467055966 500.348841353 26.1034685194 27.3416909979 31.2718025846
2752 262144 2574.011 2585.099 2958.749 487.652239511 558.137454697 560.541728843 30.4782649694 34.8835909186 35.0338580527
3008 262144 2691.528 2861.051 3043.178 518.227426723 551.216425013 585.934199458 32.3892141702 34.4510265633 36.6208874662
3296 262144 3262.955 3366.976 4024.01 429.435624663 513.235986238 529.597634046 26.8397265414 32.0772491399 33.0998521279
3616 262144 3388.942 3765.887 4666.959 406.222854754 503.420683626 559.415123658 25.3889284221 31.4637927267 34.9634452286
3968 262144 3767.51 4279.018 5604.427 371.202048666 486.180423639 552.188258027 23.2001280416 30.3862764775 34.5117661267
4352 131072 1999.257 2192.695 3013.116 378.628200175 520.296114143 570.63733577 23.664262511 32.5185071339 35.6648334856
4768 131072 2328.535 2525.122 2755.431 453.614186674 494.987011321 536.776381716 28.3508866671 30.9366882075 33.5485238573
5216 131072 2672.692 2679.335 3661.262 373.462238977 510.32928096 511.597708977 23.341389936 31.89558006 31.974856811
5728 131072 2585.677 3003.381 3841.379 390.891091975 499.95682599 580.722507877 24.4306932484 31.2473016244 36.2951567423
6272 131072 3117.586 3441.503 3533.024 465.371072486 477.746835612 527.384703421 29.0856920304 29.8591772258 32.9615439638
6880 131072 2861.632 3194.648 4513.456 399.594173511 564.553816258 630.252499273 24.9746358445 35.2846135161 39.3907812046
7552 131072 3339.147 3673.778 4527.198 437.292888007 538.876189035 592.879405429 27.3308055004 33.6797618147 37.0549628393
8288 65536 1975.588 2152.644 2796.512 388.457026467 504.646720963 549.874131651 24.2785641542 31.5404200602 34.3671332282
9088 65536 2023.423 2318.074 2559.134 465.463057425 513.867260493 588.696647216 29.0914410891 32.1167037808 36.793540451
9984 65536 2209.38 2279.027 2946.199 444.173271391 574.20243288 592.303201803 27.760829462 35.887652055 37.0189501127
10976 65536 2390.615 2468.933 3551.801 405.046980954 582.699600192 601.789193157 25.3154363096 36.418725012 37.6118245723
12064 65536 2766.353 2857.552 3168.6 499.038252856 553.359171767 571.601891733 31.1898908035 34.5849482354 35.7251182333
13248 65536 2753.26 2989.177 4068.329 426.819427829 580.909680491 630.685752889 26.6762142393 36.3068550307 39.4178595556
14560 65536 3172.7 3235.42 5519.874 345.734036683 589.848712068 601.509225581 21.6083772927 36.8655445043 37.5943265988
16000 65536 3453.665 3654.213 6099.084 343.847043261 573.899769937 607.225078286 21.4904402038 35.868735621 37.9515673929
17600 32768 1843.512 2264.952 3553.541 324.587109027 509.252999622 625.671869779 20.2866943142 31.8283124764 39.1044918612
19360 32768 2249.424 2439.076 2459.918 515.780184543 520.187546432 564.045266699 32.2362615339 32.511721652 35.2528291687
21280 32768 2377.18 2590.231 3255.298 428.411186933 538.409925601 586.664064143 26.7756991833 33.6506203501 36.666504009
23392 32768 2602.117 2606.04 2725.548 562.462342252 588.255787325 589.142652694 35.1538963907 36.7659867078 36.8214157934
25728 32768 3130.693 3173.028 3484.685 483.863020043 531.388379806 538.574113782 30.2414387527 33.2117737379 33.6608821114
28288 32768 3065.504 3359.316 3758.515 493.248628248 551.863048311 604.756140589 30.8280392655 34.4914405194 37.7972587868
31104 32768 3660.492 3786.604 4061.727 501.863306914 538.327151189 556.873705502 31.3664566821 33.6454469493 34.8046065939
34208 16384 1934.44 1998.23 2486.523 450.801277125 560.960321885 579.458522363 28.1750798203 35.0600201178 36.2161576477
37600 16384 2024.668 2174.715 2485.029 495.799767327 566.546329059 608.532756975 30.9874854579 35.4091455662 38.033297311
41344 16384 2205.672 2379.637 2477.977 546.72024478 569.313803744 614.216525395 34.1700152988 35.582112734 38.3885328372
45472 16384 2626.908 2715.846 2898.022 514.152927756 548.641747728 567.21685571 32.1345579847 34.290109233 35.4510534819
50016 16384 2808.667 2857.713 2959.052 553.8680253 573.509057068 583.523888022 34.6167515812 35.8443160667 36.4702430014
55008 16384 3033.202 3105.631 3106.094 580.311524378 580.398039561 594.257205422 36.2694702736 36.2748774726 37.1410753389
60480 16384 3396.16 3399.294 3477.076 569.964142285 583.005953589 583.543955526 35.6227588928 36.4378720993 36.4714972204
66528 8192 1849.471 1859.522 1859.879 586.056809072 586.169323084 589.35487607 36.628550567 36.6355826928 36.8346797544
73152 8192 1906.534 2041.276 2317.858 517.081878182 587.14371207 628.639388545 32.3176173864 36.6964820044 39.2899617841
80448 8192 2304.088 2373.682 2438.128 540.603295643 555.280796669 572.052817427 33.7877059777 34.7050497918 35.7533010892
88480 8192 2448.405 2451.662 2608.749 555.690225468 591.295341691 592.081914553 34.7306390918 36.9559588557 37.0051196595
97312 8192 2680.986 2687.228 2888.335 551.999615003 593.310209629 594.691582873 34.4999759377 37.0818881018 37.1682239296
107040 8192 2664.818 2951.38 3187.765 550.148257478 594.211304542 658.109994754 34.3842660924 37.1382065339 41.1318746721
117728 8192 3025.627 3228.279 3535.303 545.598369362 597.487253115 637.506061388 34.0998980851 37.3429533197 39.8441288368
129472 8192 3548.243 3639.797 4142.364 512.091464681 582.798779163 597.836520216 32.0057165425 36.4249236977 37.3647825135
142400 4096 2270.422 2482.194 2806.618 415.639321062 469.963588664 513.799108712 25.9774575664 29.3727242915 32.1124442945
156640 4096 3313.014 3688.329 3691.368 347.620416063 347.906838029 387.319486124 21.7262760039 21.7441773768 24.2074678827
172288 4096 3564.18 4054.969 4078.59 346.046868158 348.062659912 395.991026267 21.6279292599 21.7539162445 24.7494391417
189504 4096 3905.322 4475.594 4496.303 345.265158509 346.862733304 397.513129007 21.5790724068 21.6789208315 24.8445705629
208448 4096 4901.017 5236.26 5659.29 301.735026125 326.111769851 348.418709015 18.8584391328 20.3819856157 21.7761693134
229280 4096 4822.106 5422.636 5632.673 333.458334968 346.374302092 389.510674382 20.8411459355 21.6483938808 24.3444171489
252192 4096 5277.819 5995.331 6724.549 307.226085199 344.594295795 391.441401079 19.2016303249 21.5371434872 24.4650875674
277408 2048 3158.785 3407.494 3498.149 324.818401961 333.4600642 359.71526014 20.3011501225 20.8412540125 22.4822037587
305120 2048 3393.369 3560.952 4226.811 295.677171276 350.965562018 368.298148536 18.4798232048 21.9353476261 23.0186342835
335616 2048 3460.525 3911.917 5184.43 265.156080032 351.409075397 397.246988824 16.572255002 21.9630672123 24.8279368015
369152 2048 3788.667 4313.456 5172.919 292.300457827 350.541791084 399.097252939 18.2687786142 21.9088619427 24.9435783087
406048 2048 4625.417 4760.822 5484.191 303.266718464 349.345681901 359.572468385 18.954169904 21.8341051188 22.4732792741
446624 2048 5186.994 5624.037 6303.043 290.236303957 325.277359306 352.684407192 18.1397689973 20.3298349566 22.0427754495
491264 2048 5124.731 5768.443 6349.98 316.885619167 348.83197147 392.648383691 19.805351198 21.8019982168 24.5405239807
540384 1024 2816.888 3166.83 4264.793 259.498276235 349.468216481 392.882653481 16.2186422647 21.8417635301 24.5551658426
594400 1024 3472.859 3598.758 4149.404 293.374952162 338.264256724 350.527101734 18.3359345101 21.1415160453 21.9079438584
653824 1024 3527.029 3988.34 4517.231 296.427513227 335.736560073 379.648580151 18.5267195767 20.9835350045 23.7280362594
719200 1024 3694.385 4181.343 6075.89 242.420715319 352.260410112 398.691960908 15.1512947074 22.016275632 24.9182475568
791104 1024 4096.135 4792.283 6010.103 269.576243868 338.081242698 395.538963437 16.8485152418 21.1300776686 24.7211852148
870208 1024 4708.088 5126.344 6083.954 292.932192452 347.652436902 378.537101261 18.3082620283 21.7282773064 23.6585688288
957216 1024 4938.546 5550.685 6990.717 280.425937425 353.177737162 396.95456274 17.5266210891 22.0736085726 24.8096601712
1052928 512 2754.31 3058.223 4133.581 260.838791353 352.557113069 391.458576558 16.3024244596 22.0348195668 24.4661610349
1158208 512 3361.896 3459.683 3750.465 316.228785497 342.807416749 352.778608262 19.7642990936 21.4254635468 22.0486630163
1274016 512 3701.802 3991.773 5137.803 253.92028149 326.820283618 352.420897714 15.8700175931 20.4262677261 22.0263061071
1401408 512 3770.228 4069.812 4705.662 304.960660583 352.606408355 380.624670975 19.0600412864 22.0379005222 23.7890419359
1541536 512 4356.138 4461.804 6111.059 258.307580405 353.788033719 362.369801875 16.1442237753 22.1117521074 22.6481126172
1695680 512 4362.584 4908.318 6206.343 279.774469442 353.761985267 398.01556142 17.4859043401 22.1101240792 24.8759725887
1865248 512 5120.788 5565.281 7203.706 265.143240438 343.201709312 372.99219417 16.5714525274 21.450106832 23.3120121356
2051744 512 5134.735 6687.029 6780.499 309.857114646 314.188237557 409.171233959 19.3660696654 19.6367648473 25.5732021224
2256896 256 2928.165 3262.804 4308.088 268.223572035 354.152671138 394.626242715 16.7639732522 22.1345419461 24.6641401697
2482560 256 3271.042 3657.747 4708.389 269.958731107 347.500994465 388.582818564 16.8724206942 21.718812154 24.2864261602
2730816 256 3950.803 4401.507 4836.717 289.075790872 317.658881833 353.897117118 18.0672369295 19.8536801146 22.1185698199
3003872 256 4333.442 4442.519 4711.987 326.397858059 346.196035177 354.9101301 20.3998661287 21.6372521986 22.1818831312
3304256 256 4791.249 5369.96 5550.885 304.776458529 315.045004432 353.097714604 19.048528658 19.690312777 22.0686071628
3634656 256 5344.286 6157.933 6352.286 292.956562724 302.202682621 348.211879379 18.3097851703 18.8876676638 21.7632424612
3998112 256 6012.423 6490.506 7111.917 287.831444602 315.388868603 340.467286483 17.9894652876 19.7118042877 21.2792054052
4397920 128 3842.157 3918.674 4270.047 263.666306249 287.308288467 293.030066184 16.4791441406 17.9567680292 18.3143791365
4837696 128 5055.085 5099.361 5245.9 236.079638575 242.863797248 244.990969687 14.7549774109 15.178987328 15.3119356054
5321440 128 6248.735 6254.867 6270.001 217.270880818 217.796579847 218.010307686 13.5794300511 13.6122862405 13.6256442304
5853568 128 7360.681 7480.519 7726.377 193.947746531 200.322117757 203.583528209 12.1217341582 12.5201323598 12.7239705131
6438912 128 8555.979 8836.071 9277.256 177.677696077 186.549142939 192.656091372 11.1048560048 11.6593214337 12.0410057107
7082784 128 10089.476 10298.208 11083.603 163.592353858 176.068759147 179.7112857 10.2245221161 11.0042974467 11.2319553563
7791040 128 10945.475 11025.41 11515.792 173.197487416 180.900868086 182.221990366 10.8248429635 11.3063042554 11.3888743979
8570144 64 6223.882 6229.373 6337.283 173.099170733 176.097727974 176.253089631 10.8186981708 11.0061079983 11.0158181019
9427136 64 6622.859 6753.92 7179.462 168.072956999 178.662674121 182.198263318 10.5045598124 11.1664171326 11.3873914574
10369824 64 7481.333 7550.703 7812.171 169.906351512 175.789919429 177.419915943 10.6191469695 10.9868699643 11.0887447464
11406784 64 8064.575 8112.58 8444.71 172.89739399 179.975834075 181.047154004 10.8060871244 11.2484896297 11.3154471252
12547456 64 9174.975 9300.564 9317.339 172.374791558 172.68569605 175.049454413 10.7734244724 10.7928560031 10.9405909008
13802176 64 9779.446 10392.579 10859.438 162.685999773 169.994236079 180.652209542 10.1678749858 10.624639755 11.2907630964
15182368 64 10893.116 11476.604 11628.135 167.124229638 169.330849439 178.401029054 10.4452643524 10.58317809 11.1500643158
16700576 64 12026.753 12686.68 12919.137 165.4656753 168.497489335 177.74321365 10.3416047063 10.5310930835 11.1089508532
18370624 32 6556.734 6825.085 7013.268 167.642236971 172.264511871 179.314874753 10.4776398107 10.7665319919 11.2071796721
20207680 32 7336.8 7450.101 9528.133 135.733991119 173.593823762 176.274604732 8.48337444492 10.8496139851 11.0171627958
22228448 32 8059.585 8336.199 10168.798 139.900573499 170.655795525 176.512893902 8.74378584372 10.6659872203 11.0320558689
24451264 32 8969.006 9031.529 9336.223 167.61391582 173.268656503 174.476513451 10.4758697388 10.8292910315 10.9047820907
26896384 32 10038.988 10087.915 10249.479 167.946934278 170.636705008 171.468336848 10.4966833924 10.664794063 10.716771053
29586016 32 11301.41 11458.23 13949.546 135.739544785 165.252837829 167.545910112 8.48372154907 10.3283023643 10.471619382
32544608 32 12828.789 12906.751 13013.203 160.057052211 161.377167035 162.357874309 10.0035657632 10.0860729397 10.1473671443
35799040 16 7545.326 7592.843 10617.561 107.893826087 150.874880463 151.825021212 6.74336413043 9.42968002894 9.48906382574
39378944 16 8647.984 8742.061 9389.11 134.211464984 144.145208779 145.713290866 8.38821656153 9.00907554866 9.10708067915
43316832 16 10213.903 10283.179 10321.748 134.29301161 134.796702848 135.710964163 8.39331322563 8.42479392803 8.4819352602
47648512 16 11925.044 11992.28 12271.854 124.247924071 127.144494958 127.861363363 7.76549525443 7.9465309349 7.99133521017
52413344 16 14386.838 14455.199 14799.181 113.33242076 116.029326749 116.580655735 7.08327629752 7.25183292184 7.28629098347
57654656 16 17254.287 17682.219 18170.241 101.53684764 104.339223035 106.926991072 6.3460529775 6.52120143971 6.68293694199
63420096 16 20504.041 20839.137 21518.996 94.3093754002 97.3861380152 98.9777123446 5.89433596251 6.08663362595 6.18610702154
69762080 8 12157.713 12320.106 12634.734 88.3432354017 90.5993243889 91.8094776542 5.52145221261 5.66245777431 5.73809235339
76738272 8 14240.91 14627.962 15646.53 78.4718625791 83.9359817861 86.2172678572 4.90449141119 5.24599886163 5.38857924107
84412096 8 16287.793 16971.42 17431.0 77.4822750273 79.5804673975 82.9205980209 4.8426421892 4.97377921235 5.1825373763
92853280 8 18629.293 19413.459 19530.453 76.0685110581 76.5269331962 79.7481944162 4.75428194113 4.78293332476 4.98426215101
102138592 8 21579.79 22063.508 22299.706 73.2842608777 74.0687959503 75.7290720623 4.58026630486 4.62929974689 4.7330670039
112352448 8 24301.334 24909.83 32010.971 56.1569709335 72.1658545241 73.9728595969 3.50981068334 4.51036590776 4.62330372481
123587680 8 27450.807 27786.166 29411.825 67.2315600953 71.1650135539 72.0344170574 4.20197250596 4.44781334712 4.50215106609
135946432 4 15592.234 15746.189 16591.988 65.5479895477 69.06886841 69.7508423745 4.09674934673 4.31680427563 4.3594276484
149541056 4 17562.868 17698.694 19137.25 62.513080406 67.5941653096 68.1169184896 3.90706752538 4.22463533185 4.2573074056
164495136 4 19572.584 19757.318 21067.289 62.4646620645 66.6062614369 67.234918394 3.90404137903 4.16289133981 4.20218239963
180944640 4 21929.842 22155.521 24696.849 58.6130287309 65.3361805394 66.008552182 3.66331429568 4.08351128371 4.12553451137
199039104 4 24685.111 25293.965 27261.022 58.4098729681 62.9522825702 64.5049897487 3.6506170605 3.93451766064 4.03156185929
218943008 4 27442.856 27519.885 30708.717 57.037357308 63.6464892204 63.8251377335 3.56483483175 3.97790557628 3.98907110834
240837280 4 30492.396 30611.108 32781.367 58.7741883979 62.9411467236 63.1861871399 3.67338677487 3.93382167023 3.94913669624
264920992 4 33768.973 34333.365 36309.867 58.36892589 61.7291062499 62.7608051924 3.64805786813 3.85806914062 3.92255032452
291413088 2 18955.375 19097.67 20088.058 58.0271299495 61.0363647503 61.49455508 3.62669562185 3.81477279689 3.8434096925
320554368 2 20970.745 21080.381 22089.949 58.045288923 60.8251564334 61.1431530926 3.62783055769 3.80157227709 3.82144706828
352609792 2 23229.237 23446.228 24539.535 57.4761978171 60.156335936 60.7182736136 3.59226236357 3.759770996 3.79489210085
387870752 2 25819.35 25950.717 39783.514 38.9981389779 59.7857472686 60.0899328604 2.43738368612 3.73660920429 3.75562080378
426657824 2 28617.964 28659.563 30108.673 56.6823817177 59.548406094 59.6349655063 3.54264885736 3.72177538087 3.72718534414
469323584 2 31622.661 31761.851 33269.964 56.4261006114 59.1053190193 59.3654764221 3.52663128821 3.69408243871 3.71034227638
516255936 2 35024.768 35278.337 36828.927 56.0707007293 58.5351782313 58.9589556739 3.50441879558 3.65844863946 3.68493472962
567881504 1 29724.167 30114.183 30771.623 36.9094281442 37.7152190382 38.2100870312 2.30683925901 2.35720118988 2.38813043945
624669632 1 32006.853 32828.524 33917.432 36.8347245157 38.0565164611 39.0334927336 2.30217028223 2.37853227882 2.43959329585
687136576 1 36661.517 37417.509 54338.908 25.2907760311 36.728077008 37.4854415326 1.58067350194 2.295504813 2.34284009579
755850208 1 38755.455 40195.186 56987.538 26.526859539 37.6089916837 39.0061325819 1.65792872119 2.35056198023 2.43788328637
831435200 1 42143.24 42768.172 44425.796 37.4302893751 38.8810258245 39.4575832328 2.33939308594 2.43006411403 2.46609895205
914578720 1 46789.488 50349.544 66933.792 27.3278621358 36.3291758908 39.0933416497 1.70799138349 2.27057349318 2.44333385311
1006036576 1 51726.49 52142.78 57690.552 34.8769960114 38.5877613737 38.8983121028 2.17981225071 2.41173508585 2.43114450642

META_DATA
ERT_VERSION  1.1.0
TIMESTAMP_DATA  1560424193.7
HOSTNAME  ('kcadmin-UniServer-R5200-G3', [], ['127.0.1.1'])
OPENMP_THREADS 1
CONFIG  {'ERT_WORKING_SET_MIN': ['1'], 'ERT_CFLAGS': ['-O3', '-march=native', '-fstrict-aliasing', '-ftree-vectorize'], 'ERT_CC': ['gcc'], 'ERT_MPI_CFLAGS': ['-I/usr/local/include'], 'ERT_MPI_LDFLAGS': ['-L/usr/local/lib', '-lmpi'], 'ERT_MEMORY_MAX': ['1073741824'], 'ERT_PROCS_THREADS': ['1-8'], 'ERT_LDFLAGS': [], 'ERT_LDLIBS': [], 'ERT_RUN': ['export', 'OMP_NUM_THREADS=ERT_OPENMP_THREADS;', 'mpirun', '-np', 'ERT_MPI_PROCS', 'ERT_CODE'], 'ERT_FLOPS': ['1,2,4,8,16'], 'ERT_OPENMP_CFLAGS': ['-fopenmp'], 'ERT_MPI': ['True'], 'ERT_TRIALS_MIN': ['1'], 'ERT_DRIVER': ['driver1'], 'ERT_RESULTS': ['Results.p100.01'], 'ERT_OPENMP': ['True'], 'ERT_MPI_PROCS': ['1,2,4,8'], 'ERT_KERNEL': ['kernel1'], 'ERT_GPU': [False], 'ERT_OPENMP_THREADS': ['1,2,4,8'], 'ERT_LD': ['gcc'], 'ERT_NUM_EXPERIMENTS': ['3'], 'ERT_OPENMP_LDFLAGS': ['-fopenmp'], 'ERT_ALIGN': ['32'], 'ERT_GNUPLOT': ['gnuplot']}
FLOPS          1
TIMESTAMP_DATA  1560424189.32
MPI_PROCS      4
TIMESTAMP_DATA  1560424184.9
UNAME  ('Linux', 'kcadmin-UniServer-R5200-G3', '4.4.0-141-generic', '#167-Ubuntu SMP Wed Dec 5 10:40:15 UTC 2018', 'x86_64', 'x86_64')
