32 33554432 101280.619 101442.277 114035.244 18.8317538743 21.1695134564 21.2033029537 1.17698461714 1.32309459103 1.32520643461
64 16777216 50558.1 50892.344 53208.475 40.359804486 42.1965953857 42.4755607509 2.52248778038 2.63728721161 2.65472254693
96 8388608 25248.004 25913.808 25998.856 61.9493694646 62.1526846228 63.7916857111 3.87183559154 3.88454278893 3.98698035694
128 8388608 24454.0 25156.243 25252.048 85.0419596858 85.3658333639 87.8172752106 5.31512248036 5.33536458524 5.48857970066
160 4194304 12175.315 12422.878 12636.019 106.218365135 108.040768009 110.237581533 6.63864782096 6.75254800055 6.8898488458
192 4194304 13691.864 13984.312 14040.388 114.712836711 115.172826236 117.632831877 7.16955229442 7.19830163972 7.35205199234
224 4194304 14898.481 15051.414 15437.011 121.723576669 124.841971126 126.123474735 7.60772354182 7.8026231954 7.88271717097
256 4194304 17669.368 17797.84 18966.458 113.225339597 120.659790626 121.537094479 7.07658372481 7.54123691414 7.59606840494
288 2097152 9532.493 9637.96 10484.776 115.210811561 125.333530332 126.720213904 7.20067572259 7.83334564576 7.92001336901
320 2097152 10191.796 10222.119 10951.965 122.551275502 131.301277162 131.69192947 7.65945471886 8.20632982261 8.23074559185
352 2097152 10892.521 11607.397 11942.975 123.620371641 127.194323413 135.542085069 7.72627322757 7.94964521331 8.47138031682
384 2097152 12188.729 12772.118 13160.036 122.386651222 126.103809564 132.139514793 7.64916570137 7.88148809775 8.25871967455
416 2097152 13387.139 13661.15 13885.224 125.660951815 127.722077863 130.336322346 7.85380948842 7.98262986645 8.14602014665
448 2097152 8194.268 8688.676 9101.131 206.463151887 216.26404207 229.312513577 12.903946993 13.5165026294 14.3320320985
480 2097152 8741.512 10116.651 13951.274 144.306958633 199.005176713 230.310948495 9.01918491458 12.4378235446 14.3944342809
512 2097152 10052.356 11359.812 12340.391 174.020713606 189.042182036 213.629884178 10.8762946004 11.8151363773 13.3518677611
544 1048576 5275.529 6070.96 7397.608 154.218862097 187.91932215 216.253325117 9.63867888107 11.7449576344 13.5158328198
576 1048576 5651.97 6291.323 6476.092 186.52600241 192.004058924 213.723631229 11.6578751506 12.0002536827 13.3577269518
608 1048576 6163.81 6363.579 7082.616 180.02789026 200.369700133 206.863679445 11.2517431412 12.5231062583 12.9289799653
640 1048576 6633.222 7166.715 7685.477 174.638123307 187.279287651 202.341679504 10.9148827067 11.7049554782 12.646354969
704 1048576 4617.594 4912.983 5259.471 280.711692868 300.508877804 319.732529105 17.5444808042 18.7818048627 19.9832830691
768 1048576 5314.391 5391.629 6068.326 265.413020988 298.724696377 303.066284735 16.5883138117 18.6702935235 18.9416427959
832 1048576 6413.349 6511.871 7283.879 239.546876602 267.946103969 272.062297561 14.9716797877 16.7466314981 17.0038935976
896 1048576 7023.932 7208.143 7686.118 244.47298259 260.684089092 267.520840464 15.2795614119 16.2927555683 16.720052529
960 1048576 5040.205 5260.452 5589.662 360.176683313 382.717287412 399.441276694 22.5110427071 23.9198304632 24.9650797934
1056 524288 3258.266 3260.271 3417.308 324.025887043 339.633194909 339.842190908 20.2516179402 21.2270746818 21.2401369317
1152 524288 3928.315 3937.481 4235.638 285.189516196 306.784858644 307.500684645 17.8243447622 19.1740536653 19.2187927903
1248 524288 3020.527 3092.385 3210.822 407.566301713 423.175913736 433.243221464 25.4728938571 26.4484946085 27.0777013415
1344 524288 3762.7 3808.645 3936.369 358.016777391 370.022972474 374.541192229 22.3760485869 23.1264357797 23.4088245143
1472 524288 3096.402 3196.933 3284.332 469.959758027 482.807701006 498.483036763 29.3724848767 30.1754813129 31.1551897977
1600 524288 3905.631 3937.048 4338.444 386.71044273 426.136943212 429.564800156 24.1694026706 26.6335589508 26.8478000098
1760 524288 3597.679 3795.696 3807.646 484.681023393 486.206945972 512.967877345 30.2925639621 30.3879341233 32.0604923341
1920 524288 4564.687 4602.743 4987.204 403.686297974 437.405677441 441.052348168 25.2303936234 27.33785484 27.5657717605
2112 262144 2270.213 2292.747 2392.502 462.819364832 482.956146492 487.749940644 28.926210302 30.1847591557 30.4843712903
2304 262144 2206.815 2400.716 2491.456 484.840812762 503.1663687 547.376899287 30.3025507976 31.4478980438 34.2110562054
2528 262144 2470.242 3034.499 3543.51 374.035931605 436.777228795 536.546647656 23.3772457253 27.2985767997 33.5341654785
2752 262144 2663.686 2695.122 2842.387 507.615808825 535.35260222 541.67066839 31.7259880516 33.4595376387 33.8544167743
3008 262144 2848.127 2849.933 3317.338 475.398739592 553.366799851 553.717690257 29.7124212245 34.5854249907 34.6073556411
3296 262144 3708.556 3832.611 3919.04 440.937894995 450.881461228 465.963908324 27.5586184372 28.1800913268 29.1227442703
3616 262144 3518.167 4111.625 4139.262 458.01048786 461.089084729 538.867372697 28.6256554912 28.8180677956 33.6792107936
3968 262144 4892.987 5007.951 7339.715 283.44081262 415.414364877 425.17480304 17.7150507888 25.9633978048 26.57342519
4352 131072 2416.276 2450.659 3477.055 328.108323855 465.528124476 472.152472648 20.5067702409 29.0955077797 29.5095295405
4768 131072 2753.604 3036.833 3052.53 409.464474387 411.5809437 453.915157009 25.5915296492 25.7238089813 28.369697313
5216 131072 2912.712 2912.72 3464.272 394.698540992 469.438567387 469.439856738 24.668658812 29.3399104617 29.3399910461
5728 131072 3140.044 3164.32 3196.407 469.765218259 474.528755625 478.197385769 29.3603261412 29.6580472266 29.8873366106
6272 131072 3414.2 3419.3 3564.658 461.241209676 480.849053315 481.567327046 28.8275756047 30.0530658322 30.0979579404
6880 131072 3105.829 3504.729 3514.215 513.215816335 514.604900978 580.698654047 32.0759885209 32.1628063111 36.2936658779
7552 131072 3503.888 3965.093 4077.75 485.491138005 499.285007439 565.004214747 30.3431961253 31.2053129649 35.3127634217
8288 65536 1940.11 2305.548 2478.835 438.240034532 471.178538031 559.929455546 27.3900021583 29.4486586269 34.9955909716
9088 65536 2028.781 2456.857 2457.813 484.651328641 484.83991376 587.141902453 30.29070804 30.30249461 36.6963689033
9984 65536 2085.788 2559.962 2993.852 437.10338654 511.188387953 627.399739571 27.3189616588 31.949274247 39.2124837232
10976 65536 2727.043 2763.195 2768.933 519.567021665 520.645945002 527.548070199 32.4729388541 32.5403715626 32.9717543874
12064 65536 2666.223 3272.748 3295.337 479.845493192 483.157459114 593.068399755 29.9903433245 30.1973411946 37.0667749847
13248 65536 2696.748 3280.258 3666.563 473.588441273 529.361366088 643.90215771 29.5992775796 33.0850853805 40.2438848569
14560 65536 3049.98 3851.571 3892.05 490.334995696 495.488287766 625.71174893 30.645937231 30.9680179854 39.1069843081
16000 65536 3503.728 4264.789 4869.672 430.655699193 491.736402434 598.548745793 26.9159811996 30.7335251521 37.4092966121
17600 32768 1944.32 2263.464 2273.898 507.249489643 509.587782266 593.23238973 31.7030931027 31.8492363917 37.0770243581
19360 32768 2302.716 2939.055 3059.301 414.727730289 431.695548399 550.99150742 25.920483143 26.9809717749 34.4369692137
21280 32768 2555.363 2805.105 3214.605 433.834352899 497.167157736 545.756544178 27.1146470562 31.0729473585 34.1097840111
23392 32768 2421.544 2905.17 3048.146 502.934607463 527.686198054 633.074646589 31.4334129664 32.9803873784 39.5671654118
25728 32768 2853.158 3532.807 3699.184 455.80598532 477.272097796 590.962788601 28.4878740825 29.8295061123 36.9351742876
28288 32768 3225.658 3836.583 4304.607 430.674012285 483.211849711 574.729983154 26.9171257678 30.2007406069 35.9206239471
31104 32768 3900.291 4078.983 6424.774 317.276801332 499.740191121 522.635809482 19.8298000832 31.2337619451 32.6647380926
34208 16384 1854.027 2272.161 2539.588 441.381729635 493.331125743 604.590841449 27.5863581022 30.833195359 37.7869275906
37600 16384 2022.736 2532.445 2743.023 449.167506069 486.516706187 609.113992137 28.0729691293 30.4072941367 38.0696245086
41344 16384 2192.065 2663.035 2941.551 460.559817593 508.727895803 618.029206251 28.7849885996 31.7954934877 38.6268253907
45472 16384 2575.446 2878.245 3481.15 428.0270876 517.685775881 578.550859152 26.751692975 32.3553609925 36.159428697
50016 16384 2747.817 3170.641 3366.175 486.880298261 516.906293712 596.445937994 30.4300186413 32.306643357 37.2778711246
55008 16384 3015.466 3393.552 5327.471 338.341052255 531.155009265 597.752434947 21.146315766 33.197188079 37.3595271842
60480 16384 3194.025 3687.97 4531.732 437.318146792 537.371139136 620.473740813 27.3323841745 33.585696196 38.7796088008
66528 8192 2081.071 2311.309 3699.274 294.650991519 471.591964553 523.766249205 18.4156869699 29.4744977846 32.7353905753
73152 8192 1892.46 2028.504 2100.532 570.580390111 590.84052484 633.31450493 35.6612743819 36.9275328025 39.5821565581
80448 8192 2076.882 2167.735 2294.391 574.470537934 608.035591066 634.63404854 35.9044086208 38.0022244416 39.6646280338
88480 8192 2269.773 2333.327 2434.538 595.454381899 621.282966339 638.678986841 37.2158988687 38.8301853962 39.9174366776
97312 8192 2484.78 2603.518 2679.936 594.924583274 612.386704451 641.650290167 37.1827864546 38.2741690282 40.1031431354
107040 8192 2763.565 2943.915 2950.227 594.44353265 595.718069306 634.594576209 37.1527207906 37.2323793316 39.662161013
117728 8192 3016.39 3075.309 3401.459 567.067117963 627.20707155 639.458276947 35.4416948727 39.2004419718 39.9661423092
129472 8192 3141.556 3290.793 3418.434 620.538307307 644.607317446 675.228850926 38.7836442067 40.2879573404 42.2018031829
142400 4096 2195.395 2404.254 2556.631 456.280472231 485.198652056 531.358047185 28.5175295144 30.3249157535 33.2098779491
156640 4096 3373.818 3379.918 3471.495 369.637542327 379.65266613 380.339093573 23.1023463954 23.7282916331 23.7711933483
172288 4096 3683.25 3716.028 3827.786 368.720533489 379.809650519 383.189654789 23.045033343 23.7381031575 23.9493534243
189504 4096 4045.403 4130.83 4236.867 366.406773684 375.812310843 383.748360299 22.9004233553 23.4882694277 23.9842725187
208448 4096 4464.37 5041.717 5315.628 321.242573032 338.695332562 382.49652605 20.0776608145 21.1684582851 23.9060328781
229280 4096 4921.214 4965.876 5347.283 351.255349679 378.233721503 381.66634493 21.953459355 23.6396075939 23.8541465581
252192 4096 5359.437 5369.567 5561.653 371.464538331 384.752972446 385.480203238 23.2165336457 24.0470607779 24.0925127024
277408 2048 2911.088 3089.72 3103.476 366.125972297 367.756032262 390.322507599 22.8828732686 22.9847520164 24.3951567249
305120 2048 3287.135 3358.881 3666.03 340.905971855 372.079725361 380.200849676 21.3066232409 23.2549828351 23.7625531048
335616 2048 3659.288 3714.594 3855.097 356.588468721 370.076281822 375.66956632 22.286779295 23.1297676139 23.479347895
369152 2048 3966.874 4054.194 4460.612 338.977385166 372.958618162 381.16829322 21.1860865729 23.3099136351 23.8230183263
406048 2048 4320.772 4532.886 4572.976 363.695896939 366.91251622 384.924871759 22.7309935587 22.9320322638 24.0578044849
446624 2048 4711.531 4725.24 4896.098 373.638743342 387.148992221 388.275467995 23.3524214589 24.1968120138 24.2672167497
491264 2048 5150.763 7369.743 7405.238 271.72892269 273.037654637 390.663935421 16.9830576681 17.0648534148 24.4164959638
540384 1024 2907.939 3000.989 3066.906 360.854369844 368.780569339 380.581034196 22.5533981152 23.0487855837 23.7863146373
594400 1024 3277.598 3281.642 3298.699 369.033731177 370.951858856 371.409550531 23.0646081986 23.1844911785 23.2130969082
653824 1024 3497.025 3561.322 3586.135 373.391283931 375.992834122 382.905913455 23.3369552457 23.4995521326 23.9316195909
719200 1024 3878.152 3880.666 4360.666 337.774459223 379.553818855 379.79986344 21.1109037014 23.7221136784 23.737491465
791104 1024 4213.73 4218.562 4334.632 373.775903468 384.06001666 384.500428836 23.3609939667 24.0037510412 24.0312768023
870208 1024 4839.291 4941.2 6665.589 267.371118141 360.678779244 368.274192232 16.7106948838 22.5424237027 23.0171370145
957216 1024 4992.838 5010.685 5176.329 378.719816302 391.239594586 392.638088398 23.6699885189 24.4524746616 24.5398805249
1052928 512 2932.487 3007.263 3454.083 312.151813376 358.531419434 367.673674939 19.509488336 22.4082137146 22.9796046837
1158208 512 2967.944 3209.379 3212.994 369.127670951 369.543451241 399.604908988 23.0704794344 23.0964657026 24.9753068117
1274016 512 3406.964 3418.799 3476.541 375.255860351 381.59376553 382.919333459 23.4534912719 23.8496103456 23.9324583412
1401408 512 3751.034 3752.729 3784.533 379.185963499 382.399526318 382.572323258 23.6991227187 23.8999703949 23.9107702036
1541536 512 4117.684 4125.696 4265.378 370.080415851 382.610076942 383.354542019 23.1300259907 23.9131298089 23.9596588762
1695680 512 4417.073 4481.379 4507.475 385.221508716 387.464733512 393.105642583 24.0763442948 24.2165458445 24.5691026614
1865248 512 5112.737 5403.241 5587.833 341.816577553 353.49412547 373.579543012 21.3635360971 22.0933828419 23.3487214382
2051744 512 5377.188 5447.611 8005.874 262.430542374 385.671050301 390.722038359 16.4019088984 24.1044406438 24.4201273974
2256896 256 3132.055 3140.294 4342.137 266.120288697 367.968971058 368.93692863 16.6325180435 22.9980606911 23.0585580394
2482560 256 3313.928 3361.156 4779.606 265.936296841 378.164750461 383.554114634 16.6210185526 23.6352969038 23.9721321646
2730816 256 3654.556 3997.469 5255.734 266.029025061 349.765762286 382.584859009 16.6268140663 21.8603601429 23.9115536881
3003872 256 4300.619 4543.551 5088.92 302.221780653 338.49789823 357.618859983 18.8888612908 21.1561186394 22.3511787489
3304256 256 4736.933 5156.594 5278.878 320.480805201 328.080719948 357.1465064 20.0300503251 20.5050449968 22.32165665
3634656 256 5852.076 6220.848 6656.396 279.57228987 299.146333747 317.997215347 17.4732681169 18.6966458592 19.8748259592
3998112 256 6683.575 6955.431 7122.003 287.423825011 294.307188728 306.278203506 17.9639890632 18.3941992955 19.1423877191
4397920 128 4294.474 4338.185 4394.404 256.204827776 259.525013341 262.166570341 16.012801736 16.2203133338 16.3854106463
4837696 128 4859.377 5070.456 5636.405 219.723418739 244.248283784 254.857809139 13.7327136712 15.2655177365 15.9286130712
5321440 128 5949.71 6301.542 6851.619 198.827261119 216.183378608 228.967233697 12.4267038199 13.511461163 14.3104521061
5853568 128 7372.703 8170.946 8195.451 182.846973034 183.395338557 203.251562961 11.4279358146 11.4622086598 12.7032226851
6438912 128 8750.262 9144.907 9295.212 177.334467681 180.249123583 188.378527637 11.08340423 11.265570224 11.7736579773
7082784 128 9883.403 10009.641 10259.364 176.735390615 181.144628863 183.458339602 11.0459619134 11.321539304 11.4661462251
7791040 128 10962.952 11661.353 11904.226 167.546066414 171.03557709 181.931494364 10.4716291509 10.6897235681 11.3707183977
8570144 64 6196.675 6413.72 7120.937 154.049731377 171.036221101 177.026942998 9.62810821104 10.6897638188 11.0641839374
9427136 64 6798.288 7050.059 7924.78 152.265855708 171.157916267 177.496659159 9.51661598177 10.6973697667 11.0935411974
10369824 64 7519.719 7740.962 8589.713 154.526405248 171.469317638 176.514238364 9.65790032799 10.7168323524 11.0321398978
11406784 64 8466.557 8687.203 9713.875 150.307508795 168.07116767 172.451251672 9.39421929971 10.5044479794 10.7782032295
12547456 64 8943.048 9335.942 10702.772 150.06153247 172.031313819 179.589147682 9.37884577939 10.7519571137 11.2243217301
13802176 64 9846.322 10402.507 11230.228 157.314573489 169.831996076 179.425223754 9.83216084304 10.6144997547 11.2140764846
15182368 64 11149.452 11243.085 12595.024 154.29451377 172.847853058 174.29942781 9.64340711062 10.8029908161 10.8937142382
16700576 64 11984.487 12560.662 15512.645 137.802014292 170.187982767 178.370065235 8.61262589326 10.6367489229 11.1481290772
18370624 32 6702.682 7093.439 7129.205 164.915994981 165.7475219 175.410370953 10.3072496863 10.3592201188 10.9631481846
20207680 32 7265.304 7689.201 8316.135 155.515936189 168.195826849 178.00927807 9.71974601182 10.512239178 11.1255798794
22228448 32 8163.703 8831.91 8936.621 159.189997204 161.077351558 174.261688844 9.94937482523 10.0673344724 10.8913555527
24451264 32 8896.487 9719.783 10773.611 145.251290027 160.999571287 175.898744752 9.07820562669 10.0624732054 10.993671547
26896384 32 9984.866 10977.888 11464.209 150.151534746 156.803255417 172.397764377 9.38447092163 9.80020346354 10.7748602735
29586016 32 11769.413 12360.492 12618.252 150.060802717 153.190101494 160.883556725 9.37880016979 9.5743813434 10.0552222953
32544608 32 12946.724 13811.269 16410.298 126.923649528 150.808366125 160.87891516 7.93272809549 9.4255228828 10.0549321975
35799040 16 7470.589 7705.129 9166.008 124.980174575 148.676197375 153.343903673 7.81126091097 9.29226233591 9.58399397959
39378944 16 8500.185 8960.203 9995.331 126.071483576 140.635899432 148.246915567 7.87946772348 8.78974371451 9.26543222295
43316832 16 10032.531 10436.029 11599.335 119.501559701 132.822419715 138.164399791 7.46884748134 8.30140123221 8.63527498694
47648512 16 11985.82 12659.16 13841.114 110.161102929 120.446568651 127.213022054 6.88506893304 7.52791054067 7.9508138784
52413344 16 15365.308 16459.471 16911.182 99.1785794748 101.900420007 109.156745052 6.19866121718 6.36877625046 6.82229656574
57654656 16 18989.599 19248.702 20355.661 90.635670932 95.8479689695 97.1557636367 5.66472943325 5.9904980606 6.07223522729
63420096 16 22033.527 22660.191 23082.531 87.9211673971 89.5598396324 92.1070454131 5.49507296232 5.59748997703 5.75669033832
69762080 8 12734.517 13125.819 13443.966 83.0255952745 85.0379911532 87.6510102425 5.18909970466 5.31487444707 5.47818814015
76738272 8 14790.921 15180.943 15584.117 78.7861353967 80.8785298779 83.0112169486 4.92413346229 5.05490811737 5.18820105928
84412096 8 16975.892 17567.002 17775.879 75.9790014322 76.8824148822 79.5595033239 4.74868758951 4.80515093014 4.97246895774
92853280 8 19411.948 20065.215 20301.607 73.1790581898 74.0411941761 76.53288995 4.57369113686 4.62757463601 4.78330562188
102138592 8 22269.193 23391.846 25075.6 65.1716199014 69.8626979675 73.384674155 4.07322624384 4.36641862297 4.58654213469
112352448 8 26068.379 26462.618 26878.169 66.8810129142 67.9312669669 68.9586095092 4.18006330714 4.24570418543 4.30991309433
123587680 8 29481.014 29784.368 30243.981 65.3816995851 66.3906274593 67.0737743281 4.08635622407 4.14941421621 4.19211089551
135946432 4 16455.701 16902.847 16988.019 64.0199105028 64.3425013549 66.0908615197 4.00124440643 4.02140633468 4.13067884498
149541056 4 18668.795 18937.43 19110.346 62.6010878087 63.17269281 64.0817175399 3.91256798804 3.94829330062 4.00510734624
164495136 4 21071.827 21293.582 21749.679 60.5048510371 61.8008321944 62.4512097598 3.78155318982 3.86255201215 3.90320060999
180944640 4 23548.636 28373.087 28681.515 50.4700368861 51.0186685009 61.4709539865 3.15437730538 3.18866678131 3.84193462415
199039104 4 26392.051 26398.513 26808.993 59.3947274334 60.3182774727 60.3330461888 3.71217046459 3.76989234204 3.7708153868
218943008 4 29131.382 29533.06 29686.067 59.0022270043 59.3079099829 60.1256769761 3.68763918777 3.70674437393 3.75785481101
240837280 4 32671.706 32892.345 33108.273 58.1938610933 58.5758856658 58.9714611168 3.63711631833 3.66099285411 3.6857163198
264920992 4 36337.296 36454.807 36537.046 58.0060012514 58.1368579458 58.3248664403 3.62537507822 3.63355362161 3.64530415252
291413088 2 20289.725 20919.311 21418.105 54.4236921053 55.7213548764 57.4503770751 3.40148075658 3.48258467977 3.59064856719
320554368 2 22169.896 22412.071 24242.365 52.8915999738 57.2110213286 57.8359714452 3.30572499837 3.57568883304 3.61474821533
352609792 2 24485.547 24747.132 25756.272 54.7609983308 56.9940455322 57.6029266571 3.42256239568 3.56212784576 3.60018291607
387870752 2 27579.475 27731.293 28407.551 54.6151622855 55.9470129287 56.2549870148 3.41344764285 3.49668830804 3.51593668842
426657824 2 30276.793 30432.715 31768.849 53.7202747257 56.0788380531 56.367637616 3.35751717036 3.50492737832 3.522977351
469323584 2 32917.404 53017.479 55348.775 33.9175408308 35.4089702379 57.0304491812 2.11984630193 2.21306063987 3.56440307383
516255936 2 36641.14 36929.904 37653.118 54.8433663316 55.9173872751 56.3580648419 3.42771039572 3.49483670469 3.52237905262
567881504 1 23822.513 38266.925 43024.269 26.3981941913 29.6800176131 47.6760368648 1.64988713696 1.85500110082 2.97975230405
624669632 1 27770.141 41266.558 45288.813 27.5860456753 30.2748599483 44.9885819449 1.72412785471 1.89217874677 2.81178637156
687136576 1 31629.552 46123.113 50707.401 27.1020230755 29.7957588422 43.449023622 1.69387644222 1.86223492764 2.71556397637
755850208 1 36020.284 51257.127 55465.826 27.2546273087 29.4924921563 41.968031568 1.70341420679 1.84328075977 2.623001973
831435200 1 40729.708 66319.652 67668.101 24.5739185144 25.0735694451 40.826965909 1.53586990715 1.56709809032 2.55168536931
914578720 1 54199.7 63832.409 64935.146 28.1689894098 28.6556228827 33.7484790506 1.76056183811 1.79097643017 2.10927994066
1006036576 1 63268.263 65959.571 66283.301 30.3556570304 30.504642791 31.8022505533 1.8972285644 1.90654017444 1.98764065958

META_DATA
ERT_VERSION  1.1.0
HOSTNAME  ('kcadmin-UniServer-R5200-G3', [], ['127.0.1.1'])
MPI_PROCS      1
CONFIG  {'ERT_WORKING_SET_MIN': ['1'], 'ERT_CFLAGS': ['-O3', '-march=native', '-fstrict-aliasing', '-ftree-vectorize'], 'ERT_CC': ['gcc'], 'ERT_MPI_CFLAGS': ['-I/usr/local/include'], 'ERT_MPI_LDFLAGS': ['-L/usr/local/lib', '-lmpi'], 'ERT_MEMORY_MAX': ['1073741824'], 'ERT_PROCS_THREADS': ['1-8'], 'ERT_LDFLAGS': [], 'ERT_LDLIBS': [], 'ERT_RUN': ['export', 'OMP_NUM_THREADS=ERT_OPENMP_THREADS;', 'mpirun', '-np', 'ERT_MPI_PROCS', 'ERT_CODE'], 'ERT_FLOPS': ['1,2,4,8,16'], 'ERT_OPENMP_CFLAGS': ['-fopenmp'], 'ERT_MPI': ['True'], 'ERT_TRIALS_MIN': ['1'], 'ERT_DRIVER': ['driver1'], 'ERT_RESULTS': ['Results.p100.01'], 'ERT_OPENMP': ['True'], 'ERT_MPI_PROCS': ['1,2,4,8'], 'ERT_KERNEL': ['kernel1'], 'ERT_GPU': [False], 'ERT_OPENMP_THREADS': ['1,2,4,8'], 'ERT_LD': ['gcc'], 'ERT_NUM_EXPERIMENTS': ['3'], 'ERT_OPENMP_LDFLAGS': ['-fopenmp'], 'ERT_ALIGN': ['32'], 'ERT_GNUPLOT': ['gnuplot']}
FLOPS          1
OPENMP_THREADS 4
TIMESTAMP_DATA  1560424119.0
TIMESTAMP_DATA  1560424123.37
TIMESTAMP_DATA  1560424127.66
UNAME  ('Linux', 'kcadmin-UniServer-R5200-G3', '4.4.0-141-generic', '#167-Ubuntu SMP Wed Dec 5 10:40:15 UTC 2018', 'x86_64', 'x86_64')
