1024 1048576 578917.027 579009.056 579323.053 3.70688450404 3.70889475 3.70948434377 3.70688450404 3.70889475 3.70948434377
1120 524288 288156.986 288232.088 288352.013 4.07281748368 4.07451206474 4.07557399979 4.07281748368 4.07451206474 4.07557399979
1232 524288 288666.964 288766.146 288931.131 4.4711195624 4.47367411275 4.47521120567 4.4711195624 4.47367411275 4.47521120567
1352 524288 287285.805 287303.925 287451.029 4.93188268253 4.93440788183 4.93471911012 4.93188268253 4.93440788183 4.93471911012
1480 524288 287950.993 288004.16 288022.995 5.38808535062 5.38843772257 5.38943263863 5.38808535062 5.38843772257 5.38943263863
1624 524288 287000.895 287086.964 287127.018 5.93078086438 5.93160831921 5.93338715547 5.93078086438 5.93160831921 5.93338715547
1784 524288 287276.03 287279.129 287431.002 6.50820395498 6.51164458244 6.51171482703 6.50820395498 6.51164458244 6.51171482703
1960 524288 285331.011 285506.964 285697.937 7.19364298385 7.19845474592 7.20289376467 7.19364298385 7.19845474592 7.20289376467
2152 262144 142269.85 142302.99 142380.953 7.92428869331 7.92863014333 7.93047701955 7.92428869331 7.92863014333 7.93047701955
2360 262144 142317.057 142338.991 142358.065 8.69160226363 8.69276697346 8.69410670852 8.69160226363 8.69276697346 8.69410670852
2592 262144 142359.018 142387.867 142420.053 9.54187607275 9.54403296174 9.54596705633 9.54187607275 9.54403296174 9.54596705633
2848 262144 142338.991 142390.966 142418.861 10.4843713362 10.4864252694 10.4902543815 10.4843713362 10.4864252694 10.4902543815
3128 262144 142416.0 142470.121 142520.905 11.5068934203 11.5109950949 11.515369509 11.5068934203 11.5109950949 11.515369509
3440 262144 142338.991 142354.965 142388.821 12.6663786338 12.6693910536 12.6708128766 12.6663786338 12.6693910536 12.6708128766
3784 262144 142984.152 143023.014 143043.995 13.8692001157 13.8712346812 13.8750047768 13.8692001157 13.8712346812 13.8750047768
4160 131072 72166.92 72195.053 72206.02 15.1028825574 15.1051768048 15.1110652914 15.1028825574 15.1051768048 15.1110652914
4576 131072 72623.014 72645.903 72657.108 16.5100287779 16.5125753066 16.5177796669 16.5100287779 16.5125753066 16.5177796669
5032 131072 73750.973 73755.026 73773.146 17.8806066912 17.884999566 17.8859824399 17.8806066912 17.884999566 17.8859824399
5528 131072 76460.123 76474.905 76489.925 18.9453974755 18.949118433 18.9527818573 18.9453974755 18.949118433 18.9527818573
6080 131072 80981.016 81007.004 81032.991 19.6689706295 19.6752804239 19.681594511 19.6689706295 19.6752804239 19.681594511
6688 131072 90502.977 90529.919 90543.032 19.3633793045 19.3661840347 19.3719491901 19.3633793045 19.3661840347 19.3719491901
7352 131072 97659.111 97679.138 97716.093 19.7232884454 19.7307503676 19.7347965619 19.7232884454 19.7307503676 19.7347965619
8080 131072 104387.999 104420.185 104463.816 20.2761453784 20.2846175766 20.2908719421 20.2761453784 20.2846175766 20.2908719421
8888 65536 52249.193 52273.035 52299.976 22.2747317513 22.2862119255 22.2963814197 22.2747317513 22.2862119255 22.2963814197
9776 65536 52237.988 52276.134 52318.096 24.4917145303 24.5113740048 24.5292730647 24.4917145303 24.5113740048 24.5292730647
10752 65536 52254.915 52273.989 52308.083 26.9420338727 26.9596059333 26.9694466827 26.9420338727 26.9596059333 26.9694466827
11824 65536 52264.929 52295.923 52319.05 29.6220081978 29.635108037 29.6526821647 29.6220081978 29.635108037 29.6526821647
13000 65536 52246.809 52282.095 52318.811 32.5683242305 32.591195896 32.6132070573 32.5683242305 32.591195896 32.6132070573
14296 65536 52242.041 52276.134 52309.99 35.821175114 35.8443742607 35.8677661924 35.821175114 35.8443742607 35.8677661924
15720 65536 52258.015 52289.009 52326.918 39.3765182196 39.405065795 39.4284367671 39.3765182196 39.405065795 39.4284367671
17288 32768 26129.961 26131.153 26144.028 43.3363354721 43.3576875846 43.3596654813 43.3363354721 43.3576875846 43.3596654813
19016 32768 26117.086 26139.021 26174.068 47.6132550737 47.677094563 47.7171372028 47.6132550737 47.677094563 47.7171372028
20912 32768 26134.014 26141.882 26145.22 52.4183323759 52.4250255586 52.4408088249 52.4183323759 52.4250255586 52.4408088249
23000 32768 26128.054 26144.028 26160.955 57.6174684754 57.6547730136 57.6900216143 57.6174684754 57.6547730136 57.6900216143
25296 32768 26124.954 26126.862 26153.088 63.3882567137 63.4518854962 63.4565196172 63.3882567137 63.4518854962 63.4565196172
27824 32768 26135.921 26144.981 26164.055 69.6938476853 69.7446926429 69.7688695952 69.6938476853 69.7446926429 69.7688695952
30600 32768 26134.968 26149.988 26154.995 76.6737519927 76.6884328972 76.7325064259 76.6737519927 76.6884328972 76.7325064259
33656 16384 13105.154 13114.929 13118.982 84.0644348776 84.0904139092 84.1531360868 84.0644348776 84.0904139092 84.1531360868
37016 16384 13092.041 13114.929 13122.082 92.4350486455 92.4854635507 92.6471501273 92.4350486455 92.4854635507 92.6471501273
40712 16384 13096.094 13103.008 13129.95 101.603647843 101.812562123 101.866313421 101.603647843 101.812562123 101.866313421
44776 16384 13094.902 13106.108 13117.79 111.849630769 111.949326833 112.045127791 111.849630769 111.949326833 112.045127791
49248 16384 13098.001 13105.154 13108.969 123.103385476 123.139221714 123.206469751 123.103385476 123.139221714 123.206469751
54168 16384 13099.909 13105.154 13119.936 135.288542871 135.441142012 135.49537054 135.288542871 135.441142012 135.49537054
59584 16384 13102.055 13103.008 13118.029 148.837032759 149.007656257 149.01849458 148.837032759 149.007656257 149.01849458
65536 16384 13098.001 13106.108 13113.976 163.755343765 163.853651137 163.955068258 163.755343765 163.853651137 163.955068258
72088 8192 6552.935 6556.988 6561.995 179.989437968 180.126880208 180.23828895 179.989437968 180.126880208 180.23828895
79296 8192 6551.981 6556.034 6567.955 197.806724315 198.166401211 198.28898527 197.806724315 198.166401211 198.28898527
87224 8192 6553.888 6556.034 6558.895 217.883960027 217.979042818 218.050417706 217.883960027 217.979042818 218.050417706
95944 8192 6549.835 6554.127 6561.995 239.553138337 239.840713492 239.997877198 239.553138337 239.840713492 239.997877198
105536 8192 6552.935 6554.842 6559.134 263.617395833 263.790008058 263.866774812 263.617395833 263.790008058 263.866774812
116088 8192 6551.981 6556.988 6559.134 289.975138791 290.070043136 290.291713605 289.975138791 290.070043136 290.291713605
127696 8192 6549.835 6553.888 6556.988 319.075048483 319.225971515 319.423506699 319.075048483 319.225971515 319.423506699
140464 4096 3278.971 3281.116 3286.839 350.087451196 350.698081994 350.927497681 350.087451196 350.698081994 350.927497681
154504 4096 3279.924 3283.024 3283.978 385.415726902 385.527723221 385.892102378 385.415726902 385.527723221 385.892102378
169952 4096 3278.971 3282.785 3283.978 423.951312707 424.105381254 424.59868782 423.951312707 424.105381254 424.59868782
186944 4096 3282.07 3283.978 3287.077 465.898805535 466.338461464 466.609562867 465.898805535 466.338461464 466.609562867
205632 4096 3282.07 3283.978 3288.031 512.324045607 512.956342582 513.254544845 512.324045607 512.956342582 513.254544845
226192 4096 3279.924 3282.785 3284.931 564.080300012 564.44904677 564.941402301 564.080300012 564.44904677 564.941402301
248808 4096 3285.17 3286.123 3288.031 619.895352568 620.255278333 620.435209137 619.895352568 620.255278333 620.435209137
273688 2048 1644.85 1646.042 1648.903 679.861731102 681.043404725 681.536947442 679.861731102 681.043404725 681.536947442
301056 2048 1641.035 1641.989 1645.803 749.254543831 750.994906787 751.431490492 749.254543831 750.994906787 751.431490492
331160 2048 1631.975 1634.121 1639.128 827.532297661 830.06788359 831.159398888 827.532297661 830.06788359 831.159398888
364272 2048 1626.015 1629.114 1629.114 915.870904062 915.870904062 917.616450033 915.870904062 915.870904062 917.616450033
400696 2048 1610.041 1611.948 1616.955 1015.02565996 1018.17851196 1019.38448524 1015.02565996 1018.17851196 1019.38448524
440760 2048 1571.894 1580.0 1588.106 1136.79625919 1142.6284557 1148.52080357 1136.79625919 1142.6284557 1148.52080357
484832 2048 2346.039 2349.854 2356.052 842.881172402 845.104364782 846.478627167 842.881172402 845.104364782 846.478627167
533312 1024 1182.079 1184.94 1188.04 919.348654927 921.753823822 923.984755672 919.348654927 921.753823822 923.984755672
586640 1024 1184.94 1186.132 1196.861 1003.82477163 1012.90473573 1013.92367546 1003.82477163 1012.90473573 1013.92367546
645304 1024 1183.987 1184.94 1187.801 1112.62963409 1115.31604301 1116.21376924 1112.62963409 1115.31604301 1116.21376924
709832 1024 1182.795 1186.132 1188.993 1222.66147572 1225.61058634 1229.06838125 1222.66147572 1225.61058634 1229.06838125
780808 1024 1189.947 1194.0 1195.908 1337.13862939 1339.27536348 1343.83698097 1337.13862939 1339.27536348 1343.83698097
858888 1024 1188.04 1189.947 1191.854 1475.85410965 1478.2193022 1480.59208781 1475.85410965 1478.2193022 1480.59208781
944776 1024 1679.897 1683.95 1688.004 1146.26579558 1149.02535586 1151.79754949 1146.26579558 1149.02535586 1151.79754949
1039248 1024 1673.937 1677.036 1681.089 1266.07211397 1269.1319113 1271.48148586 1266.07211397 1269.1319113 1271.48148586
1143168 512 843.048 844.955 847.816 1380.72887513 1385.4039943 1388.53781991 1380.72887513 1385.4039943 1388.53781991
1257480 512 843.048 844.955 848.055 1518.36793604 1523.93857661 1527.38577163 1518.36793604 1523.93857661 1527.38577163
1383224 512 1049.042 1050.949 1050.949 1347.75462558 1347.75462558 1350.20464004 1347.75462558 1347.75462558 1350.20464004
1521544 512 1091.957 1092.911 1096.01 1421.57558416 1425.60652789 1426.85202439 1421.57558416 1425.60652789 1426.85202439
1673696 512 1095.057 1097.202 1098.871 1559.65959972 1562.03206338 1565.09177513 1559.65959972 1562.03206338 1565.09177513
1841064 512 1280.785 1281.977 1289.129 1462.42116654 1470.57984348 1471.9484816 1462.42116654 1470.57984348 1471.9484816
2025168 512 1369.953 1371.145 1372.099 1511.38659237 1512.4381681 1513.75414485 1511.38659237 1512.4381681 1513.75414485
2227680 256 694.036 694.99 696.898 1636.64145973 1641.13463503 1643.39048695 1636.64145973 1641.13463503 1643.39048695
2450448 256 815.868 816.107 817.06 1535.54130174 1537.33441326 1537.7847593 1535.54130174 1537.33441326 1537.7847593
2695488 256 828.028 828.981 829.22 1664.32292516 1664.80275905 1666.71882593 1664.32292516 1664.80275905 1666.71882593
2965032 256 959.158 961.065 962.973 1576.46827481 1579.59803343 1582.73859364 1576.46827481 1579.59803343 1582.73859364
3261528 256 1082.897 1085.997 1087.904 1534.9721446 1537.66754052 1542.06940826 1534.9721446 1537.66754052 1542.06940826
3587680 256 1364.946 1368.999 1370.907 1339.9101179 1341.77757617 1345.76178105 1339.9101179 1341.77757617 1345.76178105
3946448 256 1643.896 1647.949 1653.194 1222.22883461 1226.11887625 1229.14185326 1222.22883461 1226.11887625 1229.14185326
4341088 128 1276.016 1283.884 1291.99 860.16031703 865.591072091 870.928364535 860.16031703 865.591072091 870.928364535
4775192 128 1854.181 1857.042 1863.003 656.17132769 658.277600614 659.293322497 656.17132769 658.277600614 659.293322497
5252704 128 2210.855 2224.207 2225.876 604.11820964 604.57152774 608.222712028 604.11820964 604.57152774 608.222712028
5777968 128 2579.927 2589.941 2597.094 569.544193626 571.117182978 573.333977279 569.544193626 571.117182978 573.333977279
6355760 128 2923.012 2923.965 2928.972 555.510452131 556.461708673 556.643133863 555.510452131 556.461708673 556.643133863
6991336 128 3268.003 3278.017 3287.077 544.490444246 545.995342916 547.668412789 544.490444246 545.995342916 547.668412789
7690464 128 3633.976 3640.89 3648.043 539.675322906 540.735584981 541.764388097 539.675322906 540.735584981 541.764388097
8459504 64 2042.055 2045.87 2046.824 529.022774796 529.269460914 530.258250635 529.022774796 529.269460914 530.258250635
9305448 64 2260.923 2265.93 2267.122 525.378583067 525.654960215 526.819066372 525.378583067 525.654960215 526.819066372
10235992 64 2495.05 2500.057 2511.978 521.583778202 524.070841585 525.122533015 521.583778202 524.070841585 525.122533015
11259584 64 2734.9 2736.092 2739.906 526.013210672 526.746451508 526.976032762 526.013210672 526.746451508 526.976032762
12385536 64 3012.896 3015.995 3019.094 525.107402419 525.646961616 526.187630771 525.107402419 525.646961616 526.187630771
13624088 64 3328.085 3332.853 3334.045 523.053307319 523.240378138 523.990001457 523.053307319 523.240378138 523.990001457
14986496 64 3664.017 3667.831 3669.977 522.69305448 522.998875357 523.543282687 522.69305448 522.998875357 523.543282687
16485144 64 4034.996 4040.956 4044.056 521.777747885 522.17802718 522.949324361 521.777747885 522.17802718 522.949324361
18133656 32 2229.929 2236.128 2240.896 517.897298224 519.00158846 520.444365717 517.897298224 519.00158846 520.444365717
19947016 32 2459.049 2464.056 2465.963 517.691881022 518.092536858 519.147452531 517.691881022 518.092536858 519.147452531
21941712 32 2701.998 2704.144 2706.051 518.936844871 519.302806359 519.715250714 518.936844871 519.302806359 519.715250714
24135880 32 2985.954 2990.007 2992.153 516.249108919 516.619633332 517.320869645 516.249108919 516.619633332 517.320869645
26549464 32 3274.918 3279.924 3282.07 517.711595426 518.050325556 518.842211011 517.711595426 518.050325556 518.842211011
29204408 32 3618.956 3621.101 3630.161 514.875817354 516.164037402 516.469974214 514.875817354 516.164037402 516.469974214
32124848 32 3967.047 3972.054 3978.968 516.714452592 517.613877354 518.267182617 516.714452592 517.613877354 518.267182617
35337328 16 2191.067 2192.02 2195.12 515.140172747 515.868694629 516.093070636 515.140172747 515.868694629 516.093070636
38871056 16 2417.088 2418.995 2420.187 513.957719796 514.210981007 514.616675934 513.957719796 514.210981007 514.616675934
42758160 16 2651.93 2654.076 2656.221 515.115692557 515.532004359 515.949184179 515.115692557 515.532004359 515.949184179
47033976 16 2927.065 2930.88 2937.078 512.443738981 513.527415657 514.196723339 512.443738981 513.527415657 514.196723339
51737368 16 3216.028 3222.942 3232.956 512.099693284 513.69083775 514.795199544 512.099693284 513.69083775 514.795199544
56911104 16 3525.019 3525.972 3536.94 514.895736993 516.497387954 516.637024651 514.895736993 516.497387954 516.637024651
62602208 16 3886.938 3905.058 3907.919 512.618264606 512.993829029 515.385286825 512.618264606 512.993829029 515.385286825
68862424 8 2120.972 2125.978 2135.992 515.825332679 518.255026157 519.478231679 515.825332679 518.255026157 519.478231679
75748664 8 2340.794 2341.032 2354.86 514.671200836 517.711258966 517.763897208 514.671200836 517.711258966 517.763897208
83323528 8 2577.066 2583.027 2583.981 515.938951563 516.129505421 517.323362304 515.938951563 516.129505421 517.323362304
91655880 8 2830.982 2837.896 2844.095 515.627670665 516.753989575 518.016038251 515.627670665 516.753989575 518.016038251
100821464 8 3114.939 3123.045 3133.059 514.878086879 516.529036245 517.873198801 514.878086879 516.529036245 517.873198801
110903608 8 3430.128 3436.089 3455.877 513.460903846 516.417859956 517.315309516 513.460903846 516.417859956 517.315309516
121993968 8 3780.842 3781.08 3792.048 514.735965368 516.229090101 516.261586176 514.735965368 516.229090101 516.261586176
134193360 8 4161.835 4180.908 4188.776 512.58261602 513.547239021 515.900740899 512.58261602 513.547239021 515.900740899
147612696 4 2282.143 2285.957 2287.865 516.158762864 516.589580644 517.452923853 516.158762864 516.589580644 517.452923853
162373960 4 2509.832 2511.978 2520.084 515.455707032 517.119051202 517.561207284 515.455707032 517.119051202 517.561207284
178611352 4 2763.987 2764.94 2769.947 515.854930076 516.789086201 516.96727083 515.854930076 516.789086201 516.96727083
196472480 4 3046.036 3050.089 3051.996 515.000622543 515.322615176 516.008294058 515.000622543 515.322615176 516.008294058
216119728 4 3345.013 3352.88 3357.172 515.004242857 515.663496457 516.876264457 515.004242857 515.663496457 516.876264457
237731696 4 3679.991 3689.051 3706.932 513.053265612 515.540058405 516.809298718 513.053265612 515.540058405 516.809298718
261504864 4 4049.778 4052.877 4069.09 514.129427464 516.186134442 516.581134077 514.129427464 516.186134442 516.581134077
287655344 2 2220.869 2227.068 2231.836 515.549250035 516.653005656 518.095113219 515.549250035 516.653005656 518.095113219
316420872 2 2443.075 2448.082 2450.943 516.406741405 517.010250474 518.069845584 516.406741405 517.010250474 518.069845584
348062952 2 2687.931 2694.845 2705.097 514.677221556 516.635208333 517.964117382 514.677221556 516.635208333 517.964117382
382869240 2 2960.205 2969.98 2977.133 514.413350025 515.652280487 517.355034533 514.413350025 515.652280487 517.355034533
421156160 2 3262.997 3264.904 3271.103 515.00201614 515.979838917 516.281394068 515.00201614 515.979838917 516.281394068
463271776 2 3583.908 3597.021 3601.789 514.490744461 515.172723206 517.057665543 514.490744461 515.172723206 517.057665543
509598952 2 3939.152 3951.788 3979.921 512.169916941 515.816083251 517.47071654 512.169916941 515.816083251 517.47071654
560558840 1 2166.986 2167.94 2172.947 515.943407732 517.135012962 517.362677931 515.943407732 517.135012962 517.362677931
616614720 1 2377.033 2378.941 2393.007 515.347192883 518.394293932 518.810399351 515.347192883 518.394293932 518.810399351
678276192 1 2621.174 2624.989 2628.088 516.174642554 516.784026143 517.536181879 516.174642554 516.784026143 517.536181879
746103808 1 2887.964 2892.017 2893.925 515.634515753 515.97470416 516.698828656 515.634515753 515.97470416 516.698828656
820714184 1 3171.921 3180.027 3186.941 515.048244696 516.168060208 517.487153053 515.048244696 516.168060208 517.487153053
902785600 1 3498.077 3500.938 3509.998 514.408042398 515.739267591 516.161079359 514.408042398 515.739267591 516.161079359
993064160 1 3848.076 3855.944 3862.858 514.160323781 515.082252232 516.135419363 514.160323781 515.082252232 516.135419363

META_DATA
ERT_VERSION  1.1.0
TIMESTAMP_DATA  1560475729.54
TIMESTAMP_DATA  1560475790.84
HOSTNAME  ce1
UNAME  ('Linux', 'ce1', '3.10.0-514.el7.x86_64', '#1 SMP Tue Nov 22 16:42:41 UTC 2016', 'x86_64', 'x86_64')
GPU_BLOCKS     112
TIMESTAMP_DATA  1560475811.21
GPU_THREADS    1024
FLOPS          16
TIMESTAMP_DATA  1560475750.04
TIMESTAMP_DATA  1560475770.45
CONFIG  {'ERT_WORKING_SET_MIN': ['128'], 'ERT_CFLAGS': ['-O3'], 'ERT_CC': ['nvcc'], 'ERT_BLOCKS_THREADS': ['114688'], 'ERT_GPU_THREADS': ['64,128,256,512,1024'], 'ERT_GPU_LDFLAGS': [], 'ERT_MEMORY_MAX': ['1073741824'], 'ERT_LDFLAGS': [], 'ERT_LDLIBS': [], 'ERT_RUN': ['./ERT_CODE'], 'ERT_FLOPS': ['1,2,4,8,16,32,64,128,256,512,1024'], 'ERT_MPI': [False], 'ERT_TRIALS_MIN': ['1'], 'ERT_DRIVER': ['driver1'], 'ERT_RESULTS': ['Results.summitdev.ornl.gov.01'], 'ERT_GPU': ['True'], 'ERT_GPU_CFLAGS': ['-x', 'cu'], 'ERT_KERNEL': ['kernel1'], 'ERT_OPENMP': [False], 'ERT_LD': ['nvcc'], 'ERT_NUM_EXPERIMENTS': ['5'], 'ERT_ALIGN': ['32'], 'ERT_GNUPLOT': ['gnuplot'], 'ERT_GPU_BLOCKS': ['56,112,448,896,1792']}
