1024 1048576 571431.16 571579.933 571768.999 3.75585883767 3.7571011927 3.7580793599 1.87792941884 1.87855059635 1.87903967995
1120 524288 286726.952 286819.935 286861.897 4.09397390271 4.09457285457 4.09590068812 2.04698695136 2.04728642728 2.04795034406
1232 524288 289184.809 289306.879 289344.072 4.46473854837 4.46531253064 4.46719741769 2.23236927418 2.23265626532 2.23359870885
1352 524288 289152.861 289210.081 289329.052 4.89987003448 4.90188567113 4.90285569749 2.44993501724 2.45094283556 2.45142784875
1480 524288 290711.164 290847.063 291077.137 5.33155058482 5.33576809748 5.33826241362 2.66577529241 2.66788404874 2.66913120681
1624 524288 290818.93 290956.02 291130.066 5.84923243208 5.85273136469 5.85549030113 2.92461621604 2.92636568235 2.92774515056
1784 524288 290524.006 290567.16 290582.18 6.43762664318 6.43795941702 6.43891570186 3.21881332159 3.21897970851 3.21945785093
1960 524288 286777.02 286831.141 286879.063 7.16402562985 7.16522255162 7.16657478343 3.58201281493 3.58261127581 3.58328739172
2152 262144 147651.911 147668.123 147682.905 7.63979944734 7.64056421304 7.64140313768 3.81989972367 3.82028210652 3.82070156884
2360 262144 148442.03 148514.032 148535.013 8.33015499181 8.33133181651 8.33537293986 4.1650774959 4.16566590826 4.16768646993
2592 262144 148982.048 149028.063 149045.944 9.11768854307 9.11878252085 9.12159897278 4.55884427154 4.55939126042 4.56079948639
2848 262144 146762.133 146780.968 146906.137 10.1641242122 10.172791775 10.1740973198 5.08206210609 5.08639588751 5.08704865989
3128 262144 147386.074 147424.936 147433.043 11.1235095649 11.1241212545 11.1270544054 5.56175478247 5.56206062725 5.56352720271
3440 262144 147291.899 147401.094 147439.957 12.2324419831 12.2356671247 12.244738049 6.11622099157 6.11783356235 6.12236902452
3784 262144 147361.994 147386.074 147435.904 13.4560560771 13.4606054572 13.4628050161 6.72802803854 6.7303027286 6.73140250803
4160 131072 73702.097 73761.94 73802.948 14.7760905161 14.7843052935 14.796309527 7.38804525803 7.39215264674 7.39815476349
4576 131072 73709.011 73745.966 73798.18 16.2547496971 16.266258469 16.2744137755 8.12737484854 8.13312923449 8.13720688777
5032 131072 73709.965 73769.093 73791.027 17.8762738727 17.8815890823 17.8959331754 8.93813693635 8.94079454115 8.94796658769
5528 131072 73696.852 73739.052 73811.054 19.6329947002 19.6521652055 19.6634183506 9.81649735011 9.82608260274 9.83170917531
6080 131072 73664.904 73733.807 73756.933 21.6092976643 21.6160752421 21.6362939942 10.8046488321 10.8080376211 10.8181469971
6688 131072 73715.925 73734.999 73761.94 23.7686138949 23.7772983763 23.7834507537 11.8843069475 11.8886491882 11.8917253768
7352 131072 73727.846 73766.947 73781.967 26.1213243068 26.1266429801 26.1404990456 13.0606621534 13.06332149 13.0702495228
8080 131072 73692.083 73740.005 73807.001 28.6981382701 28.7242117762 28.7428911461 14.3490691351 14.3621058881 14.3714455731
8888 65536 36845.922 36907.911 36935.091 31.5409520989 31.5641797229 31.6172828027 15.7704760495 15.7820898614 15.8086414013
9776 65536 36890.984 36901.951 36931.992 34.6951193968 34.7233638677 34.7336864747 17.3475596984 17.3616819338 17.3668432374
10752 65536 36850.929 36880.016 36890.984 38.2013703945 38.2127313611 38.2428932524 19.1006851972 19.1063656805 19.1214466262
11824 65536 37240.982 37272.93 37320.137 41.5270535582 41.5796485009 41.6153185219 20.7635267791 20.7898242505 20.807659261
13000 65536 36871.91 36885.023 36921.024 46.150832653 46.195877389 46.2123063329 23.0754163265 23.0979386945 23.1061531665
14296 65536 36855.936 36878.824 36949.873 50.712090729 50.8097902471 50.8413437662 25.3560453645 25.4048951236 25.4206718831
15720 65536 36942.959 36962.032 36989.212 55.704129085 55.7450910708 55.7738712809 27.8520645425 27.8725455354 27.8869356404
17288 32768 18452.883 18485.785 18533.945 61.1303404645 61.2895999818 61.3988810312 30.5651702322 30.6447999909 30.6994405156
19016 32768 18449.068 18512.964 18530.13 67.2543892568 67.3167503594 67.5498933605 33.6271946284 33.6583751797 33.7749466802
20912 32768 18455.982 18511.057 18522.978 73.9885795902 74.036227753 74.2571612825 36.9942897951 37.0181138765 37.1285806412
23000 32768 18482.924 18523.216 18561.125 81.2088706908 81.3750700742 81.5524643179 40.6044353454 40.6875350371 40.7762321589
25296 32768 18475.056 18522.024 18552.065 89.359252245 89.5041846399 89.7317256305 44.6796261225 44.7520923199 44.8658628152
27824 32768 18409.967 18478.87 18495.083 98.5923482474 98.6788512501 99.0481766752 49.2961741237 49.3394256251 49.5240883376
30600 32768 18476.009 18487.93 18529.177 108.229394106 108.470856391 108.540843426 54.1146970532 54.2354281956 54.2704217128
33656 16384 9228.945 9243.011 9261.131 119.082626949 119.316076547 119.497928311 59.5413134746 59.6580382735 59.7489641557
37016 16384 9210.11 9253.979 9263.992 130.930627747 131.072297441 131.696612527 65.4653138733 65.5361487205 65.8483062634
40712 16384 9235.144 9260.178 9276.152 143.815109541 144.063193602 144.453710305 71.9075547706 72.0315968008 72.2268551524
44776 16384 9236.813 9259.224 9268.045 158.309542951 158.460359961 158.84482754 79.1547714755 79.2301799805 79.4224137698
49248 16384 9255.886 9266.138 9272.099 174.044567902 174.156532527 174.349431702 87.022283951 87.0782662637 87.1747158511
54168 16384 9237.051 9253.025 9276.867 191.333671594 191.826675493 192.158408999 95.666835797 95.9133377463 96.0792044994
59584 16384 9245.872 9251.118 9259.939 210.848960452 211.05000628 211.169753594 105.424480226 105.52500314 105.584876797
65536 16384 9214.163 9241.104 9246.826 232.240084111 232.383884869 233.063344766 116.120042056 116.191942435 116.531672383
72088 8192 4559.04 4595.995 4610.777 256.158515582 256.982392714 259.065459395 128.079257791 128.491196357 129.532729697
79296 8192 4593.134 4596.949 4603.148 282.238516772 282.619116288 282.853856212 141.119258386 141.309558144 141.426928106
87224 8192 4596.949 4600.048 4619.122 309.383042059 310.665892182 310.875325352 154.691521029 155.332946091 155.437662676
95944 8192 4601.002 4606.009 4620.075 340.242635888 341.281681386 341.653078177 170.121317944 170.640840693 170.826539089
105536 8192 4580.975 4588.127 4597.902 376.063218398 376.86442071 377.452796403 188.031609199 188.432210355 188.726398201
116088 8192 4585.981 4591.227 4614.115 412.210313787 414.265248048 414.739134767 206.105156894 207.132624024 207.369567384
127696 8192 4544.973 4549.98 4552.126 459.603109404 459.819881406 460.326445064 229.801554702 229.909940703 230.163222532
140464 4096 2273.798 2274.99 2296.925 500.965894838 505.796108115 506.061263138 250.482947419 252.898054057 253.030631569
154504 4096 2296.925 2302.885 2313.852 547.008524314 549.613536065 551.039658674 273.504262157 274.806768032 275.519829337
169952 4096 2291.918 2307.892 2314.091 601.638735901 603.25473809 607.459247669 300.819367951 301.627369045 303.729623835
186944 4096 2285.004 2299.07 2316.236 661.178415326 666.115102193 670.215565487 330.589207663 333.057551097 335.107782743
205632 4096 2307.177 2310.991 2312.899 728.32291596 728.924233803 730.129220255 364.16145798 364.462116901 365.064610127
226192 4096 2306.938 2310.991 2314.091 800.731200286 801.805313824 803.213984945 400.365600143 400.902656912 401.606992472
248808 4096 2326.012 2326.965 2328.157 875.471515022 875.919979888 876.278856687 437.735757511 437.959989944 438.139428343
273688 2048 1173.973 1174.212 1177.073 952.384472331 954.704983427 954.899344363 476.192236165 477.352491714 477.449672182
301056 2048 1194.0 1195.908 1203.775 1024.38194513 1031.12060125 1032.76832161 512.190972565 515.560300625 516.384160804
331160 2048 1219.034 1220.942 1222.849 1109.23863862 1110.97116816 1112.71003106 554.619319311 555.485584082 556.355015529
364272 2048 1256.943 1260.042 1261.95 1182.34328777 1184.13363364 1187.05312174 591.171643884 592.06681682 593.52656087
400696 2048 1297.951 1300.097 1301.05 1261.4817386 1262.40643275 1264.49366424 630.740869298 631.203216375 632.246832122
440760 2048 1374.96 1379.013 1384.02 1304.42693025 1309.16311884 1313.02216792 652.213465123 654.58155942 656.511083959
484832 2048 1426.935 1432.896 1436.949 1382.00581371 1385.91486891 1391.70450791 691.002906853 692.957434454 695.852253957
533312 1024 764.847 768.185 771.999 1414.79843368 1421.82283695 1428.0280579 707.399216838 710.911418473 714.01402895
586640 1024 803.947 804.186 808.001 1486.92726865 1493.98114367 1494.42527928 743.463634327 746.990571833 747.212639639
645304 1024 844.955 849.009 852.108 1550.95667685 1556.61788273 1564.086362 775.478338427 778.308941366 782.043180998
709832 1024 900.03 900.984 900.984 1613.4980599 1613.4980599 1615.20831083 806.749029949 806.749029949 807.604155417
780808 1024 967.026 970.125 976.086 1638.27243091 1648.3389089 1653.6212925 819.136215456 824.169454452 826.810646249
858888 1024 1029.015 1030.922 1032.114 1704.27164441 1706.24220261 1709.40425941 852.135822206 853.121101305 854.702129707
944776 1024 1352.072 1353.025 1355.886 1427.03829673 1430.05579941 1431.06376583 713.519148365 715.027899706 715.531882917
1039248 1024 1384.02 1385.927 1386.166 1535.44373762 1535.70852144 1537.82452855 767.721868809 767.854260722 768.912264274
1143168 512 711.918 712.156 712.872 1642.09568057 1643.74663978 1644.2961577 821.047840285 821.873319891 822.148078852
1257480 512 754.118 755.072 756.025 1703.19701068 1705.34666893 1707.50402457 851.59850534 852.673334463 853.752012285
1383224 512 843.048 844.002 849.962 1666.45258965 1678.22040232 1680.11949023 833.226294823 839.110201161 840.059745115
1521544 512 919.104 920.057 921.011 1691.6856107 1693.43970645 1695.19559919 845.842805352 846.719853226 847.597799596
1673696 512 1014.948 1017.094 1018.047 1683.48288831 1685.06028351 1688.62316493 841.741444157 842.530141757 844.311582465
1841064 512 1219.988 1220.942 1223.087 1541.38629223 1544.09426164 1545.30170461 770.693146113 772.047130822 772.650852303
2025168 512 1243.83 1244.068 1245.022 1665.6509138 1666.92820007 1667.24715757 832.8254569 833.464100033 833.623578785
2227680 256 669.956 671.148 671.864 1697.62356667 1699.43464035 1702.4583107 848.811783337 849.717320174 851.229155348
2450448 256 736.952 737.906 738.859 1698.06333279 1700.2563687 1702.45738664 849.031666394 850.128184349 851.228693321
2695488 256 808.954 808.954 809.908 1704.00817871 1706.01771671 1706.01771671 852.004089353 853.008858353 853.008858353
2965032 256 900.03 901.937 904.083 1679.155989 1683.15124449 1686.71753608 839.577994498 841.575622244 843.358768041
3261528 256 976.086 977.039 977.993 1707.47882245 1709.14603818 1710.81476017 853.739411223 854.573019091 855.407380087
3587680 256 1373.053 1375.914 1382.113 1329.04629361 1335.03413731 1337.81591825 664.523146805 667.517068654 668.907959125
3946448 256 1622.915 1627.922 1631.975 1238.12029964 1241.2028193 1245.03216496 619.060149818 620.60140965 622.516082481
4341088 128 1296.043 1296.997 1299.858 854.953793414 856.839705874 857.470414176 427.476896707 428.419852937 428.735207088
4775192 128 1897.812 1904.011 1908.064 640.675130394 642.03891259 644.136064057 320.337565197 321.019456295 322.068032028
5252704 128 2236.843 2241.135 2247.095 598.413606901 600.005008177 601.156283208 299.206803451 300.002504088 300.578141604
5777968 128 2630.949 2636.909 2643.108 559.628970137 560.944578671 562.215310141 279.814485068 280.472289336 281.10765507
6355760 128 3019.094 3026.962 3036.022 535.923178422 537.527250094 538.928089023 267.961589211 268.763625047 269.464044511
6991336 128 3282.07 3283.978 3298.044 542.679847813 545.004264949 545.321097966 271.339923906 272.502132475 272.660548983
7690464 128 3628.016 3635.168 3647.089 539.816490357 541.58673932 542.654383002 269.908245179 270.79336966 271.327191501
8459504 64 2032.042 2037.048 2042.055 530.258250635 531.561608759 532.871127664 265.129125317 265.78080438 266.435563832
9305448 64 2252.102 2254.963 2256.155 527.932408899 528.211480188 528.882503546 263.96620445 264.105740094 264.441251773
10235992 64 2485.991 2494.097 2501.011 523.870936993 525.323183501 527.036089833 261.935468497 262.66159175 263.518044916
11259584 64 2737.045 2737.999 2743.959 525.236256081 526.379575741 526.563045913 262.618128041 263.189787871 263.281522956
12385536 64 3025.055 3029.823 3031.015 523.042151886 523.247928344 524.072655869 261.521075943 261.623964172 262.036327935
13624088 64 3343.821 3346.92 3350.973 520.411016144 521.041215207 521.524107899 260.205508072 260.520607603 260.76205395
14986496 64 3673.077 3674.984 3684.998 520.5624231 521.98090876 522.251912497 260.28121155 260.99045438 261.125956249
16485144 64 4053.116 4059.076 4066.229 518.932512655 519.846987837 520.611409099 259.466256327 259.923493918 260.305704549
18133656 32 2232.075 2243.996 2245.903 516.742701711 517.181841679 519.943991129 258.371350855 258.590920839 259.971995565
19947016 32 2465.01 2466.917 2473.116 516.194559414 517.491680506 517.892026402 258.097279707 258.745840253 258.946013201
21941712 32 2712.965 2717.018 2738.953 512.70305405 516.842202738 517.614332658 256.351527025 258.421101369 258.807166329
24135880 32 2979.994 2985.001 2989.054 516.784347155 517.486030993 518.355513467 258.392173577 258.743015496 259.177756734
26549464 32 3279.924 3286.123 3297.091 515.352987224 517.073066346 518.050325556 257.676493612 258.536533173 259.025162778
29204408 32 3618.002 3626.108 3628.969 515.044937557 515.451308124 516.606157763 257.522468778 257.725654062 258.303078882
32124848 32 3997.087 3999.949 4034.042 509.660105671 514.004121553 514.372159525 254.830052835 257.002060776 257.186079763
35337328 16 2207.041 2207.994 2213.001 510.977851343 512.136580081 512.357720586 255.488925672 256.068290041 256.178860293
38871056 16 2435.923 2443.075 2446.89 508.348880416 509.142695988 510.63756613 254.174440208 254.571347994 255.318783065
42758160 16 2671.957 2679.825 2682.209 510.124721824 510.578534046 512.082013296 255.062360912 255.289267023 256.041006648
47033976 16 2948.999 2952.814 2969.98 506.766790349 509.712847474 510.372242242 253.383395174 254.856423737 255.186121121
51737368 16 3241.062 3251.791 3256.083 508.462399761 509.133513193 510.818915528 254.23119988 254.566756597 255.409457764
56911104 16 3565.073 3568.888 3573.895 509.571581706 510.286489237 510.832549011 254.785790853 255.143244618 255.416274505
62602208 16 3927.946 3944.874 3959.894 505.889969782 507.816132023 510.004632447 252.944984891 253.908066012 255.002316223
68862424 8 2152.92 2156.019 2173.901 506.83024848 511.033893486 511.769496312 253.41512424 255.516946743 255.884748156
75748664 8 2367.02 2367.973 2373.219 510.68975261 511.821133096 512.027200446 255.344876305 255.910566548 256.013600223
83323528 8 2614.975 2621.174 2626.896 507.510174746 508.618065035 509.823783401 253.755087373 254.309032517 254.911891701
91655880 8 2862.93 2889.156 2896.07 506.373837649 507.585634005 512.235395207 253.186918824 253.792817003 256.117697604
100821464 8 3164.053 3174.067 3177.881 507.616057367 508.226015393 509.83451415 253.808028683 254.113007696 254.917257075
110903608 8 3473.997 3484.011 3491.879 508.167014951 509.314616975 510.782746214 254.083507475 254.657308487 255.391373107
121993968 8 3828.049 3833.055 3851.891 506.739024547 509.229188728 509.895115763 253.369512273 254.614594364 254.947557881
134193360 8 4231.93 4235.029 4242.897 506.044280594 506.98442915 507.355688776 253.022140297 253.492214575 253.677844388
147612696 4 2331.972 2338.171 2358.198 500.764383652 505.053551686 506.396117964 250.382191826 252.526775843 253.198058982
162373960 4 2557.993 2570.868 2582.073 503.080927611 505.273580752 507.816745394 251.540463806 252.636790376 253.908372697
178611352 4 2834.797 2850.056 2870.798 497.732970414 501.355347404 504.054017272 248.866485207 250.677673702 252.027008636
196472480 4 3100.872 3118.992 3129.005 502.325768096 503.938400611 506.883173507 251.162884048 251.969200306 253.441586754
216119728 4 3435.135 3441.095 3463.03 499.261578444 502.444083642 503.315830091 249.630789222 251.222041821 251.657915046
237731696 4 3759.861 3803.015 3808.022 499.433450752 500.090998326 505.830818746 249.716725376 250.045499163 252.915409373
261504864 4 4158.02 4166.842 4175.186 501.064841662 502.06821185 503.133441398 250.532420831 251.034105925 251.566720699
287655344 2 2273.083 2285.004 2303.123 499.591804693 503.553331198 506.194175928 249.795902347 251.776665599 253.097087964
316420872 2 2485.991 2513.885 2516.985 502.856984845 503.477083478 509.126335534 251.428492422 251.738541739 254.563167767
348062952 2 2748.966 2768.04 2784.967 499.916806196 502.9738761 506.463815122 249.958403098 251.48693805 253.231907561
382869240 2 3010.988 3022.909 3046.989 502.619786287 506.623573518 508.629380124 251.309893144 253.311786759 254.314690062
421156160 2 3333.092 3363.132 3386.974 497.383398869 500.909461776 505.423984696 248.691699434 250.454730888 252.711992348
463271776 2 3691.196 3701.925 3715.992 498.67898101 500.573918704 502.028909871 249.339490505 250.286959352 251.014454935
509598952 2 4036.903 4058.123 4113.913 495.488311979 502.300154037 504.940497208 247.74415599 251.150077018 252.470248604
560558840 1 2218.008 2228.975 2248.049 498.70695879 502.97454211 505.461513214 249.353479395 251.487271055 252.730756607
616614720 1 2449.036 2451.897 2464.056 500.487586321 502.969512993 503.557089402 250.243793161 251.484756497 251.778544701
678276192 1 2694.845 2707.005 2720.118 498.710858867 501.126663601 503.387906911 249.355429434 250.5633318 251.693953456
746103808 1 2938.986 2948.046 2959.013 504.292348834 506.168362366 507.728725486 252.146174417 253.084181183 253.864362743
820714184 1 3252.983 3262.997 3312.826 495.476782662 503.043174113 504.591744869 247.738391331 251.521587056 252.295872435
902785600 1 3571.033 3574.848 3586.054 503.498051061 505.076355694 505.615938021 251.749025531 252.538177847 252.807969011
993064160 1 3941.059 3946.066 3995.18 497.131123003 503.31857602 503.958027525 248.565561502 251.65928801 251.979013763

META_DATA
ERT_VERSION  1.1.0
GPU_THREADS    128
FLOPS          8
HOSTNAME  ce1
UNAME  ('Linux', 'ce1', '3.10.0-514.el7.x86_64', '#1 SMP Tue Nov 22 16:42:41 UTC 2016', 'x86_64', 'x86_64')
TIMESTAMP_DATA  1560475587.4
GPU_BLOCKS     896
TIMESTAMP_DATA  1560475607.29
TIMESTAMP_DATA  1560475547.65
CONFIG  {'ERT_WORKING_SET_MIN': ['128'], 'ERT_CFLAGS': ['-O3'], 'ERT_CC': ['nvcc'], 'ERT_BLOCKS_THREADS': ['114688'], 'ERT_GPU_THREADS': ['64,128,256,512,1024'], 'ERT_GPU_LDFLAGS': [], 'ERT_MEMORY_MAX': ['1073741824'], 'ERT_LDFLAGS': [], 'ERT_LDLIBS': [], 'ERT_RUN': ['./ERT_CODE'], 'ERT_FLOPS': ['1,2,4,8,16,32,64,128,256,512,1024'], 'ERT_MPI': [False], 'ERT_TRIALS_MIN': ['1'], 'ERT_DRIVER': ['driver1'], 'ERT_RESULTS': ['Results.summitdev.ornl.gov.01'], 'ERT_GPU': ['True'], 'ERT_GPU_CFLAGS': ['-x', 'cu'], 'ERT_KERNEL': ['kernel1'], 'ERT_OPENMP': [False], 'ERT_LD': ['nvcc'], 'ERT_NUM_EXPERIMENTS': ['5'], 'ERT_ALIGN': ['32'], 'ERT_GNUPLOT': ['gnuplot'], 'ERT_GPU_BLOCKS': ['56,112,448,896,1792']}
TIMESTAMP_DATA  1560475567.53
TIMESTAMP_DATA  1560475527.81
