32 33554432 414449.929 427750.09 435441.04 4.93174379705 5.02041658951 5.18152736371 4.93174379705 5.02041658951 5.18152736371
64 16777216 209380.716 216702.927 220074.903 9.7579670318 9.90980453162 10.2563583172 9.7579670318 9.90980453162 10.2563583172
96 8388608 102480.499 105325.082 109097.547 14.7630517852 15.2918251324 15.7162850661 14.7630517852 15.2918251324 15.7162850661
128 8388608 104408.41 107206.387 107981.882 19.8874441548 20.0313032469 20.5681098678 19.8874441548 20.0313032469 20.5681098678
160 4194304 56020.332 56378.262 56401.226 23.7969522152 23.8066451924 23.95875269 23.7969522152 23.8066451924 23.95875269
192 4194304 54517.476 56121.71 56403.241 28.5553224858 28.6985684506 29.5430539741 28.5553224858 28.6985684506 29.5430539741
224 4194304 56517.932 57376.383 58303.377 32.2288054086 32.7495058725 33.246938193 32.2288054086 32.7495058725 33.246938193
256 4194304 59479.538 61911.032 65732.167 32.6702092143 34.6866071947 36.1045784855 32.6702092143 34.6866071947 36.1045784855
288 2097152 30859.49 32188.128 33235.384 36.3455873415 37.5281082516 39.1438598629 36.3455873415 37.5281082516 39.1438598629
320 2097152 32918.077 33211.668 34881.56 38.4781322854 40.4128235896 40.7732590212 38.4781322854 40.4128235896 40.7732590212
352 2097152 36216.196 36572.077 38514.889 38.3330978313 40.3694602305 40.7661535739 38.3330978313 40.3694602305 40.7661535739
384 2097152 39302.321 41632.263 42257.38 38.1143538951 38.6866487656 40.9800921426 38.1143538951 38.6866487656 40.9800921426
416 2097152 45592.358 48469.131 48538.631 35.9472533125 35.9987981629 38.2702395871 35.9472533125 35.9987981629 38.2702395871
448 2097152 44781.122 46082.794 46519.129 40.393021804 40.7754831879 41.9607215737 40.393021804 40.7754831879 41.9607215737
480 2097152 51518.126 54363.047 54596.16 36.8755956463 37.0337210863 39.0787879202 36.8755956463 37.0337210863 39.0787879202
512 2097152 50340.509 52090.315 53071.182 40.4642136668 41.2261597573 42.6591564261 40.4642136668 41.2261597573 42.6591564261
544 1048576 26960.48 27326.758 27583.271 41.3602392552 41.7484828606 42.3156667834 41.3602392552 41.7484828606 42.3156667834
576 1048576 28216.43 28582.463 29446.153 41.0226609907 42.2622624229 42.8105026752 41.0226609907 42.2622624229 42.8105026752
608 1048576 29228.852 29627.931 30058.188 42.4200026961 43.0360262416 43.6236228505 42.4200026961 43.0360262416 43.6236228505
640 1048576 29101.635 29365.136 29685.813 45.2127512896 45.7064894915 46.1203392868 45.2127512896 45.7064894915 46.1203392868
704 1048576 23802.354 23983.678 24200.859 61.0058927247 61.5583234565 62.0272687315 61.0058927247 61.5583234565 62.0272687315
768 1048576 28050.218 28372.833 28727.421 56.0653438399 56.7660175493 57.4189026267 56.0653438399 56.7660175493 57.4189026267
832 1048576 31294.226 32005.133 33320.882 52.3644741457 54.5172070992 55.755667643 52.3644741457 54.5172070992 55.755667643
896 1048576 32406.641 33634.44 34549.894 54.3865110556 55.8667898737 57.9834297544 54.3865110556 55.8667898737 57.9834297544
960 1048576 25134.728 25810.695 26609.079 75.6608644741 78.0012285605 80.0989738182 75.6608644741 78.0012285605 80.0989738182
1056 524288 17288.672 17831.523 18332.305 60.4013655675 62.0976826264 64.0475020869 60.4013655675 62.0976826264 64.0475020869
1152 524288 18682.116 20060.329 20133.502 59.9974883654 60.2163380272 64.6586046249 59.9974883654 60.2163380272 64.6586046249
1248 524288 15544.089 16413.154 16642.124 78.6331629304 79.730126702 84.1878123575 78.6331629304 79.730126702 84.1878123575
1344 524288 18172.823 18535.68 19279.133 73.0990415388 76.0309923348 77.5491041761 73.0990415388 76.0309923348 77.5491041761
1472 524288 15522.501 15744.277 16480.998 93.653544039 98.0358686525 99.4365451804 93.653544039 98.0358686525 99.4365451804
1600 524288 19835.892 20307.977 20740.63 80.8905804693 82.6139206283 84.5800934992 80.8905804693 82.6139206283 84.5800934992
1760 524288 20106.11 20850.57 24803.812 74.4036344091 88.5104704572 91.7877083135 74.4036344091 88.5104704572 91.7877083135
1920 524288 25461.482 29365.347 29385.28 68.5127356282 68.5592416122 79.0710422905 68.5127356282 68.5592416122 79.0710422905
2112 262144 14599.313 15351.106 15374.271 72.0226836121 72.1313666911 75.8457782226 72.0226836121 72.1313666911 75.8457782226
2304 262144 14473.001 15046.631 15050.457 80.2606560053 80.2810643791 83.4629633481 80.2606560053 80.2810643791 83.4629633481
2528 262144 14476.654 14761.388 14799.902 89.5546513754 89.7883087959 91.5543097183 89.5546513754 89.7883087959 91.5543097183
2752 262144 14463.988 14515.24 15050.524 95.866467905 99.4017719307 99.7539942649 95.866467905 99.4017719307 99.7539942649
3008 262144 15186.967 15325.453 15637.037 100.854036733 102.904514731 103.842874222 100.854036733 102.904514731 103.842874222
3296 262144 16767.309 16809.654 17349.053 99.6050474916 102.801238384 103.060857768 99.6050474916 102.801238384 103.060857768
3616 262144 18104.063 19661.957 19752.41 95.9794479762 96.420992478 104.71822861 95.9794479762 96.420992478 104.71822861
3968 262144 18520.024 21796.997 21828.952 95.3034659658 95.4431834807 112.331106266 95.3034659658 95.4431834807 112.331106266
4352 131072 9636.072 10740.889 11033.379 103.399936502 106.215666878 118.393748822 103.399936502 106.215666878 118.393748822
4768 131072 11103.776 12630.571 13119.832 95.2681857512 98.9585183441 112.56554455 95.2681857512 98.9585183441 112.56554455
5216 131072 10859.744 12714.123 13296.686 102.833375474 107.545215978 125.909331196 102.833375474 107.545215978 125.909331196
5728 131072 12104.048 14052.864 14293.753 105.050145473 106.850876234 124.054434682 105.050145473 106.850876234 124.054434682
6272 131072 13038.739 15166.627 15490.461 106.140622154 108.406909987 126.098633311 106.140622154 108.406909987 126.098633311
6880 131072 12790.658 15431.408 15456.341 116.686783761 116.875318182 141.005311846 116.686783761 116.875318182 141.005311846
7552 131072 15892.181 17581.661 18294.643 108.212632955 112.600936169 124.571415843 108.212632955 112.600936169 124.571415843
8288 65536 8986.804 9276.906 9568.288 113.533866874 117.099896884 120.879985365 113.533866874 117.099896884 120.879985365
9088 65536 10203.627 10274.578 10338.641 115.216529523 115.934915867 116.74107021 115.216529523 115.934915867 116.74107021
9984 65536 9212.15 10789.579 11096.549 117.930615005 121.2858118 142.054009976 117.930615005 121.2858118 142.054009976
10976 65536 9841.842 10850.92 11048.562 130.211177889 132.582884401 146.176525898 130.211177889 132.582884401 146.176525898
12064 65536 10692.1 12230.009 12398.601 127.534760414 129.292840913 147.889807241 127.534760414 129.292840913 147.889807241
13248 65536 10654.229 12823.297 12878.755 134.829947149 135.413057656 162.981465482 134.829947149 135.413057656 162.981465482
14560 65536 12184.809 14358.517 14434.877 132.208145591 132.91124146 156.621931456 132.208145591 132.91124146 156.621931456
16000 65536 13916.191 16116.837 16222.622 129.273307361 130.121809881 150.698707714 129.273307361 130.121809881 150.698707714
17600 32768 6962.015 8137.705 8137.974 141.734736434 141.739421618 165.675253501 141.734736434 141.739421618 165.675253501
19360 32768 8471.819 9408.414 9693.179 130.893792429 134.855562266 149.764408328 130.893792429 134.855562266 149.764408328
21280 32768 8495.645 10533.671 11537.217 120.878898265 132.395067209 164.155409036 120.878898265 132.395067209 164.155409036
23392 32768 9508.027 11252.872 11563.744 132.571087011 136.233497724 161.234093256 132.571087011 136.233497724 161.234093256
25728 32768 10290.514 12079.287 12547.38 134.379464717 139.586898465 163.850922121 134.379464717 139.586898465 163.850922121
28288 32768 11144.672 13492.808 13498.994 137.334853842 137.397817267 166.346965438 137.334853842 137.397817267 166.346965438
31104 32768 12251.908 14442.893 14793.768 137.789895313 141.137356899 166.376677331 137.789895313 141.137356899 166.376677331
34208 16384 7016.852 7882.54 7885.676 142.147324338 142.203876415 159.747953071 142.147324338 142.203876415 159.747953071
37600 16384 7173.36 8688.012 8908.029 138.310820497 141.813432118 171.757279713 138.310820497 141.813432118 171.757279713
41344 16384 8158.558 9388.382 9390.779 144.26494245 144.301775535 166.053877658 144.26494245 144.301775535 166.053877658
45472 16384 8872.408 10303.215 10304.211 144.603647577 144.617626246 167.939357162 144.603647577 144.617626246 167.939357162
50016 16384 10270.169 11185.163 12267.566 133.598163482 146.526634256 159.5810437 133.598163482 146.526634256 159.5810437
55008 16384 12140.682 12402.66 12419.704 145.132455975 145.331900092 148.467948011 145.132455975 145.331900092 148.467948011
60480 16384 11753.836 13408.345 13483.286 146.982615365 147.804120494 168.609519479 146.982615365 147.804120494 168.609519479
66528 8192 6750.531 7318.943 7894.081 138.077472476 148.92789191 161.468001851 138.077472476 148.92789191 161.468001851
73152 8192 6880.785 8015.675 8695.618 137.830613994 149.522325693 174.183958371 137.830613994 149.522325693 174.183958371
80448 8192 8856.488 9430.138 9548.851 138.033364643 139.771022651 148.824232811 138.033364643 139.771022651 148.824232811
88480 8192 8736.677 10034.496 10633.833 136.324909372 144.467277679 165.927654187 136.324909372 144.467277679 165.927654187
97312 8192 9472.447 11416.412 11849.331 134.552727745 139.655069211 168.31551636 134.552727745 139.655069211 168.31551636
107040 8192 11060.701 12772.403 12804.266 136.96555195 137.307236547 158.556257872 136.96555195 137.307236547 158.556257872
117728 8192 11405.814 13357.154 14381.741 134.118362443 144.406177544 169.111608518 134.118362443 144.406177544 169.111608518
129472 8192 12483.563 14300.398 15856.287 133.780956916 148.33637833 169.924984397 133.780956916 148.33637833 169.924984397
142400 4096 7534.032 8027.025 8474.456 137.653767982 145.326668348 154.836188644 137.653767982 145.326668348 154.836188644
156640 4096 7655.85 8829.08 9455.432 135.70980998 145.337326199 167.609720671 135.70980998 145.337326199 167.609720671
172288 4096 8803.335 9812.572 10819.843 130.443971876 143.834184962 160.323706414 130.443971876 143.834184962 160.323706414
189504 4096 10604.808 10765.921 10893.069 142.51417741 144.197302581 146.388012683 142.51417741 144.197302581 146.388012683
208448 4096 11586.783 11983.434 12249.372 139.403556035 142.497218744 147.37533412 139.403556035 142.497218744 147.37533412
229280 4096 11915.876 12517.297 13527.381 138.848884348 150.053303041 157.626829954 138.848884348 150.053303041 157.626829954
252192 4096 11721.243 12481.978 15317.237 134.877906766 165.515182289 176.257489415 134.877906766 165.515182289 176.257489415
277408 2048 6755.799 6830.575 8125.242 139.843609335 166.349563251 168.190789572 139.843609335 166.349563251 168.190789572
305120 2048 7091.432 7278.19 8816.768 141.749393882 171.714604867 176.236833407 141.749393882 171.714604867 176.236833407
335616 2048 8053.673 8314.465 9887.697 139.029658372 165.33633084 170.690210045 139.029658372 165.33633084 170.690210045
369152 2048 8713.83 9561.286 10532.931 143.554210314 158.142596299 173.522617724 143.554210314 158.142596299 173.522617724
406048 2048 9892.958 9921.904 12347.961 134.692084628 167.626355587 168.116816831 134.692084628 167.626355587 168.116816831
446624 2048 11171.152 11308.006 13213.705 138.445038995 161.776700861 163.758572437 138.445038995 161.776700861 163.758572437
491264 2048 12260.61 12879.353 14111.533 142.593816278 156.235902844 164.120491884 142.593816278 156.235902844 164.120491884
540384 1024 6961.821 7083.697 7929.381 139.570343763 156.232886867 158.967952781 139.570343763 156.232886867 158.967952781
594400 1024 6993.675 8162.951 8285.868 146.916557203 149.128813832 174.061734353 146.916557203 149.128813832 174.061734353
653824 1024 7708.061 8158.244 8773.461 152.622955981 164.132324554 173.718338762 152.622955981 164.132324554 173.718338762
719200 1024 8206.416 9205.65 9957.167 147.925770453 160.001911869 179.484149963 147.925770453 160.001911869 179.484149963
791104 1024 9449.276 11459.303 13052.929 124.123941224 141.385649022 171.460860282 124.123941224 141.385649022 171.460860282
870208 1024 10549.647 12015.964 14107.919 126.325220892 148.31818604 168.93323388 126.325220892 148.31818604 168.93323388
957216 1024 11566.222 14012.409 15026.945 130.457545962 139.903022243 169.491677403 130.457545962 139.903022243 169.491677403
1052928 512 6709.193 8373.765 9518.632 113.272397966 128.759079339 160.704614102 113.272397966 128.759079339 160.704614102
1158208 512 6654.178 9648.413 10367.696 114.394267733 122.922287012 178.234635743 114.394267733 122.922287012 178.234635743
1274016 512 9201.06 10278.519 10822.521 120.544222922 126.924159405 141.787183651 120.544222922 126.924159405 141.787183651
1401408 512 10723.846 11807.355 12622.918 113.685424559 121.537955961 133.817829163 113.685424559 121.537955961 133.817829163
1541536 512 11731.771 12059.866 12457.014 126.718398486 130.891409905 134.551966962 126.718398486 130.891409905 134.551966962
1695680 512 13000.02 13628.871 14761.436 117.629227942 127.404267015 133.567203743 117.629227942 127.404267015 133.567203743
1865248 512 14585.775 15608.667 15856.666 120.454952636 122.36880651 130.950460431 120.454952636 122.36880651 130.950460431
2051744 512 14607.684 16583.477 16663.259 126.084930685 126.691516863 143.827444241 126.084930685 126.691516863 143.827444241
2256896 256 8543.553 9781.86 9860.628 117.186324441 118.129962195 135.251780143 117.186324441 118.129962195 135.251780143
2482560 256 8189.999 8841.048 9682.524 131.274729606 143.769236407 155.19790906 131.274729606 143.769236407 155.19790906
2730816 256 9170.512 10020.206 11598.672 120.546368757 139.535833096 152.464528916 120.546368757 139.535833096 152.464528916
3003872 256 9845.479 10702.909 11977.358 128.407488864 143.69761193 156.212050628 128.407488864 143.69761193 156.212050628
3304256 256 9868.731 11340.929 11486.752 147.280891239 149.174646275 171.428228412 147.280891239 149.174646275 171.428228412
3634656 256 11878.881 11968.606 13142.168 141.600980295 155.485431804 156.659863164 141.600980295 155.485431804 156.659863164
3998112 256 11830.881 12145.715 14148.984 144.67705554 168.539550286 173.024590814 144.67705554 168.539550286 173.024590814
4397920 128 6511.167 7269.006 11912.999 94.5074804422 154.886035312 172.913322604 94.5074804422 154.886035312 172.913322604
4837696 128 7410.049 9518.636 14214.465 87.1260491338 130.107945718 167.131172277 87.1260491338 130.107945718 167.131172277
5321440 128 8707.334 9972.306 16609.422 82.0190275134 136.607183935 156.453013058 82.0190275134 136.607183935 156.453013058
5853568 128 9717.096 10477.618 11462.097 130.736409577 143.020427735 154.214119939 130.736409577 143.020427735 154.214119939
6438912 128 11125.992 11159.328 12137.656 135.805584867 147.711535318 148.15411264 135.805584867 147.711535318 148.15411264
7082784 128 12264.752 12811.988 21469.416 84.4546821395 141.523134739 147.837698145 84.4546821395 141.523134739 147.837698145
7791040 128 13598.171 16108.882 22717.089 87.7976152666 123.814069778 146.674596164 87.7976152666 123.814069778 146.674596164
8570144 64 7442.24 7465.509 7757.711 141.404910804 146.939536474 147.398959453 141.404910804 146.939536474 147.398959453
9427136 64 7971.022 8178.449 8255.949 146.158050153 147.543062016 151.382521338 146.158050153 147.543062016 151.382521338
10369824 64 8859.721 9381.54 9506.013 139.631354596 141.483964466 149.817073472 139.631354596 141.483964466 149.817073472
11406784 64 10074.514 10257.549 10816.57 134.984412989 142.34086057 144.926926698 134.984412989 142.34086057 144.926926698
12547456 64 10797.067 11182.164 11468.948 140.036764314 143.628225091 148.750986541 140.036764314 143.628225091 148.750986541
13802176 64 12133.257 12307.154 12858.124 137.397844973 143.54890887 145.606289226 137.397844973 143.54890887 145.606289226
15182368 64 13151.053 13165.437 14059.596 138.221831125 147.609464388 147.770912641 138.221831125 147.609464388 147.770912641
16700576 64 14859.328 14881.062 15459.655 138.274348813 143.650616334 143.860726945 138.274348813 143.650616334 143.860726945
18370624 32 8105.884 8336.134 8441.365 139.280784091 141.038991936 145.045245651 139.280784091 141.038991936 145.045245651
20207680 32 9065.396 9209.369 10672.044 121.184987618 140.432153386 142.66244078 121.184987618 140.432153386 142.66244078
22228448 32 9735.154 10175.617 10410.832 136.648124953 139.806821739 146.13232333 136.648124953 139.806821739 146.13232333
24451264 32 10820.063 10948.246 11601.875 134.881723515 142.934392961 144.627706512 134.881723515 142.934392961 144.627706512
26896384 32 12480.319 12999.663 24448.129 70.4090106854 132.416400025 137.92664883 70.4090106854 132.416400025 137.92664883
29586016 32 14224.773 14774.714 23867.283 79.3347539391 128.158489159 133.11319794 79.3347539391 128.158489159 133.11319794
32544608 32 15967.54 16170.572 16550.933 125.84516607 128.805271205 130.443068375 125.84516607 128.805271205 130.443068375
35799040 16 9005.882 9268.363 10065.134 113.815601461 123.599958267 127.202341758 113.815601461 123.599958267 127.202341758
39378944 16 10204.036 10394.331 14212.923 88.6605948685 121.232064671 123.492920644 88.6605948685 121.232064671 123.492920644
43316832 16 12112.907 12126.966 12325.023 112.465398564 114.302177808 114.434844088 112.465398564 114.302177808 114.434844088
47648512 16 14078.688 14481.088 14868.517 102.549056103 105.292667512 108.30216452 102.549056103 105.292667512 108.30216452
52413344 16 16313.135 16438.445 16819.967 99.716426792 102.030758262 102.814511619 99.716426792 102.030758262 102.814511619
57654656 16 18897.022 19407.409 19455.686 94.8282672736 95.0641578173 97.631732238 94.8282672736 95.0641578173 97.631732238
63420096 16 22332.463 22390.049 22730.78 89.2817172134 90.6404033327 90.8741266917 89.2817172134 90.6404033327 90.8741266917
69762080 8 12871.792 13107.33 13112.966 85.1213432567 85.1579444479 86.7162303431 85.1213432567 85.1579444479 86.7162303431
76738272 8 14731.861 14850.082 15008.836 81.8059676313 82.6805099123 83.344008744 81.8059676313 82.6805099123 83.344008744
84412096 8 16983.722 17134.21 17151.115 78.7466899965 78.824383266 79.5228240312 78.7466899965 78.824383266 79.5228240312
92853280 8 19344.286 19530.658 19567.989 75.9225937831 76.0677126188 76.8005849376 75.9225937831 76.0677126188 76.8005849376
102138592 8 22035.022 22131.763 22209.132 73.5831311192 73.840365632 74.1645491436 73.5831311192 73.840365632 74.1645491436
112352448 8 24869.317 24917.693 24974.704 71.9783973416 72.1430819458 72.2834152623 71.9783973416 72.1430819458 72.2834152623
123587680 8 27958.795 27983.674 28038.362 70.5249072681 70.6627328492 70.725611744 70.5249072681 70.6627328492 70.725611744
135946432 4 15718.52 15765.456 16315.182 66.6600872733 68.9844591872 69.1904489736 66.6600872733 68.9844591872 69.1904489736
149541056 4 17651.664 17729.38 17860.299 66.9825543234 67.4771733699 67.774259016 66.9825543234 67.4771733699 67.774259016
164495136 4 19719.779 19767.999 19951.912 65.9566405465 66.5702728941 66.7330545642 65.9566405465 66.5702728941 66.7330545642
180944640 4 22000.674 22032.542 22274.102 64.9883492497 65.7008673806 65.7960351578 64.9883492497 65.7008673806 65.7960351578
199039104 4 24505.507 24566.444 24648.296 64.6013351998 64.8165779304 64.9777550817 64.6013351998 64.8165779304 64.9777550817
218943008 4 27332.626 27411.886 27534.181 63.6134433779 63.8972474933 64.0825387213 63.6134433779 63.8972474933 64.0825387213
240837280 4 30298.851 30460.272 30550.973 63.0650369139 63.2528245316 63.5898120361 63.0650369139 63.2528245316 63.5898120361
264920992 4 33771.098 33933.686 34064.077 62.2170956225 62.4561663004 62.7568560548 62.2170956225 62.4561663004 62.7568560548
291413088 2 18723.757 18806.964 19021.452 61.2809343892 61.9798257709 62.2552595614 61.2809343892 61.9798257709 62.2552595614
320554368 2 20751.948 20807.015 21077.939 60.8322033762 61.6242873858 61.7878124984 60.8322033762 61.6242873858 61.7878124984
352609792 2 23099.058 23370.166 25033.614 56.3418117736 60.3521244992 61.0604626388 56.3418117736 60.3521244992 61.0604626388
387870752 2 25519.082 26118.466 27191.835 57.0569440422 59.4017660915 60.7969756906 57.0569440422 59.4017660915 60.7969756906
426657824 2 28339.961 28802.703 28972.461 58.9052927192 59.2524700199 60.21995923 58.9052927192 59.2524700199 60.21995923
469323584 2 31496.134 36678.333 50175.692 37.4144184399 51.1826515125 59.6039607909 37.4144184399 51.1826515125 59.6039607909
516255936 2 34616.131 34945.353 35192.423 58.6780780624 59.0929427441 59.6549551999 58.6780780624 59.0929427441 59.6549551999
567881504 1 21734.93 22591.573 34916.992 32.5275157723 50.2737462327 52.2551951168 32.5275157723 50.2737462327 52.2551951168
624669632 1 24276.292 24348.449 38815.978 32.1862111525 51.3108356101 51.463348027 32.1862111525 51.3108356101 51.463348027
687136576 1 26947.48 26956.071 42550.157 32.2977222387 50.9819532676 50.9982065856 32.2977222387 50.9819532676 50.9982065856
755850208 1 29695.83 29733.121 46980.726 32.1770339607 50.8423053201 50.9061513351 32.1770339607 50.8423053201 50.9061513351
831435200 1 32670.478 32791.347 51360.842 32.3762293461 50.7106463178 50.8982574421 32.3762293461 50.7106463178 50.8982574421
914578720 1 36086.261 36191.117 56958.021 32.1141326171 50.5416132915 50.6884722693 32.1141326171 50.5416132915 50.6884722693
1006036576 1 40203.623 58190.279 64935.58 30.9856807624 34.5774790322 50.0470604851 30.9856807624 34.5774790322 50.0470604851

META_DATA
ERT_VERSION  1.1.0
HOSTNAME  ('kcadmin-UniServer-R5200-G3', [], ['127.0.1.1'])
CONFIG  {'ERT_WORKING_SET_MIN': ['1'], 'ERT_CFLAGS': ['-O3', '-march=native', '-fstrict-aliasing', '-ftree-vectorize'], 'ERT_CC': ['gcc'], 'ERT_MPI_CFLAGS': ['-I/usr/local/include'], 'ERT_MPI_LDFLAGS': ['-L/usr/local/lib', '-lmpi'], 'ERT_MEMORY_MAX': ['1073741824'], 'ERT_PROCS_THREADS': ['1-8'], 'ERT_LDFLAGS': [], 'ERT_LDLIBS': [], 'ERT_RUN': ['export', 'OMP_NUM_THREADS=ERT_OPENMP_THREADS;', 'mpirun', '-np', 'ERT_MPI_PROCS', 'ERT_CODE'], 'ERT_FLOPS': ['1,2,4,8,16'], 'ERT_OPENMP_CFLAGS': ['-fopenmp'], 'ERT_MPI': ['True'], 'ERT_TRIALS_MIN': ['1'], 'ERT_DRIVER': ['driver1'], 'ERT_RESULTS': ['Results.p100.01'], 'ERT_OPENMP': ['True'], 'ERT_MPI_PROCS': ['1,2,4,8'], 'ERT_KERNEL': ['kernel1'], 'ERT_GPU': [False], 'ERT_OPENMP_THREADS': ['1,2,4,8'], 'ERT_LD': ['gcc'], 'ERT_NUM_EXPERIMENTS': ['3'], 'ERT_OPENMP_LDFLAGS': ['-fopenmp'], 'ERT_ALIGN': ['32'], 'ERT_GNUPLOT': ['gnuplot']}
OPENMP_THREADS 2
TIMESTAMP_DATA  1560425001.97
TIMESTAMP_DATA  1560425018.65
MPI_PROCS      2
FLOPS          16
TIMESTAMP_DATA  1560425010.26
UNAME  ('Linux', 'kcadmin-UniServer-R5200-G3', '4.4.0-141-generic', '#167-Ubuntu SMP Wed Dec 5 10:40:15 UTC 2018', 'x86_64', 'x86_64')
