16 67108864 462773.577 481887.069 490497.377 4.37817560032 4.45640438631 4.64046297094 2.18908780016 2.22820219316 2.32023148547
32 33554432 231445.784 232008.172 233553.886 9.19481017755 9.25606899743 9.27856023508 4.59740508878 4.62803449872 4.63928011754
48 16777216 114772.945 115822.88 116119.059 13.8703564244 13.9058253084 14.0330348411 6.93517821222 6.95291265422 7.01651742055
64 16777216 115012.681 115710.011 121482.049 17.6773742761 18.5591862747 18.6717119306 8.83868713805 9.27959313736 9.33585596531
80 8388608 59629.839 60567.163 64175.656 20.9141185873 22.1601477355 22.5084840494 10.4570592936 11.0800738677 11.2542420247
96 8388608 58882.901 60020.636 67013.046 24.0343161837 26.8343163841 27.352808857 12.0171580919 13.4171581921 13.6764044285
112 8388608 61198.236 61434.55 62011.562 30.3015781476 30.5861797962 30.704286836 15.1507890738 15.2930898981 15.352143418
128 8388608 63984.943 64209.363 65585.454 32.7432916451 33.4450233995 33.5623280621 16.3716458226 16.7225116997 16.781164031
144 4194304 34779.127 36459.526 38431.265 31.4316885484 33.1315210187 34.7323137812 15.7158442742 16.5657605093 17.3661568906
160 4194304 38314.53 38337.289 43151.146 31.1040935043 35.0097076504 35.0305035714 15.5520467521 17.5048538252 17.5152517857
176 4194304 41294.276 42265.373 46822.417 31.5317982837 34.9315504207 35.7530183602 15.7658991419 17.4657752104 17.8765091801
192 4194304 45098.468 45711.044 45841.867 35.1340999266 35.2346521773 35.7132471994 17.5670499633 17.6173260886 17.8566235997
208 4194304 47956.337 49263.865 50662.982 34.4399479683 35.4180587333 36.383730976 17.2199739842 17.7090293667 18.191865488
224 4194304 39692.561 40226.983 40562.461 46.3248073631 46.7111389388 47.3400593124 23.1624036816 23.3555694694 23.6700296562
240 4194304 49904.738 49940.184 50728.063 39.687419565 40.3135463017 40.3421799349 19.8437097825 20.1567731509 20.1710899674
256 4194304 51041.878 51173.277 51264.394 41.8903546973 41.9649429135 42.0729748228 20.9451773486 20.9824714567 21.0364874114
272 2097152 28733.453 29235.011 29878.673 38.1827763234 39.0234396696 39.7046149657 19.0913881617 19.5117198348 19.8523074828
288 2097152 30813.332 30850.395 33058.628 36.5399178695 39.1553998579 39.2024968932 18.2699589348 19.577699929 19.6012484466
304 2097152 36294.224 37766.167 37951.568 33.5972525826 33.7621876215 35.1314417413 16.7986262913 16.8810938108 17.5657208706
320 2097152 36268.405 36583.752 38668.983 34.7094021066 36.6877973588 37.0067908969 17.3547010533 18.3438986794 18.5033954485
352 2097152 24531.73 25325.487 26117.206 56.5295923308 58.2968062174 60.1830775082 28.2647961654 29.1484031087 30.0915387541
384 2097152 28814.672 30468.822 31122.484 51.7507772195 52.8610110361 55.8955776418 25.8753886097 26.4305055181 27.9477888209
416 2097152 35376.76 35879.889 37891.046 46.0486222523 48.6297620374 49.3213755019 23.0243111262 24.3148810187 24.6606877509
448 2097152 39442.417 39668.986 44138.434 42.5717004822 47.3681931774 47.6402901982 21.2858502411 23.6840965887 23.8201450991
480 2097152 25501.601 26555.871 31189.103 64.5502988656 75.8124604537 78.9466480948 32.2751494328 37.9062302268 39.4733240474
528 1048576 17904.779 17905.81 20348.982 54.4153145351 61.8400539266 61.8436148248 27.2076572676 30.9200269633 30.9218074124
576 1048576 21362.094 21469.441 24007.401 50.3161317629 56.2641361738 56.5468699838 25.1580658814 28.1320680869 28.2734349919
624 1048576 15602.932 16002.015 16212.302 80.7178923758 81.7786290039 83.8703166815 40.3589461879 40.889314502 41.9351583408
672 1048576 20033.208 20231.416 20779.092 67.8223160088 69.6583048858 70.3475022073 33.9111580044 34.8291524429 35.1737511037
736 1048576 15587.002 16025.929 16213.738 95.1972871401 96.3129109083 99.0250640887 47.59864357 48.1564554542 49.5125320443
800 1048576 20798.399 21130.138 24164.938 69.4279290102 79.3994625118 80.6659012552 34.7139645051 39.6997312559 40.3329506276
880 1048576 18253.716 20111.015 20200.172 91.3602993083 91.7653216409 101.102359651 45.6801496542 45.8826608205 50.5511798255
960 1048576 25202.699 25428.039 27549.191 73.0789488519 79.1750366593 79.8829490445 36.5394744259 39.5875183297 39.9414745222
1056 524288 11819.513 12121.828 13275.925 83.4063356037 91.3472997637 93.6837461916 41.7031678019 45.6736498818 46.8418730958
1152 524288 11537.1 11629.802 11838.63 102.035417274 103.867593962 104.702182698 51.0177086369 51.9337969812 52.3510913488
1264 524288 11629.329 11634.338 11788.063 112.435780501 113.921399224 113.9704676 56.2178902505 56.9606996118 56.9852337998
1376 524288 11630.416 11857.078 11962.047 120.618199878 121.686015391 124.0575209 60.3090999392 60.8430076955 62.0287604502
1504 524288 12795.487 12993.325 13961.452 112.958043619 121.374498367 123.251135654 56.4790218095 60.6872491837 61.6255678272
1648 524288 14166.829 14388.527 15081.254 114.582862141 120.099385295 121.978831537 57.2914310707 60.0496926475 60.9894157683
1808 524288 16321.957 16531.446 17953.435 105.596806851 114.679950441 116.151844292 52.7984034253 57.3399752206 58.0759221459
1984 524288 19426.575 19876.379 20225.197 102.860544894 104.66568302 107.089118077 51.4302724468 52.33284151 53.5445590383
2176 262144 9271.708 9284.766 9317.182 122.445894907 122.873391532 123.046442791 61.2229474534 61.4366957659 61.5232213957
2384 262144 11297.148 11508.995 11869.291 105.305581606 108.602236077 110.638772901 52.6527908028 54.3011180385 55.3193864505
2608 262144 11471.439 11767.868 13167.717 103.840559757 116.192933503 119.195429972 51.9202798784 58.0964667517 59.5977149859
2864 262144 12171.128 12171.132 12727.485 117.977811956 123.370680065 123.37072061 58.9889059779 61.6853400325 61.6853603051
3136 262144 12995.562 13201.162 13875.066 118.497970965 124.547154864 126.517588697 59.2489854823 62.273577432 63.2587943484
3440 262144 12455.955 12851.004 13294.305 135.663407752 140.3431763 144.794254636 67.8317038762 70.1715881498 72.3971273178
3776 262144 15073.205 15905.251 16244.708 121.86808701 124.469050378 131.339783941 60.9340435051 62.2345251892 65.6698919706
4144 131072 8243.643 8392.961 8736.892 124.337663325 129.432834967 131.777265949 62.1688316623 64.7164174837 65.8886329745
4544 131072 8635.208 8842.288 9122.53 130.575874894 134.71426581 137.944834218 65.2879374472 67.357132905 68.9724171091
4992 131072 8433.218 9099.416 10638.802 123.004718764 143.813937949 155.174791877 61.5023593822 71.9069689747 77.5873959383
5488 131072 9175.259 9339.428 11577.137 124.266152504 154.040083825 156.796257414 62.1330762519 77.0200419126 78.3981287068
6032 131072 10023.842 10224.812 12873.62 122.828901894 154.64857525 157.749155264 61.414450947 77.324287625 78.874577632
6624 131072 10447.065 10801.138 11080.053 156.717829418 160.764713496 166.213367678 78.3589147092 80.382356748 83.106683839
7280 131072 11674.146 11899.423 12235.25 155.976242414 160.378223381 163.473055759 77.9881212072 80.1891116905 81.7365278796
8000 131072 13552.173 13758.57 14311.04 146.540852377 152.42514302 154.746548764 73.2704261885 76.21257151 77.3732743819
8800 65536 6958.589 7420.775 7437.771 155.077858676 155.433037654 165.756822252 77.5389293378 77.7165188272 82.8784111262
9680 65536 8130.574 8468.123 8573.695 147.984849006 149.829774556 156.050109131 73.9924245031 74.9148872779 78.0250545656
10640 65536 8821.365 8943.674 9629.768 144.822396552 155.932123644 158.094136225 72.411198276 77.966061822 79.0470681125
11696 65536 9418.29 9581.421 9641.572 159.00084675 159.999034799 162.7703237 79.5004233749 79.9995173994 81.38516185
12864 65536 10410.171 11154.594 11158.876 151.100362438 151.158366499 161.96758036 75.550181219 75.5791832495 80.9837901798
14144 65536 11618.467 12162.151 14217.704 130.392528076 152.430467933 159.563423298 65.1962640381 76.2152339664 79.7817116492
15552 65536 12262.769 12713.59 16522.546 123.372738318 160.334865604 166.229319332 61.6863691588 80.1674328022 83.1146596662
17104 32768 7412.79 7892.978 10180.528 110.1050696 142.015820138 151.215364795 55.0525347998 71.0079100689 75.6076823976
18800 32768 7162.916 7376.011 11452.248 107.583838562 167.038362605 172.00771306 53.7919192808 83.5191813027 86.0038565299
20672 32768 8046.697 8832.167 10536.34 128.579771723 153.38933152 168.362272371 64.2898858617 76.6946657598 84.1811361854
22736 32768 8799.052 9233.076 12745.879 116.902607972 161.379208402 169.339435203 58.4513039862 80.6896042012 84.6697176014
25008 32768 9580.329 9803.537 13563.06 120.837354402 167.176835055 171.071816845 60.4186772012 83.5884175273 85.5359084224
27504 32768 10238.653 10582.444 12343.119 146.032955204 170.329476253 176.048757976 73.0164776018 85.1647381267 88.0243789881
30240 32768 11424.948 11684.676 15076.395 131.45109557 169.607496177 173.463252524 65.7255477851 84.8037480885 86.7316262621
33264 16384 6243.38 6815.575 9301.187 117.188779454 159.927042399 174.584079777 58.5943897268 79.9635211996 87.2920398887
36576 16384 7170.67 8331.865 8622.445 139.000291449 143.848030183 167.142312782 69.5001457243 71.9240150915 83.5711563912
40224 16384 7764.699 8149.893 9168.602 143.758015889 161.727280591 169.750306097 71.8790079447 80.8636402956 84.8751530484
44240 16384 8593.276 9548.692 10068.382 143.981060711 151.8172667 168.696585563 71.9905303553 75.90863335 84.3482927815
48656 16384 9973.888 10196.563 11266.564 141.512515084 156.36247312 159.853389972 70.7562575422 78.1812365598 79.9266949859
53520 16384 9872.529 10120.981 11962.202 146.607067829 173.278001411 177.638714457 73.3035339146 86.6390007056 88.8193572285
58864 16384 10802.585 11316.675 12186.953 158.272174513 170.443664062 178.554998827 79.1360872566 85.2218320311 89.2774994133
64736 16384 12260.337 12333.25 12929.578 164.063301061 171.995966027 173.018836921 82.0316505303 85.9979830134 86.5094184605
71200 8192 6614.442 6865.4 7599.503 153.502248765 169.915926239 176.362692424 76.7511243827 84.9579631194 88.1813462118
78320 8192 7653.245 7858.56 8626.187 148.755745731 163.286261096 167.666771415 74.3778728655 81.6431305481 83.8333857076
86144 8192 7915.24 7938.997 9703.936 145.444415132 177.778540035 178.312129007 72.7222075661 88.8892700174 89.1560645034
94752 8192 8970.844 9374.68 10870.719 142.807183959 165.59677429 173.0513615 71.4035919795 82.7983871449 86.5256807498
104224 8192 9540.013 10246.276 15446.373 110.550613791 166.656257942 178.994097387 55.2753068957 83.328128971 89.4970486937
114640 8192 10494.366 11045.889 16909.466 111.077532549 170.041701487 178.978106919 55.5387662745 85.0208507437 89.4890534597
126096 8192 11928.179 12173.335 17978.951 114.909755525 169.711657816 173.199686557 57.4548777623 84.855828908 86.5998432787
138704 4096 6415.227 6416.268 12236.901 92.8554678999 177.090976873 177.119713457 46.42773395 88.5454884366 88.5598567284
152560 4096 7466.603 7575.647 12767.765 97.8849093792 164.972248575 167.381541512 48.9424546896 82.4861242875 83.6907707561
167808 4096 7673.444 7676.216 14260.718 96.3964883115 179.083435901 179.148129054 48.1982441557 89.5417179506 89.574064527
184576 4096 8868.113 8881.422 13547.952 111.607023113 170.24825439 170.503757902 55.8035115566 85.1241271949 85.251878951
203024 4096 9241.465 9879.708 14310.44 116.220927379 168.3422838 179.968501531 58.1104636894 84.1711419001 89.9842507654
223312 4096 10185.043 10193.053 14790.464 123.685903566 179.472421462 179.613567071 61.842951783 89.736210731 89.8067835354
245632 4096 11572.451 11625.091 15314.859 131.389870713 173.092610114 173.879962335 65.6949353566 86.5463050569 86.9399811673
270192 2048 6203.949 6205.832 7791.736 142.035925242 178.333289074 178.387416144 71.0179626209 89.1666445369 89.1937080721
297200 2048 6803.253 6809.357 9647.899 126.175781898 178.773296803 178.933695395 63.0878909491 89.3866484016 89.4668476977
326912 2048 7463.888 7469.744 9400.769 142.438512424 179.260701839 179.401345787 71.2192562119 89.6303509197 89.7006728933
359600 2048 8214.986 8219.505 9850.637 149.525517994 179.19833372 179.296909331 74.7627589972 89.5991668598 89.6484546657
395552 2048 9012.671 9023.956 11465.372 141.31080893 179.542208761 179.767018235 70.6554044649 89.7711043804 89.8835091173
435104 2048 10355.514 11031.551 12517.549 142.374995616 161.553528058 172.100195509 71.1874978081 80.7767640289 86.0500977547
478608 2048 10826.823 11103.538 13090.392 149.757040736 176.55438906 181.066815999 74.8785203682 88.2771945302 90.5334079997
526464 1024 6057.396 6284.716 7193.114 149.893116111 171.558789928 177.996992767 74.9465580554 85.7793949639 88.9984963836
579104 1024 6641.948 6642.338 7918.406 149.778249814 178.552339854 178.562824039 74.8891249072 89.2761699269 89.2814120195
637008 1024 7726.573 7753.832 8715.68 149.683373414 168.25130903 168.844892037 74.8416867072 84.1256545151 84.4224460184
700704 1024 7978.809 7988.606 10057.181 142.688273384 179.636070674 179.856641762 71.344136692 89.8180353368 89.928320881
770768 1024 9202.347 9219.023 10543.793 149.712049924 171.225612953 171.535898831 74.8560249618 85.6128064763 85.7679494155
847840 1024 9598.949 9614.953 11901.306 145.897964475 180.59124366 180.892337276 72.9489822377 90.2956218299 90.4461686378
932624 1024 10546.554 10612.293 13221.21 144.465896238 179.981268139 181.103131127 72.232948119 89.9906340694 90.5515655635
1025872 1024 12046.082 12077.697 14486.336 145.032246663 173.95583413 174.412382051 72.5161233317 86.9779170648 87.2061910254
1128448 512 6460.532 6462.082 7929.963 145.717042059 178.817098266 178.859999765 72.8585210297 89.4085491332 89.4299998824
1241280 512 7298.392 7549.02 8980.807 141.53190465 168.375593123 174.157639107 70.7659523248 84.1877965617 87.0788195537
1365408 512 7775.009 8084.286 9673.987 144.529633129 172.950065349 179.82973293 72.2648165643 86.4750326745 89.9148664651
1501936 512 8976.4 9386.713 11143.658 138.014147958 163.846754876 171.336222093 69.0070739788 81.9233774379 85.6681110467
1652128 512 9387.942 10764.913 12523.756 135.085598282 157.156780738 180.207661274 67.5427991411 78.5783903688 90.1038306372
1817328 512 11026.644 11702.231 13525.961 137.583116793 159.024708365 168.767929027 68.7915583965 79.5123541827 84.3839645136
1999056 512 13098.039 13679.691 16565.668 123.570829984 149.640320384 156.28548243 61.785414992 74.8201601922 78.1427412149
2198960 256 7650.522 7969.704 9947.336 113.182817993 141.26842352 147.162183182 56.5914089963 70.6342117599 73.5810915909
2418848 256 9528.487 9618.5 11746.357 105.432703603 128.757101003 129.973433978 52.7163518017 64.3785505016 64.9867169888
2660720 256 11569.314 12911.41 14478.484 94.0905580999 105.510446961 117.750165654 47.0452790499 52.7552234806 58.8750828269
2926784 256 13363.667 14362.83 16521.184 90.7025433528 104.332739996 112.133399313 45.3512716764 52.1663699981 56.0666996566
3219456 256 15935.468 16970.006 18176.163 90.6880881295 97.1338178667 103.439790535 45.3440440647 48.5669089333 51.7198952676
3541392 256 18604.909 19198.285 19841.691 91.3829725501 94.4455561525 97.4577571973 45.691486275 47.2227780763 48.7288785987
3895520 256 21027.857 21978.183 22391.18 89.075530633 90.7493690447 94.8506659523 44.5377653165 45.3746845224 47.4253329762
4285072 128 11909.036 11931.654 12457.962 88.0544050463 91.9385050891 92.1131174681 44.0272025232 45.9692525445 46.0565587341
4713568 128 12911.811 13445.111 13545.444 89.083341085 89.748117959 93.4550085964 44.5416705425 44.8740589795 46.7275042982
5184912 128 14439.145 14551.341 14661.113 90.5345639175 91.2175360333 91.9263205681 45.2672819587 45.6087680166 45.9631602841
5703392 128 15718.251 15887.206 16105.285 90.6577158988 91.9021476778 92.8900010567 45.3288579494 45.9510738389 46.4450005284
6273728 128 17308.136 17537.906 17769.554 90.3834934743 91.577316471 92.793029128 45.1917467371 45.7886582355 46.396514564
6901088 128 18893.504 19830.469 20262.184 87.1909231502 89.0890945645 93.5071931601 43.5954615751 44.5445472823 46.7535965801
7591184 128 20889.366 21156.118 28886.732 67.2745918091 91.8572634167 93.0302577876 33.6372959046 45.9286317083 46.5151288938
8350288 128 22987.23 23604.729 25764.558 82.9695478572 90.5612484685 92.9939678682 41.4847739286 45.2806242342 46.4969839341
9185312 64 12874.386 12973.075 14621.644 80.4095583233 90.6276989842 91.3224083851 40.2047791616 45.3138494921 45.6612041926
10103840 64 14255.821 14309.449 16798.699 76.9876000516 90.380245948 90.7202412264 38.4938000258 45.190122974 45.3601206132
11114224 64 15338.285 16131.489 17744.397 80.1729510448 88.1890488845 92.7496569532 40.0864755224 44.0945244422 46.3748284766
12225632 64 17162.526 17269.605 18099.974 86.4576322596 90.6147474711 91.1801034416 43.2288161298 45.3073737355 45.5900517208
13448192 64 19022.085 20051.009 21902.24 78.5932660769 85.849474009 90.4931597141 39.2966330384 42.9247370045 45.246579857
14793008 64 20555.122 22379.283 24720.627 76.5961568855 84.6097269515 92.1184035784 38.2980784428 42.3048634757 46.0592017892
16272304 64 22617.137 24236.489 27720.655 75.1372906593 85.9388054103 92.0918908525 37.5686453296 42.9694027052 46.0459454262
17899520 32 12624.731 13335.571 15103.854 75.8461568815 85.9032792822 90.740094185 37.9230784408 42.9516396411 45.3700470925
19689472 32 13686.94 14739.621 16497.341 76.3835946653 85.4924429875 92.0677819878 38.1917973327 42.7462214938 46.0338909939
21658416 32 15270.272 16637.292 19170.057 72.3074857837 83.315158741 90.7736695194 36.1537428918 41.6575793705 45.3868347597
23824256 32 17064.709 19100.516 19206.972 79.3853598579 79.827811144 89.3512092119 39.6926799289 39.913905572 44.675604606
26206672 32 18957.465 19730.844 21944.674 76.4297983192 85.0053352001 88.4731691711 38.2148991596 42.5026676 44.2365845855
28827328 32 21399.342 25134.291 26326.928 70.0784000321 73.403661635 86.2152206362 35.039200016 36.7018308175 43.1076103181
31710048 32 24237.133 24792.379 29654.411 68.4364653879 81.8575366245 83.7328025555 34.2182326939 40.9287683122 41.8664012777
34881040 16 14010.015 17213.173 17346.549 64.3467055032 64.8452949378 79.6710981394 32.1733527516 32.4226474689 39.8355490697
38369136 16 15714.93 19114.401 20395.667 60.1996665272 64.2349374171 78.1303099664 30.0998332636 32.1174687085 39.0651549832
42206048 16 19341.687 21419.794 24330.396 55.5105447523 63.0535259116 69.8281145797 27.7552723762 31.5267629558 34.9140572898
46426640 16 21763.476 24327.477 28956.283 51.3067398879 61.0689090365 68.2635659855 25.6533699439 30.5344545182 34.1317829928
51069296 16 23852.781 24225.641 34646.579 47.1682203314 67.4581726032 68.5126598865 23.5841101657 33.7290863016 34.2563299432
56176224 16 27504.499 28007.7 42363.498 42.4336811847 64.1837483264 65.3580044487 21.2168405923 32.0918741632 32.6790022243
61793840 16 31197.464 31415.693 47601.827 41.5404828894 62.9431564664 63.3834493727 20.7702414447 31.4715782332 31.6917246863
67973216 8 17760.419 17907.593 27201.047 39.9827056657 60.7324198177 61.2356868382 19.9913528329 30.3662099088 30.6178434191
74770528 8 20230.284 20320.412 30348.995 39.4190465945 58.8732378064 59.1355241479 19.7095232972 29.4366189032 29.5677620739
82247568 8 23019.256 23069.592 33489.002 39.2953211326 57.0431019326 57.1678375704 19.6476605663 28.5215509663 28.5839187852
90472320 8 25929.021 25943.366 37497.151 38.6044561092 55.7968121793 55.8276812688 19.3022280546 27.8984060896 27.9138406344
99519552 8 29099.882 29221.204 41743.51 38.1451591397 54.4916914443 54.7188759047 19.0725795699 27.2458457222 27.3594379524
109471504 8 32692.31 33020.948 46315.548 37.8176258219 53.0434215274 53.5766381758 18.9088129109 26.5217107637 26.7883190879
120418640 8 36431.135 37021.589 52698.525 36.5607621845 52.0425592753 52.8860338828 18.2803810923 26.0212796377 26.4430169414
132460496 8 40864.84 58956.85 61621.96 34.3930627328 35.9477810636 51.8628712605 17.1965313664 17.9738905318 25.9314356302
145706544 4 22869.447 25178.729 34650.332 33.6404381926 46.2951228396 50.9698530096 16.8202190963 23.1475614198 25.4849265048
160277184 4 25445.797 28169.88 33738.027 38.0051113244 45.5173210536 50.3901478111 19.0025556622 22.7586605268 25.1950739055
176304896 4 28282.277 31469.887 36423.565 38.7232597358 44.8186918498 49.870071211 19.3616298679 22.4093459249 24.9350356055
193935376 4 31474.267 34782.746 40072.504 38.7168969526 44.6049604019 49.2936978644 19.3584484763 22.302480201 24.6468489322
213328912 4 35691.966 35816.092 43643.09 39.1042727726 47.6498467784 47.8155587171 19.5521363863 23.8249233892 23.9077793585
234661792 4 38929.012 39859.65 47867.241 39.2187704322 47.0976121466 48.2235289198 19.6093852161 23.5488060733 24.1117644599
258127968 4 42686.824 43248.39 52125.973 39.6160229757 47.7479911738 48.3761392977 19.8080114879 23.8739955869 24.1880696488
283940752 2 23741.656 23806.815 28598.276 39.7143872589 47.7074740153 47.8384072282 19.8571936294 23.8537370077 23.9192036141
312334816 2 26400.701 26510.004 31205.756 40.0355390845 47.1270869669 47.3222004219 20.0177695423 23.5635434834 23.6611002109
343568288 2 29182.248 29330.943 34046.151 40.3650078389 46.8540391627 47.0927788702 20.1825039195 23.4270195813 23.5463894351
377925104 2 32210.042 32263.26 48920.472 30.9011821472 46.8551664029 46.932581336 15.4505910736 23.4275832014 23.466290668
415717600 2 35722.529 36186.485 52187.186 31.8635766259 45.9528025449 46.5496269875 15.9317883129 22.9764012725 23.2748134937
457289360 2 39432.991 39540.062 96490.807 18.9568052841 46.2608642344 46.3864747161 9.47840264203 23.1304321172 23.193237358
503018288 2 43434.184 43793.347 67730.146 29.7072023438 45.9447219688 46.3246449387 14.8536011719 22.9723609844 23.1623224693
553320112 1 30151.313 31203.928 67859.535 16.3078073553 35.4647730247 36.7028866703 8.15390367765 17.7323865124 18.3514433352
608652112 1 33313.826 34403.498 43762.362 27.8162367927 35.3831527248 36.5405109578 13.9081183964 17.6915763624 18.2702554789
669517312 1 36757.709 37008.674 48617.817 27.5420557036 36.1816428224 36.4286747033 13.7710278518 18.0908214112 18.2143373517
736469040 1 40458.135 41227.672 54390.049 27.0810213832 35.7269282631 36.4064749895 13.5405106916 17.8634641316 18.2032374948
810115936 1 44919.864 44979.004 99817.391 16.2319597394 36.021959757 36.069385072 8.11597986968 18.0109798785 18.034692536
891127520 1 49513.016 49640.908 66215.837 26.9158425046 35.9029500427 35.9956872754 13.4579212523 17.9514750214 17.9978436377
980240272 1 55107.68 55474.974 71808.991 27.3013242033 35.3399091994 35.5754505361 13.6506621016 17.6699545997 17.7877252681

META_DATA
ERT_VERSION  1.1.0
FLOPS          8
HOSTNAME  ('kcadmin-UniServer-R5200-G3', [], ['127.0.1.1'])
MPI_PROCS      1
CONFIG  {'ERT_WORKING_SET_MIN': ['1'], 'ERT_CFLAGS': ['-O3', '-march=native', '-fstrict-aliasing', '-ftree-vectorize'], 'ERT_CC': ['gcc'], 'ERT_MPI_CFLAGS': ['-I/usr/local/include'], 'ERT_MPI_LDFLAGS': ['-L/usr/local/lib', '-lmpi'], 'ERT_MEMORY_MAX': ['1073741824'], 'ERT_PROCS_THREADS': ['1-8'], 'ERT_LDFLAGS': [], 'ERT_LDLIBS': [], 'ERT_RUN': ['export', 'OMP_NUM_THREADS=ERT_OPENMP_THREADS;', 'mpirun', '-np', 'ERT_MPI_PROCS', 'ERT_CODE'], 'ERT_FLOPS': ['1,2,4,8,16'], 'ERT_OPENMP_CFLAGS': ['-fopenmp'], 'ERT_MPI': ['True'], 'ERT_TRIALS_MIN': ['1'], 'ERT_DRIVER': ['driver1'], 'ERT_RESULTS': ['Results.p100.01'], 'ERT_OPENMP': ['True'], 'ERT_MPI_PROCS': ['1,2,4,8'], 'ERT_KERNEL': ['kernel1'], 'ERT_GPU': [False], 'ERT_OPENMP_THREADS': ['1,2,4,8'], 'ERT_LD': ['gcc'], 'ERT_NUM_EXPERIMENTS': ['3'], 'ERT_OPENMP_LDFLAGS': ['-fopenmp'], 'ERT_ALIGN': ['32'], 'ERT_GNUPLOT': ['gnuplot']}
OPENMP_THREADS 2
UNAME  ('Linux', 'kcadmin-UniServer-R5200-G3', '4.4.0-141-generic', '#167-Ubuntu SMP Wed Dec 5 10:40:15 UTC 2018', 'x86_64', 'x86_64')
TIMESTAMP_DATA  1560424630.75
TIMESTAMP_DATA  1560424640.16
TIMESTAMP_DATA  1560424621.38
