16 67108864 284562.431 284587.468 289104.791 7.42804586729 7.54595296515 7.54661688985 1.85701146682 1.88648824129 1.88665422246
32 33554432 143728.711 145180.214 155428.341 13.8165513071 14.7918479305 14.9412294388 3.45413782677 3.69796198262 3.73530735971
48 16777216 72120.605 72339.255 72507.115 22.2131681284 22.2647127898 22.3322133252 5.5532920321 5.56617819744 5.58305333129
64 16777216 71180.83 71232.17 73501.672 29.2167999661 30.1476656966 30.1694100504 7.30419999153 7.53691642414 7.54235251261
80 8388608 35508.794 36154.152 37995.611 35.3245347206 37.1237383745 37.7984473367 8.83113368015 9.28093459363 9.44961183418
96 8388608 41350.996 41516.814 43000.001 37.4561092685 38.7942277074 38.9497930352 9.36402731712 9.69855692684 9.7374482588
112 8388608 46801.095 47953.108 53118.103 35.3749114873 39.1851179281 40.149662994 8.84372787183 9.79627948203 10.0374157485
128 8388608 52028.255 52208.251 60250.584 35.6425366433 41.1330317884 41.2753348733 8.91063416082 10.2832579471 10.3188337183
144 4194304 29105.941 29253.118 29634.349 40.7621423369 41.2933606599 41.5021645237 10.1905355842 10.323340165 10.3755411309
160 4194304 31651.715 31654.671 32683.037 41.0664798378 42.4006074806 42.4045673355 10.2666199595 10.6001518702 10.6011418339
176 4194304 34155.75 34276.812 34292.3 43.0532512547 43.0727048945 43.2253722433 10.7633128137 10.7681762236 10.8063430608
192 4194304 36879.549 36970.983 37485.478 42.9663118075 43.564238906 43.6722459919 10.7415779519 10.8910597265 10.918061498
208 4194304 39764.343 40129.072 40137.108 43.4717534706 43.4804588554 43.8792730462 10.8679383677 10.8701147138 10.9698182616
224 4194304 21900.989 22043.612 22058.22 85.1858487222 85.2423002183 85.7974127104 21.2964621805 21.3105750546 21.4493531776
240 4194304 24729.576 25215.1 25350.934 79.4158479526 79.8436619327 81.4112591336 19.8539619881 19.9609154832 20.3528147834
256 4194304 27240.373 27500.398 27638.493 77.6990137632 78.0891843093 78.8345904074 19.4247534408 19.5222960773 19.7086476019
272 2097152 15022.298 15024.18 16296.215 70.0070960036 75.9343064314 75.9438195142 17.5017740009 18.9835766078 18.9859548785
288 2097152 16379.301 16638.634 17073.456 70.7507344734 72.5996828826 73.7491515664 17.6876836184 18.1499207207 18.4372878916
304 2097152 18969.391 19095.379 20534.303 62.0945554373 66.7736637225 67.21715083 15.5236388593 16.6934159306 16.8042877075
320 2097152 19228.519 19359.188 20444.956 65.6483330167 69.3302467025 69.8013861598 16.4120832542 17.3325616756 17.4503465399
352 2097152 13160.451 13192.997 13310.81 110.916992129 111.907476974 112.184225905 27.7292480322 27.9768692436 28.0460564763
384 2097152 15021.867 15130.976 15430.786 104.376584317 106.444735356 107.217880174 26.0941460791 26.611183839 26.8044700436
416 2097152 18817.79 19089.316 19306.558 90.3750147489 91.4035088528 92.7223900362 22.5937536872 22.8508772132 23.1805975091
448 2097152 20460.149 20587.819 20782.517 90.4148516756 91.2699005174 91.8394187647 22.6037129189 22.8174751293 22.9598546912
480 2097152 14352.19 15102.727 15607.665 128.992127906 133.304794558 140.2758687 32.2480319766 33.3261986395 35.068967175
528 1048576 9143.932 9468.875 9581.045 115.571553625 116.940635081 121.096291617 28.8928884062 29.2351587702 30.2740729043
576 1048576 11048.429 11067.329 11604.584 104.093309334 109.146439218 109.333150623 26.0233273334 27.2866098044 27.3332876556
624 1048576 8237.813 8246.245 8705.967 150.313325102 158.693180714 158.855614712 37.5783312755 39.6732951786 39.7139036781
672 1048576 10365.083 10369.863 10400.789 135.498003469 135.90209861 135.964771724 33.8745008672 33.9755246525 33.9911929311
736 1048576 8238.199 8249.823 8478.372 182.051916571 187.095392471 187.359381826 45.5129791427 46.7738481177 46.8398454565
800 1048576 10953.284 10953.418 11277.54 148.766628183 153.168773437 153.170647269 37.1916570458 38.2921933592 38.2926618172
880 1048576 9936.635 10138.483 10146.545 181.883957544 182.028589484 185.726230258 45.470989386 45.5071473711 46.4315575645
960 1048576 13093.959 13123.313 13217.709 152.315799962 153.411407622 153.755324879 38.0789499905 38.3528519056 38.4388312198
1056 524288 6370.466 6373.202 6378.983 173.58507712 173.742532561 173.817151838 43.3962692799 43.4356331401 43.4542879595
1152 524288 5904.198 5958.658 6107.822 197.772553293 202.723423966 204.59333376 49.4431383233 50.6808559914 51.14833344
1264 524288 6106.939 6224.461 6281.307 211.007050603 212.934110118 217.03181643 52.7517626507 53.2335275295 54.2579541076
1376 524288 6732.988 6733.711 7194.923 200.535930127 214.271235579 214.294244398 50.1339825318 53.5678088947 53.5735610995
1504 524288 7189.303 7390.321 7718.804 204.313816493 213.395102053 219.361780134 51.0784541232 53.3487755133 54.8404450334
1648 524288 7459.41 7473.807 7479.012 231.053680352 231.21459358 231.660848244 57.7634200881 57.803648395 57.915212061
1808 524288 8729.726 9009.608 9531.643 198.898071193 210.422629708 217.168947571 49.7245177982 52.605657427 54.2922368927
1984 524288 9388.075 9535.318 9742.772 213.530069676 218.175710973 221.597588856 53.3825174191 54.5439277432 55.399397214
2176 262144 4802.558 4825.784 4943.823 230.762850531 236.407325318 237.550631976 57.6907126327 59.1018313294 59.3876579939
2384 262144 5355.77 5356.144 5362.07 233.100759968 233.358661007 233.374956729 58.2751899919 58.3396652517 58.3437391822
2608 262144 7232.498 7314.564 7428.075 184.077719194 186.934327733 189.055441702 46.0194297984 46.7335819332 47.2638604255
2864 262144 6384.633 6394.7 7551.458 198.843830158 234.813334793 235.183577819 49.7109575396 58.7033336982 58.7958944547
3136 262144 6754.848 6774.947 8171.02 201.219329778 242.683399294 243.405501945 50.3048324444 60.6708498236 60.8513754862
3440 262144 7130.921 7841.561 8434.648 213.826435911 229.998940262 252.919744869 53.4566089776 57.4997350655 63.2299362172
3776 262144 7846.82 9404.754 9484.509 208.731046383 210.501145272 252.29474972 52.1827615958 52.625286318 63.0736874301
4144 131072 4931.328 5319.289 5931.338 183.150030566 204.22367275 220.290505113 45.7875076416 51.0559181876 55.0726262784
4544 131072 4488.712 5430.194 5710.327 208.601422651 219.362758679 265.372858851 52.1503556626 54.8406896697 66.3432147128
4992 131072 5757.368 7392.053 7483.408 174.869905262 177.031042391 227.295328004 43.7174763156 44.2577605978 56.823832001
5488 131072 5734.259 6694.73 7238.397 198.75205408 214.892351447 250.886168902 49.6880135201 53.7230878616 62.7215422254
6032 131072 5518.404 6418.569 7814.079 202.359434554 246.355941332 286.54165371 50.5898586385 61.588985333 71.6354134275
6624 131072 5746.39 6693.292 6922.683 250.833651635 259.430166202 302.179604238 62.7084129087 64.8575415506 75.5449010596
7280 131072 6771.834 7297.434 7952.331 239.980996767 261.517722531 281.815579059 59.9952491917 65.3794306327 70.4538947647
8000 131072 6980.651 8446.427 9103.377 230.370773395 248.288655073 300.423556485 57.5926933489 62.0721637682 75.1058891212
8800 65536 3807.705 4389.713 5308.23 217.291564231 262.758317002 302.920945819 54.3228910578 65.6895792504 75.7302364548
9680 65536 5126.147 5749.498 5864.415 216.35183731 220.676128594 247.510841964 54.0879593276 55.1690321485 61.8777104909
10640 65536 4802.46 5810.499 6152.818 226.661357446 240.014855867 290.394106354 56.6653393616 60.0037139667 72.5985265885
11696 65536 4992.154 5898.557 5917.156 259.080225703 259.897142979 307.085500968 64.7700564258 64.9742857448 76.771375242
12864 65536 6047.019 6883.432 7270.828 231.900714472 244.951966984 278.833290916 57.9751786179 61.237991746 69.7083227289
14144 65536 6148.311 6150.436 7050.93 262.92735398 301.42291831 301.527097117 65.7318384951 75.3557295775 75.3817742791
15552 65536 6789.058 7129.222 10061.208 202.603081459 285.926254506 300.252515739 50.6507703648 71.4815636264 75.0631289348
17104 32768 3726.778 3731.37 4229.354 265.035214361 300.406484482 300.776634401 66.2588035903 75.1016211204 75.1941586003
18800 32768 3911.958 4166.586 4736.998 260.096542156 295.704156832 314.95143864 65.024135539 73.9260392081 78.73785966
20672 32768 4343.879 4607.391 4859.27 278.799118386 294.040638617 311.877976343 69.6997795965 73.5101596543 77.9694940858
22736 32768 4862.504 5212.415 5887.73 253.073170135 285.861063634 306.43193219 63.2682925338 71.4652659084 76.6079830474
25008 32768 5072.271 5095.453 6448.872 254.141234002 321.64447165 323.114496051 63.5353085005 80.4111179124 80.7786240128
27504 32768 5433.786 5454.048 6284.907 286.798538785 330.488866985 331.721224207 71.6996346963 82.6222167462 82.9303060518
30240 32768 5984.763 6211.374 6375.481 310.848489706 319.061231863 331.142376064 77.7121224265 79.7653079657 82.785594016
33264 16384 3351.564 3353.572 3485.85 312.691238005 325.025003787 325.219733832 78.1728095013 81.2562509468 81.3049334579
36576 16384 3639.517 3647.535 3733.308 321.034955594 328.584199466 329.308083463 80.2587388986 82.1460498666 82.3270208657
40224 16384 3972.403 4191.182 4258.995 309.476773746 314.484083965 331.804208183 77.3691934365 78.6210209912 82.9510520458
44240 16384 4357.417 4360.329 4601.516 315.038852413 332.464894277 332.687075853 78.7597131032 83.1162235694 83.1717689631
48656 16384 4708.969 4828.645 4972.497 320.635650057 330.187828677 338.579380752 80.1589125142 82.5469571691 84.644845188
53520 16384 5139.751 5141.459 5285.745 331.787356371 341.098384719 341.211735744 82.9468390927 85.2745961798 85.3029339359
58864 16384 5596.55 5596.719 5618.163 343.324953726 344.640413785 344.650820952 85.8312384315 86.1601034463 86.162705238
64736 16384 6125.123 6166.549 7489.731 283.223689609 343.996171603 346.322718417 70.8059224023 85.9990429007 86.5806796043
71200 8192 4289.704 4316.219 4503.674 259.019813601 270.269140653 271.939695606 64.7549534003 67.5672851632 67.9849239015
78320 8192 6150.602 6174.285 6533.387 196.405766259 207.828903266 208.629152073 49.1014415647 51.9572258164 52.1572880183
86144 8192 6744.432 6746.363 8187.49 172.382903185 209.206545216 209.266443193 43.0957257963 52.3016363039 52.3166107984
94752 8192 7397.234 7397.77 8973.112 173.007621882 209.849288096 209.864493674 43.2519054705 52.4623220241 52.4661234186
104224 8192 8156.585 8160.765 9887.137 172.709856857 209.245826341 209.353058418 43.1774642144 52.3114565853 52.3382646046
114640 8192 8909.634 10846.326 10876.027 172.697416069 173.170321453 210.812448637 43.1743540173 43.2925803632 52.7031121593
126096 8192 9778.623 9861.36 12200.05 169.340032541 209.500197133 211.272779818 42.3350081352 52.3750492833 52.8181949544
138704 4096 5478.836 5503.299 6677.03 170.174938258 206.469459137 207.391345169 42.5437345646 51.6173647843 51.8478362922
152560 4096 6082.933 6392.864 7627.583 163.848957134 195.494776676 205.455414354 40.9622392834 48.873694169 51.3638535884
167808 4096 6590.551 6616.538 8282.057 165.983298111 207.764715626 208.58394632 41.4958245277 51.9411789066 52.1459865799
184576 4096 7280.412 7459.273 9077.429 166.572119925 202.706965143 207.68695398 41.6430299813 50.6767412856 51.921738495
203024 4096 8207.961 8309.564 9640.933 172.511582437 200.151609399 202.6292045 43.1278956093 50.0379023496 50.6573011251
223312 4096 8838.491 8928.063 10518.089 173.92626208 204.901321149 206.977854478 43.4815655201 51.2253302872 51.7444636194
245632 4096 9542.674 9608.763 12293.548 163.680765227 209.414816871 210.865145765 40.9201913069 52.3537042177 52.7162864413
270192 2048 5428.483 5595.882 6011.501 184.09818646 197.771581316 203.870295256 46.0245466149 49.4428953291 50.9675738139
297200 2048 5838.554 6136.889 7717.218 157.742233017 198.362916455 208.498748149 39.4355582543 49.5907291137 52.1246870372
326912 2048 6479.178 6694.234 7734.817 173.11741855 200.027598677 206.666887682 43.2793546376 50.0068996692 51.6667219206
359600 2048 7019.948 7380.523 10186.547 144.594787615 199.56872975 209.819445956 36.1486969039 49.8921824375 52.454861489
395552 2048 7722.726 7771.008 12000.847 135.005553525 208.490454778 209.793924063 33.7513883812 52.1226136944 52.4484810156
435104 2048 8489.25 8688.858 11944.815 149.201639707 205.111648044 209.934444621 37.3004099268 51.277912011 52.4836111553
478608 2048 9356.866 9542.477 12473.424 157.164413556 205.437054551 209.512284134 39.2911033891 51.3592636377 52.3780710336
526464 1024 5216.007 5456.647 7289.268 147.915849987 197.593553697 206.709514002 36.9789624966 49.3983884242 51.6773785005
579104 1024 5702.273 5746.318 7707.944 153.867878646 206.393901625 207.988111408 38.4669696614 51.5984754063 51.9970278519
637008 1024 6529.447 6739.834 8171.565 159.650248637 193.564468205 199.801358982 39.9125621591 48.3911170513 49.9503397455
700704 1024 6851.633 7409.117 9534.607 150.508751121 193.685940173 209.445221599 37.6271877803 48.4214850434 52.3613053997
770768 1024 7806.089 8031.007 11502.229 137.237127169 196.554786218 202.218148422 34.3092817923 49.1386965545 50.5545371056
847840 1024 8271.101 8494.568 9764.441 177.826495137 204.410197199 209.932912196 44.4566237842 51.1025492997 52.4832280491
932624 1024 9346.649 9425.704 10841.04 176.183645849 202.63886411 204.35280623 44.0459114624 50.6597160276 51.0882015576
1025872 1024 9967.99 10194.338 10782.383 194.853573278 206.093407537 210.77327084 48.7133933195 51.5233518842 52.69331771
1128448 512 5573.517 5578.99 6058.478 190.729544945 207.121853956 207.325240418 47.6823862363 51.7804634889 51.8313101046
1241280 512 6128.916 6596.096 6670.839 190.541357691 192.700457968 207.389156582 47.6353394228 48.175114492 51.8472891454
1365408 512 6807.735 6987.901 7504.638 186.308492428 200.085518098 205.380760561 46.5771231071 50.0213795244 51.3451901403
1501936 512 7648.117 7708.995 8125.754 189.27258492 199.504924312 201.092957129 47.3181462299 49.8762310781 50.2732392823
1652128 512 8817.384 9259.756 9990.359 169.341169021 182.702338161 191.868594132 42.3352922553 45.6755845402 47.9671485329
1817328 512 9483.528 10224.505 10877.932 171.075152152 182.00821184 196.229069182 42.768788038 45.50205296 49.0572672955
1999056 512 11809.498 11959.967 12439.957 164.553088407 171.15710637 173.33787973 41.1382721017 42.7892765925 43.3344699326
2198960 256 7117.376 7416.676 7444.973 151.225198533 151.802171215 158.185758347 37.8062996333 37.9505428038 39.5464395867
2418848 256 8814.79 9057.298 9378.392 132.053573363 136.735058955 140.496844054 33.0133933408 34.1837647387 35.1242110135
2660720 256 11164.144 11211.338 11425.834 119.228814282 121.509907203 122.02356401 29.8072035704 30.3774768007 30.5058910025
2926784 256 13711.587 13750.76 14140.829 105.97069012 108.976769866 109.288108517 26.49267253 27.2441924665 27.3220271293
3219456 256 16004.764 16138.351 16678.045 98.834214202 102.139399001 102.991926154 24.7085535505 25.5348497501 25.7479815385
3541392 256 18429.619 18987.253 19609.976 92.4627701737 95.4952622162 98.3847090925 23.1156925434 23.873815554 24.5961772731
3895520 256 21071.766 21446.358 21938.288 90.9143976959 92.9997643423 94.653017692 22.728599424 23.2499410856 23.663254423
4285072 128 11713.234 11939.409 12106.504 90.6106694385 91.8787883052 93.6529084965 22.6526673596 22.9696970763 23.4132271241
4713568 128 12840.135 13166.342 13187.116 91.5039655373 91.6483415059 93.9766916781 22.8759913843 22.9120853765 23.4941729195
5184912 128 14125.4 14301.969 14997.817 88.5020447976 92.8080232869 93.9681334334 22.1255111994 23.2020058217 23.4920333583
5703392 128 15575.419 15849.101 16098.939 90.6934520343 92.1231022504 93.7418346177 22.6733630086 23.0307755626 23.4354586544
6273728 128 17609.319 18136.788 18881.784 85.0594609069 88.5534069208 91.2059329495 21.2648652267 22.1383517302 22.8014832374
6901088 128 18829.506 19568.032 22419.839 78.799786564 90.2839144989 93.8250067739 19.699946641 22.5709786247 23.4562516935
7591184 128 22171.98 22544.03 24377.85 79.7175757501 86.2021166579 87.6486044097 19.9293939375 21.5505291645 21.9121511024
8350288 128 22770.723 23077.866 27779.857 76.9504943096 92.6287434029 93.8781666265 19.2376235774 23.1571858507 23.4695416566
9185312 64 12512.603 12676.651 14890.805 78.9561031791 92.7468884329 93.9628577683 19.7390257948 23.1867221082 23.4907144421
10103840 64 13844.17 14062.376 16112.513 80.2662824849 91.968207933 93.4177722464 20.0665706212 22.9920519832 23.3544430616
11114224 64 15222.301 15301.95 18712.293 76.0259938213 92.9698941638 93.4563488135 19.0064984553 23.242473541 23.3640872034
12225632 64 16792.367 17077.349 18097.434 86.4697667084 91.6348840795 93.1900128195 21.6174416771 22.9087210199 23.2975032049
13448192 64 18441.678 19038.191 19478.997 88.3704934089 90.4166039725 93.341212009 22.0926233522 22.6041509931 23.3353030023
14793008 64 20572.193 20819.157 25444.915 74.4158518116 90.9501294409 92.0419628573 18.6039629529 22.7375323602 23.0104907143
16272304 64 22646.839 22989.058 27938.635 74.5510620687 90.6020121399 91.9711096105 18.6377655172 22.650503035 22.9927774026
17899520 32 12490.193 13297.301 15749.627 72.7362800402 86.1505112955 91.717500282 18.18407001 21.5376278239 22.9293750705
19689472 32 13844.822 13984.75 17161.559 73.4272572789 90.1071673072 91.01786993 18.3568143197 22.5267918268 22.7544674825
21658416 32 15403.603 15834.277 18874.711 73.4389323365 87.5403798986 89.9879478847 18.3597330841 21.8850949747 22.4969869712
23824256 32 17060.633 17654.127 20893.726 72.9765664583 86.3680421014 89.3725563407 18.2441416146 21.5920105254 22.3431390852
26206672 32 18948.619 20347.22 23406.583 71.6562091955 82.4302783378 88.5144721101 17.9140522989 20.6075695844 22.1286180275
28827328 32 21990.771 22499.429 26093.78 70.7045507397 81.9998139508 83.8965124051 17.6761376849 20.4999534877 20.9741281013
31710048 32 23758.113 24041.004 25083.602 80.9071628548 84.415903429 85.4210547782 20.2267907137 21.1039758572 21.3552636946
34881040 16 13586.69 13771.941 14331.657 77.8830584628 81.0483634805 82.1534369298 19.4707646157 20.2620908701 20.5383592325
38369136 16 15438.633 15806.385 16648.574 73.7487998672 77.6782516686 79.5285665512 18.4371999668 19.4195629171 19.8821416378
42206048 16 17583.233 18260.863 18333.12 73.6695955735 73.9611011813 76.8114450852 18.4173988934 18.4902752953 19.2028612713
46426640 16 20304.189 20739.934 24073.711 61.7126491217 71.6324593897 73.1697523107 15.4281622804 17.9081148474 18.2924380777
51069296 16 23409.611 23485.253 24507.651 66.681930145 69.5848357265 69.8096808187 16.6704825362 17.3962089316 17.4524202047
56176224 16 26909.252 26948.267 27825.96 64.602952351 66.7070416068 66.8037583505 16.1507380877 16.6767604017 16.7009395876
61793840 16 30953.886 31003.214 31755.285 62.2700404043 63.7805770718 63.8822175671 15.5675101011 15.9451442679 15.9705543918
67973216 8 17680.632 17695.027 18353.488 59.2569355754 61.4619834149 61.5120237783 14.8142338939 15.3654958537 15.3780059446
74770528 8 20099.41 20113.252 20656.669 57.914877176 59.4796131426 59.5205753801 14.478719294 14.8699032857 14.880143845
82247568 8 22830.69 23099.321 23232.407 56.6433382473 56.9696870311 57.6400050984 14.1608345618 14.2424217578 14.4100012746
90472320 8 25943.301 26348.163 26995.732 53.6217028677 54.9395842131 55.7969519762 13.4054257169 13.7348960533 13.949237994
99519552 8 29073.675 29783.239 29918.491 53.2216959739 53.4633869741 54.7681994794 13.3054239935 13.3658467435 13.6920498699
109471504 8 32689.762 33089.183 33232.213 52.7062120118 52.9340378093 53.5808142011 13.176553003 13.2335094523 13.3952035503
120418640 8 36614.825 36815.799 37537.877 51.3267769512 52.3334625985 52.6207141506 12.8316942378 13.0833656496 13.1551785377
132460496 8 40953.515 41995.285 45000.339 47.0967104492 50.4668068332 51.7505746698 11.7741776123 12.6167017083 12.9376436675
145706544 4 22927.988 23639.43 26437.141 44.0914678331 49.3096640655 50.8397139775 11.0228669583 12.3274160164 12.7099284944
160277184 4 25480.42 26481.551 28805.16 44.5134646709 48.4192739315 50.3216772722 11.1283661677 12.1048184829 12.580419318
176304896 4 28768.052 29424.083 33049.2 42.6769533907 47.9348555399 49.0279692209 10.6692383477 11.983713885 12.2569923052
193935376 4 31600.185 32541.441 35336.903 43.9054607587 47.6771452131 49.0972761077 10.9763651897 11.9192863033 12.2743190269
213328912 4 35909.618 36082.111 57843.538 29.5042688433 47.2985434805 47.5257435487 7.37606721083 11.8246358701 11.8814358872
234661792 4 39063.515 39903.501 40605.148 46.2329145063 47.0458553499 48.0574862759 11.5582286266 11.7614638375 12.014371569
258127968 4 43195.152 44848.975 53578.327 38.5421467901 46.0439451292 47.8068405454 9.63553669752 11.5109862823 11.9517101364
283940752 2 24110.353 24436.173 25966.88 43.7389092567 46.4787595013 47.1068593645 10.9347273142 11.6196898753 11.7767148411
312334816 2 26573.078 27005.442 27986.702 44.6404604587 46.2625001287 47.0152258613 11.1601151147 11.5656250322 11.7538064653
343568288 2 29866.012 30398.545 31133.201 44.1417235574 45.2085174471 46.014618624 11.0354308894 11.3021293618 11.503654656
377925104 2 33118.127 33790.822 34530.531 43.7786611506 44.7370121982 45.6457098555 10.9446652877 11.1842530495 11.4114274639
415717600 2 37811.173 38301.799 38903.098 42.7439069248 43.4149424678 43.9782812345 10.6859767312 10.853735617 10.9945703086
457289360 2 41429.796 42489.661 44185.691 41.3970540825 43.0494712584 44.150771102 10.3492635206 10.7623678146 11.0376927755
503018288 2 45579.384 46910.638 49500.358 40.6476484877 42.8916177179 44.1443691297 10.1619121219 10.7229044295 11.0360922824
553320112 1 29648.983 33358.279 45226.834 24.4686644217 33.1743800092 37.3247279342 6.11716610541 8.29359500231 9.33118198354
608652112 1 32879.97 35527.668 50472.799 24.1180249187 34.2635554915 37.0226683297 6.02950622968 8.56588887286 9.25566708242
669517312 1 36313.936 37608.962 40442.087 33.1099288719 35.6041366949 36.873849863 8.27748221797 8.90103417372 9.21846246576
736469040 1 39711.022 40261.672 40765.645 36.1318477851 36.5841259648 37.0914170882 9.03296194627 9.14603149119 9.27285427205
810115936 1 43503.661 44434.116 55481.175 29.2032724974 36.4636909171 37.2435752476 7.30081812435 9.11592272928 9.3108938119
891127520 1 48386.208 49825.467 57863.513 30.8010168688 35.7699615741 36.8339473926 7.7002542172 8.94249039352 9.20848684815
980240272 1 55362.796 87994.627 102100.219 19.2015312328 22.2795483183 35.411516138 4.80038280819 5.56988707958 8.85287903451

META_DATA
ERT_VERSION  1.1.0
TIMESTAMP_DATA  1560424479.64
HOSTNAME  ('kcadmin-UniServer-R5200-G3', [], ['127.0.1.1'])
OPENMP_THREADS 1
CONFIG  {'ERT_WORKING_SET_MIN': ['1'], 'ERT_CFLAGS': ['-O3', '-march=native', '-fstrict-aliasing', '-ftree-vectorize'], 'ERT_CC': ['gcc'], 'ERT_MPI_CFLAGS': ['-I/usr/local/include'], 'ERT_MPI_LDFLAGS': ['-L/usr/local/lib', '-lmpi'], 'ERT_MEMORY_MAX': ['1073741824'], 'ERT_PROCS_THREADS': ['1-8'], 'ERT_LDFLAGS': [], 'ERT_LDLIBS': [], 'ERT_RUN': ['export', 'OMP_NUM_THREADS=ERT_OPENMP_THREADS;', 'mpirun', '-np', 'ERT_MPI_PROCS', 'ERT_CODE'], 'ERT_FLOPS': ['1,2,4,8,16'], 'ERT_OPENMP_CFLAGS': ['-fopenmp'], 'ERT_MPI': ['True'], 'ERT_TRIALS_MIN': ['1'], 'ERT_DRIVER': ['driver1'], 'ERT_RESULTS': ['Results.p100.01'], 'ERT_OPENMP': ['True'], 'ERT_MPI_PROCS': ['1,2,4,8'], 'ERT_KERNEL': ['kernel1'], 'ERT_GPU': [False], 'ERT_OPENMP_THREADS': ['1,2,4,8'], 'ERT_LD': ['gcc'], 'ERT_NUM_EXPERIMENTS': ['3'], 'ERT_OPENMP_LDFLAGS': ['-fopenmp'], 'ERT_ALIGN': ['32'], 'ERT_GNUPLOT': ['gnuplot']}
FLOPS          4
MPI_PROCS      2
TIMESTAMP_DATA  1560424487.31
TIMESTAMP_DATA  1560424494.88
UNAME  ('Linux', 'kcadmin-UniServer-R5200-G3', '4.4.0-141-generic', '#167-Ubuntu SMP Wed Dec 5 10:40:15 UTC 2018', 'x86_64', 'x86_64')
