1024 1048576 562193.871 562575.102 562939.167 3.81477035866 3.81723905016 3.81982756977 0.238423147416 0.238577440635 0.23873922311
1120 524288 281365.871 281404.972 281460.047 4.17254645026 4.17336307761 4.17394304372 0.260784153141 0.26083519235 0.260871440232
1232 524288 281198.025 281323.91 281466.007 4.58970390694 4.59202217117 4.59407789937 0.286856494184 0.287001385698 0.287129868711
1352 524288 281259.06 281433.821 281641.006 5.03362337798 5.03732901384 5.04045897046 0.314601461124 0.314833063365 0.315028685654
1480 524288 281236.887 281493.902 281666.04 5.50968970203 5.51305896495 5.51809720465 0.344355606377 0.344566185309 0.344881075291
1624 524288 281194.925 281339.884 281368.017 6.052171253 6.05277644886 6.05589672004 0.378260703312 0.378298528054 0.378493545003
1784 524288 281311.989 281354.904 281516.075 6.64494766063 6.64875414434 6.64976843202 0.415309228789 0.415547134021 0.415610527001
1960 524288 281189.919 281378.984 281515.121 7.3005277752 7.30405992226 7.30897098768 0.45628298595 0.456503745141 0.45681068673
2152 262144 140703.917 140845.06 140980.959 8.0029798634 8.01070180239 8.01873750252 0.500186241463 0.500668862649 0.501171093908
2360 262144 140634.06 140784.025 140820.026 8.78653210872 8.78877898256 8.79815088891 0.549158256795 0.54929868641 0.549884430557
2592 262144 140877.962 140963.078 141011.0 9.63722330882 9.64049959238 9.64632421358 0.602326456801 0.602531224524 0.602895263349
2848 262144 140782.833 140796.9 140810.013 10.604162248 10.6051498577 10.6062095227 0.662760140502 0.662821866106 0.66288809517
3128 262144 140925.884 141046.047 141115.189 11.6215190981 11.627216068 11.6371302237 0.726344943633 0.726701004247 0.727320638982
3440 262144 140928.984 140982.151 141007.9 12.7904232316 12.7927592763 12.7975854846 0.799401451975 0.79954745477 0.799849092788
3784 262144 140887.022 141016.006 141055.822 14.064685625 14.068656802 14.0815368501 0.87904285156 0.879291050124 0.880096053134
4160 131072 70497.99 70512.056 70549.011 15.457609179 15.4657104311 15.4687962026 0.966100573685 0.966606901946 0.96679976266
4576 131072 70497.99 70542.097 70651.054 16.9788117245 17.0050366379 17.0156758228 1.06117573278 1.06281478987 1.06347973893
5032 131072 70477.009 70577.86 70646.048 18.6720792648 18.6901190827 18.7168642188 1.16700495405 1.16813244267 1.16980401367
5528 131072 70358.992 70549.011 70585.966 20.5300304596 20.5407845051 20.5962591391 1.28312690372 1.28379903157 1.2872661962
6080 131072 70458.889 70489.883 70552.826 22.5906687281 22.6108407642 22.6207869954 1.41191679551 1.41317754776 1.41379918721
6688 131072 70455.074 70536.852 70597.887 24.8338745889 24.8553631512 24.8842130519 1.55211716181 1.55346019695 1.55526331574
7352 131072 70533.037 70569.992 70627.213 27.2881033547 27.3102296512 27.3245385421 1.70550645967 1.7068893532 1.70778365888
8080 131072 70486.069 70551.157 70571.899 30.0136959613 30.0225199709 30.0502432615 1.87585599758 1.87640749818 1.87814020385
8888 65536 35246.849 35318.136 35336.971 32.9673965547 32.9849779162 33.051690266 2.06046228467 2.06156111976 2.06573064162
9776 65536 35271.883 35296.917 35343.885 36.254075408 36.3023170551 36.3280823992 2.265879713 2.26889481594 2.27050514995
10752 65536 35284.996 35319.09 35359.859 39.8555363018 39.9015417441 39.9400964648 2.49097101886 2.49384635901 2.49625602905
11824 65536 35303.116 35306.215 35354.137 43.8363218426 43.8958219679 43.8996752581 2.73977011516 2.74348887299 2.74372970363
13000 65536 35292.149 35346.985 35351.038 48.2004517095 48.2059785297 48.2808796937 3.01252823184 3.01287365811 3.01755498085
14296 65536 35220.146 35350.084 35375.118 52.9695847799 53.0070964471 53.2026560026 3.31059904874 3.31294352794 3.32516600016
15720 65536 35427.094 35443.783 35456.896 58.1114556672 58.1329549388 58.1603402187 3.6319659792 3.63330968368 3.63502126367
17288 32768 17805.099 17822.981 17824.173 63.5645966856 63.5688478824 63.6326912869 3.97278729285 3.97305299265 3.97704320543
19016 32768 17814.875 17835.855 17847.061 69.8284482806 69.8723204467 69.9546068103 4.36427801754 4.36702002792 4.37216292565
20912 32768 17803.907 17842.054 17851.114 76.7732944846 76.8122791244 76.9768586187 4.79833090529 4.80076744527 4.81105366367
23000 32768 17825.127 17837.048 17850.876 84.440001712 84.5054630116 84.5619781559 5.277500107 5.28159143822 5.28512363474
25296 32768 17796.993 17838.001 17845.154 92.8990949588 92.9363472959 93.1504921084 5.80619343492 5.80852170599 5.82190575678
27824 32768 17822.981 17832.041 17835.855 102.236403245 102.258270043 102.310251242 6.38977520281 6.3911418777 6.39439070266
30600 32768 17863.035 17873.049 17874.002 112.196563478 112.202545855 112.265446493 7.01228521738 7.01265911597 7.01659040583
33656 16384 8922.815 8930.922 8959.055 123.097782969 123.485549196 123.597744434 7.69361143558 7.71784682477 7.72485902711
37016 16384 8934.975 8944.035 8949.041 135.538577597 135.614438897 135.751950957 8.47116109983 8.47590243106 8.4844969348
40712 16384 8914.948 8926.868 8956.194 148.952871722 149.442202573 149.642018776 9.30955448263 9.34013766082 9.35262617348
44776 16384 8897.066 8899.927 8913.04 164.614987479 164.857528382 164.910541071 10.2884367174 10.3035955239 10.3069088169
49248 16384 8839.13 8857.965 8877.993 181.770639378 182.181625689 182.569830289 11.3606649611 11.3863516056 11.410614393
54168 16384 8825.064 8849.859 8898.02 199.479999371 200.565571045 201.12908235 12.4674999607 12.5353481903 12.5705676469
59584 16384 8853.912 8863.211 8872.032 220.067794165 220.286813887 220.518174565 13.7542371353 13.767925868 13.7823859103
65536 16384 8852.005 8874.893 8894.205 241.447509699 241.972905814 242.598557954 15.0904693562 15.1233066134 15.1624098721
72088 8192 4443.884 4453.182 4477.978 263.75515735 265.223786497 265.778717896 16.4846973344 16.5764866561 16.6111698685
79296 8192 4405.975 4420.042 4422.188 293.78797645 293.930615139 294.869050324 18.3617485281 18.3706634462 18.4293156452
87224 8192 4434.824 4446.983 4466.057 319.986515174 321.359001372 322.240074465 19.9991571984 20.0849375858 20.1400046541
95944 8192 4441.977 4450.083 4456.043 352.767353457 353.239815078 353.884429388 22.0479595911 22.0774884424 22.1177768368
105536 8192 4447.937 4450.083 4460.096 387.68264719 388.554960436 388.742426882 24.2301654494 24.2846850272 24.2964016801
116088 8192 4430.056 4441.977 4449.129 427.496211506 428.184520541 429.336737955 26.7185132191 26.7615325338 26.8335461222
127696 8192 4402.161 4406.929 4425.049 472.801829765 474.74585227 475.260051597 29.5501143603 29.6716157669 29.7037532248
140464 4096 2198.935 2230.883 2239.943 513.70998637 515.796251081 523.2901782 32.1068741481 32.2372656926 32.7056361375
154504 4096 2197.981 2204.895 2211.809 572.245057326 574.039474896 575.845181555 35.7653160829 35.877467181 35.9903238472
169952 4096 2218.008 2220.154 2223.015 626.28762469 627.094689828 627.701425784 39.1429765431 39.1934181142 39.2313391115
186944 4096 2210.14 2215.147 2218.008 690.459749469 691.351521141 692.917755436 43.1537343418 43.2094700713 43.3073597148
205632 4096 2206.087 2219.915 2222.776 757.852947845 758.829659694 763.586088853 47.3658092403 47.4268537309 47.7241305533
226192 4096 2216.101 2225.161 2240.181 827.149620499 832.732941122 836.137370995 51.6968512812 52.0458088201 52.2585856872
248808 4096 2228.022 2233.028 2238.989 910.337270974 912.767388497 914.818227109 56.8960794359 57.047961781 57.1761391943
273688 2048 1154.9 1163.96 1176.119 953.156991767 963.113893948 970.669363581 59.5723119854 60.1946183718 60.6668352238
301056 2048 1176.834 1179.934 1194.0 1032.76832161 1045.07995871 1047.83289402 64.5480201005 65.3174974193 65.4895558762
331160 2048 1189.947 1192.808 1203.06 1127.48438149 1137.17493511 1139.90905477 70.4677738434 71.0734334444 71.2443159233
364272 2048 1218.081 1222.134 1230.001 1213.05438939 1220.86294302 1224.92519956 75.8158993367 76.3039339385 76.5578249722
400696 2048 1243.83 1246.929 1257.181 1305.50081174 1316.23437742 1319.51377278 81.5938007335 82.2646485887 82.4696107989
440760 2048 1295.09 1302.004 1304.865 1383.5553563 1386.59555577 1393.99806963 86.4722097688 86.6622222359 87.124879352
484832 2048 1334.19 1347.065 1352.072 1468.76192392 1474.22126772 1488.44757643 91.7976202451 92.1388292324 93.027973527
533312 1024 715.971 722.885 730.991 1494.16747402 1510.92217434 1525.51287133 93.3854671261 94.4326358964 95.3445544582
586640 1024 766.993 767.946 771.046 1558.19331142 1564.48333607 1566.42722945 97.387081964 97.7802085042 97.9017018408
645304 1024 813.007 819.921 823.021 1605.77019541 1611.84137496 1625.54884767 100.360637213 100.740085935 101.59680298
709832 1024 877.857 880.003 883.102 1646.16990563 1651.96702284 1656.00540407 102.885619102 103.247938927 103.500337754
780808 1024 949.144 951.052 952.005 1679.71258974 1681.39574282 1684.77573898 104.982036859 105.087233926 105.298483686
858888 1024 1020.908 1021.147 1022.1 1720.96920458 1722.57532363 1722.97858769 107.560575286 107.660957727 107.686161731
944776 1024 1325.846 1326.799 1329.184 1455.70609336 1458.32281152 1459.37103404 90.9816308352 91.1451757199 91.2106896276
1039248 1024 1356.84 1359.94 1360.893 1563.95830091 1565.05427004 1568.62998143 97.7473938069 97.8158918776 98.0393738392
1143168 512 703.812 705.004 705.957 1658.18035943 1660.42183023 1663.23397726 103.636272464 103.776364389 103.952123578
1257480 512 751.972 752.926 754.118 1707.50402457 1710.20727137 1712.37695021 106.719001536 106.88795446 107.023559388
1383224 512 828.981 830.173 832.081 1702.26381326 1706.17615365 1708.62948125 106.391488329 106.636009603 106.789342578
1521544 512 914.097 915.051 916.004 1700.93258981 1702.70406349 1704.48109555 106.308286863 106.419003968 106.530068472
1673696 512 1000.881 1002.073 1003.981 1707.06886286 1710.31921227 1712.35611826 106.691803929 106.894950767 107.022257391
1841064 512 1204.967 1205.921 1208.067 1560.5504794 1563.32756126 1564.56528353 97.5344049626 97.7079725786 97.7853302207
2025168 512 1232.147 1234.055 1235.962 1677.86067209 1680.45349032 1683.05570033 104.866292006 105.028343145 105.190981271
2227680 256 669.003 669.956 671.148 1699.43464035 1702.4583107 1704.88347586 106.214665022 106.403644418 106.555217241
2450448 256 734.091 735.044 735.998 1704.6641105 1706.87656249 1709.09243677 106.541506906 106.679785156 106.818277298
2695488 256 805.855 808.001 808.954 1706.01771671 1708.0298861 1712.57838693 106.626107294 106.751867881 107.036149183
2965032 256 895.977 895.977 895.977 1694.3474933 1694.3474933 1694.3474933 105.896718331 105.896718331 105.896718331
3261528 256 974.894 975.847 976.086 1710.81476017 1711.23376513 1712.9065683 106.925922511 106.952110321 107.056660519
3587680 256 1367.092 1368.999 1374.96 1335.96043521 1341.77757617 1343.64926428 83.4975272008 83.8610985107 83.9780790174
3946448 256 1605.988 1607.895 1609.802 1255.17385119 1256.6625159 1258.15471598 78.4483656996 78.5414072436 78.6346697485
4341088 128 1268.864 1273.87 1276.016 870.928364535 872.395556846 875.837385252 54.4330227834 54.5247223029 54.7398365782
4775192 128 1837.015 1841.068 1851.082 660.397082355 663.98913674 665.454093734 41.2748176472 41.4993210463 41.5908808583
5252704 128 2190.828 2195.12 2200.127 611.188455939 612.582557673 613.782653864 38.1992784962 38.2864098546 38.3614158665
5777968 128 2565.861 2576.828 2584.934 572.223433171 574.023492449 576.47698297 35.7639645732 35.8764682781 36.0298114356
6355760 128 2962.112 2964.02 2967.119 548.368488086 548.941829003 549.295421645 34.2730305053 34.3088643127 34.3309638528
6991336 128 3233.91 3238.916 3243.923 551.733816123 552.586734574 553.442123003 34.4833635077 34.5366709109 34.5901326877
7690464 128 3617.048 3618.002 3619.909 543.869689542 544.156355911 544.29987769 33.9918555964 34.0097722445 34.0187423556
8459504 64 2024.174 2025.843 2028.942 533.68529608 534.501692382 534.942407125 33.355331005 33.4063557739 33.4339004453
9305448 64 2243.042 2247.095 2257.109 527.709270576 530.060964935 531.018743296 32.981829411 33.1288103084 33.188671456
10235992 64 2475.977 2478.123 2484.083 527.440901129 528.7094208 529.167668359 32.9650563206 33.0443388 33.0729792724
11259584 64 2720.118 2722.025 2725.124 528.866485342 529.468594888 529.839790774 33.0541553338 33.0917871805 33.1149869234
12385536 64 3009.796 3010.988 3011.942 526.354295003 526.521064846 526.729588318 32.8971434377 32.9075665529 32.9205992699
13624088 64 3327.131 3328.085 3330.946 523.539938504 523.990001457 524.140246958 32.7212461565 32.7493750911 32.7587654348
14986496 64 3658.056 3659.964 3667.831 522.998875357 524.123048205 524.396424768 32.6874297098 32.7576905128 32.774776548
16485144 64 4034.042 4036.188 4044.056 521.777747885 522.794882696 523.072995274 32.6111092428 32.6746801685 32.6920622046
18133656 32 2223.969 2225.161 2229.929 520.444365717 521.559556365 521.839101175 32.5277728573 32.5974722728 32.6149438234
19947016 32 2447.844 2454.996 2457.857 519.399226237 520.004523022 521.523848742 32.4624516398 32.5002826889 32.5952405464
21941712 32 2688.885 2696.991 2711.058 517.978430561 520.680109055 522.249768212 32.3736519101 32.5425068159 32.6406105133
24135880 32 2969.98 2978.086 2987.146 517.114436321 518.687613454 520.103273423 32.3196522701 32.4179758409 32.5064545889
26549464 32 3258.944 3267.05 3281.116 517.862122522 520.091732909 521.385361639 32.3663826576 32.5057333068 32.5865851024
29204408 32 3606.081 3614.902 3621.101 516.164037402 517.049179203 518.313956897 32.2602523376 32.3155737002 32.394622306
32124848 32 3956.079 3971.815 3984.928 515.941636085 517.645024252 519.704048377 32.2463522553 32.3528140158 32.4815030236
35337328 16 2169.847 2174.854 2176.046 519.655602869 519.94041715 521.140198364 32.4784751793 32.4962760719 32.5712623978
38871056 16 2393.961 2398.968 2404.928 517.21872422 518.503703259 519.588160375 32.3261702637 32.4064814537 32.4742600235
42758160 16 2631.187 2635.002 2641.916 517.904853901 519.263788035 520.016676884 32.3690533688 32.4539867522 32.5010423052
47033976 16 2900.124 2907.991 2919.912 515.456367178 517.569425765 518.973406654 32.2160229486 32.3480891103 32.4358379159
51737368 16 3191.948 3199.816 3206.015 516.403003729 517.403430697 518.678805544 32.2751877331 32.3377144186 32.4174253465
56911104 16 3509.045 3515.005 3532.887 515.486435881 518.108886901 518.988878171 32.2179022426 32.3818054313 32.4368048857
62602208 16 3880.978 3884.077 3885.984 515.511812709 515.764918152 516.176761631 32.2194882943 32.2353073845 32.2610476019
68862424 8 2112.15 2115.011 2125.025 518.487445559 520.942342144 521.647981441 32.4054653475 32.558896384 32.60299884
75748664 8 2331.018 2338.886 2352.953 515.088326881 518.186275004 519.935334691 32.1930204301 32.3866421878 32.4959584182
83323528 8 2568.007 2572.06 2580.881 516.558666595 518.330228688 519.148292041 32.2849166622 32.395639293 32.4467682526
91655880 8 2820.969 2825.975 2834.082 517.449417483 518.93384761 519.854730768 32.3405885927 32.4333654756 32.490920673
100821464 8 3102.779 3118.992 3138.065 514.056727314 517.200244181 519.902778767 32.1285454572 32.3250152613 32.4939236729
110903608 8 3424.168 3431.082 3433.943 516.74058888 517.171471856 518.215732406 32.296286805 32.323216991 32.3884832754
121993968 8 3772.974 3777.981 3789.902 515.027430261 516.652542191 517.338176197 32.1892143913 32.2907838869 32.3336360123
134193360 8 4156.113 4161.119 4164.934 515.516874937 515.989511475 516.61101611 32.2198046836 32.2493444672 32.2881885069
147612696 4 2277.136 2281.189 2284.05 517.020891837 517.669324199 518.590706923 32.3138057398 32.3543327624 32.4119191827
162373960 4 2496.958 2505.779 2512.932 516.922734081 518.398342392 520.229687484 32.3076708801 32.3998963995 32.5143554677
178611352 4 2760.887 2768.993 2784.967 513.072799785 516.03265736 517.547735927 32.0670499866 32.252041085 32.3467334954
196472480 4 3029.823 3031.015 3051.043 515.161484122 518.565510233 518.769525481 32.1975927576 32.4103443896 32.4230953425
216119728 4 3333.092 3351.927 3361.94 514.273849028 515.810106843 518.724902883 32.1421155642 32.2381316777 32.4203064302
237731696 4 3678.799 3687.143 3705.978 513.185336772 515.806836892 516.976754642 32.0740835483 32.2379273058 32.3110471651
261504864 4 4049.063 4061.937 4067.898 514.280080769 515.034800392 516.672354073 32.1425050481 32.1896750245 32.2920221296
287655344 2 2217.054 2220.869 2228.022 516.431783887 518.095113219 518.986626397 32.276986493 32.3809445762 32.4366641498
316420872 2 2432.823 2440.929 2443.79 517.918269573 518.525318844 520.253009775 32.3698918483 32.4078324277 32.5158131109
348062952 2 2685.07 2698.898 2701.998 515.267519813 515.859364822 518.516019322 32.2042199883 32.2412103014 32.4072512076
382869240 2 2959.013 2967.119 2974.033 514.949551669 516.149490465 517.563444297 32.1843469793 32.2593431541 32.3477152686
421156160 2 3246.069 3261.805 3264.189 516.092861045 516.470064887 518.973761802 32.2558038153 32.2793790555 32.4358601126
463271776 2 3586.054 3595.114 3599.167 514.865551946 515.445992533 516.748243055 32.1790969966 32.2153745333 32.2967651909
509598952 2 3943.92 3954.172 3968.954 513.585143088 515.50509386 516.845120591 32.099071443 32.2190683663 32.3028200369
560558840 1 2158.88 2164.125 2169.132 516.850832499 518.046637787 519.305232343 32.3031770312 32.3779148617 32.4565770214
616614720 1 2373.934 2383.947 2401.114 513.607200658 517.305728693 519.487668992 32.1004500411 32.3316080433 32.467979312
678276192 1 2610.922 2618.074 2624.035 516.971909292 518.14898433 519.568330268 32.3107443308 32.3843115206 32.4730206418
746103808 1 2881.05 2885.103 2900.124 514.532349651 517.21121083 517.938812586 32.1582718532 32.3257006769 32.3711757866
820714184 1 3169.06 3178.835 3181.934 515.858709829 516.361612981 517.954335986 32.2411693643 32.2726008113 32.3721459991
902785600 1 3485.918 3498.077 3510.952 514.26826684 516.161079359 517.961466678 32.1417666775 32.2600674599 32.3725916674
993064160 1 3848.791 3851.891 3854.036 515.33725165 515.624227165 516.039535532 32.2085782281 32.2265141978 32.2524709708

META_DATA
ERT_VERSION  1.1.0
GPU_BLOCKS     1792
TIMESTAMP_DATA  1560474456.88
HOSTNAME  ce1
UNAME  ('Linux', 'ce1', '3.10.0-514.el7.x86_64', '#1 SMP Tue Nov 22 16:42:41 UTC 2016', 'x86_64', 'x86_64')
TIMESTAMP_DATA  1560474476.42
FLOPS          1
TIMESTAMP_DATA  1560474515.54
TIMESTAMP_DATA  1560474535.11
TIMESTAMP_DATA  1560474495.99
CONFIG  {'ERT_WORKING_SET_MIN': ['128'], 'ERT_CFLAGS': ['-O3'], 'ERT_CC': ['nvcc'], 'ERT_BLOCKS_THREADS': ['114688'], 'ERT_GPU_THREADS': ['64,128,256,512,1024'], 'ERT_GPU_LDFLAGS': [], 'ERT_MEMORY_MAX': ['1073741824'], 'ERT_LDFLAGS': [], 'ERT_LDLIBS': [], 'ERT_RUN': ['./ERT_CODE'], 'ERT_FLOPS': ['1,2,4,8,16,32,64,128,256,512,1024'], 'ERT_MPI': [False], 'ERT_TRIALS_MIN': ['1'], 'ERT_DRIVER': ['driver1'], 'ERT_RESULTS': ['Results.summitdev.ornl.gov.01'], 'ERT_GPU': ['True'], 'ERT_GPU_CFLAGS': ['-x', 'cu'], 'ERT_KERNEL': ['kernel1'], 'ERT_OPENMP': [False], 'ERT_LD': ['nvcc'], 'ERT_NUM_EXPERIMENTS': ['5'], 'ERT_ALIGN': ['32'], 'ERT_GNUPLOT': ['gnuplot'], 'ERT_GPU_BLOCKS': ['56,112,448,896,1792']}
GPU_THREADS    64
