1024 1048576 622243.881 622272.968 622597.933 3.4492302884 3.45103155437 3.451192874 3.4492302884 3.45103155437 3.451192874
1120 524288 310988.903 311129.808 311287.88 3.77272998872 3.77464675451 3.77635699754 3.77272998872 3.77464675451 3.77635699754
1232 524288 311113.119 311194.897 311242.104 4.15061335018 4.15124298134 4.15233416113 4.15061335018 4.15124298134 4.15233416113
1352 524288 311121.941 311245.918 311360.121 4.55316739808 4.55483805574 4.55665308414 4.55316739808 4.55483805574 4.55665308414
1480 524288 310864.925 311239.958 311313.868 4.98497702647 4.98616080651 4.9921762 4.98497702647 4.98616080651 4.9921762
1624 524288 311164.141 311213.97 311301.947 5.47021128654 5.47175765921 5.47263389196 5.47021128654 5.47175765921 5.47263389196
1784 524288 311066.866 311146.021 311351.061 6.0082004474 6.01215975055 6.0136896226 6.0082004474 6.01215975055 6.0136896226
1960 524288 311330.08 311489.105 311542.034 6.59689138449 6.59801234461 6.60138255834 6.59689138449 6.59801234461 6.60138255834
2152 262144 155644.894 155755.997 155838.013 7.24000360554 7.243815954 7.24898676085 7.24000360554 7.243815954 7.24898676085
2360 262144 155682.087 155750.036 155843.019 7.93952586352 7.94426577211 7.94773312616 7.93952586352 7.94426577211 7.94773312616
2592 262144 155802.965 155847.073 155972.004 8.71281038359 8.71979479525 8.72226337926 8.71281038359 8.71979479525 8.72226337926
2848 262144 155794.859 155875.921 155895.948 9.57800535008 9.579235936 9.58422013142 9.57800535008 9.579235936 9.58422013142
3128 262144 155841.112 155920.982 155987.978 10.5134567742 10.5179741877 10.523364746 10.5134567742 10.5179741877 10.523364746
3440 262144 155791.044 155890.942 155928.85 11.5664979252 11.5693105504 11.5767291475 11.5664979252 11.5693105504 11.5767291475
3784 262144 155864.954 155873.06 155995.131 12.7177417608 12.7277015797 12.7283635037 12.7177417608 12.7277015797 12.7283635037
4160 131072 78025.818 78068.018 78099.966 13.9631179865 13.9688321535 13.9763871492 13.9631179865 13.9688321535 13.9763871492
4576 131072 77855.11 78037.024 78050.137 15.3692355979 15.371818177 15.4077355231 15.3692355979 15.371818177 15.4077355231
5032 131072 78000.069 78007.936 78064.919 16.8975850471 16.9099283437 16.9116338602 16.8975850471 16.9099283437 16.9116338602
5528 131072 77968.836 77981.949 78031.063 18.5712199256 18.5829163105 18.5860416334 18.5712199256 18.5829163105 18.5860416334
6080 131072 77929.974 77948.093 77989.101 20.436644346 20.4473959357 20.4521500289 20.436644346 20.4473959357 20.4521500289
6688 131072 77905.178 77987.194 77999.115 22.477422622 22.4808584856 22.5045255914 22.477422622 22.4808584856 22.5045255914
7352 131072 77966.928 78037.977 78067.064 24.6875262018 24.6967279534 24.7192333652 24.6875262018 24.6967279534 24.7192333652
8080 131072 78018.904 78047.991 78094.959 27.1224102954 27.1387321168 27.1488499762 27.1224102954 27.1387321168 27.1488499762
8888 65536 39009.094 39052.963 39084.911 29.8060787704 29.8304621854 29.8640090436 29.8060787704 29.8304621854 29.8640090436
9776 65536 39000.988 39031.029 39084.196 32.7846035774 32.8292618675 32.8545490181 32.7846035774 32.8292618675 32.8545490181
10752 65536 39036.036 39040.089 39081.097 36.0605574608 36.0984357387 36.1021837361 36.0605574608 36.0984357387 36.1021837361
11824 65536 39043.903 39073.944 39097.071 39.6396785836 39.6631404293 39.6936578805 39.6396785836 39.6631404293 39.6936578805
13000 65536 39043.188 39055.824 39082.05 43.5989412019 43.6282179068 43.6423378132 43.5989412019 43.6282179068 43.6423378132
14296 65536 39031.982 39041.042 39048.91 47.986110547 47.9957812601 48.0069219134 47.986110547 47.9957812601 48.0069219134
15720 65536 39037.943 39108.038 39122.105 52.6672028512 52.6861470269 52.7807482069 52.6672028512 52.6861470269 52.7807482069
17288 32768 19617.081 19651.89 19690.99 57.5383141223 57.6527941078 57.7550945525 57.5383141223 57.6527941078 57.7550945525
19016 32768 19647.837 19657.85 19676.924 63.3347252853 63.3961789311 63.4284871154 63.3347252853 63.3961789311 63.4284871154
20912 32768 19637.108 19655.943 19681.931 69.6318278933 69.7238912425 69.7907671537 69.6318278933 69.7238912425 69.7907671537
23000 32768 19634.008 19658.089 19679.07 76.5954895226 76.6772395832 76.7712837847 76.5954895226 76.6772395832 76.7712837847
25296 32768 19597.054 19651.175 19659.996 84.3234482855 84.3612993116 84.5942791197 84.3234482855 84.3612993116 84.5942791197
27824 32768 19644.976 19665.003 19668.818 92.7088584581 92.7268439267 92.8213739737 92.7088584581 92.7268439267 92.8213739737
30600 32768 19625.187 19670.01 19694.09 101.827583808 101.952241 102.185095103 101.827583808 101.952241 102.185095103
33656 16384 9837.866 9849.072 9860.992 111.838627189 111.973981711 112.101527709 111.838627189 111.973981711 112.101527709
37016 16384 9819.031 9850.979 9860.992 123.003881151 123.128908101 123.529530358 123.003881151 123.128908101 123.529530358
40712 16384 9842.157 9847.164 9861.946 135.272573587 135.475637046 135.54455756 135.272573587 135.475637046 135.54455756
44776 16384 9824.991 9830.952 9840.965 149.093098898 149.244952879 149.335502496 149.093098898 149.244952879 149.335502496
49248 16384 9766.817 9767.771 9768.009 165.208535742 165.212561187 165.228698766 165.208535742 165.212561187 165.228698766
54168 16384 9745.836 9746.075 9759.188 181.877531614 182.122241415 182.126707652 181.877531614 182.122241415 182.126707652
59584 16384 9743.929 9746.075 9750.128 200.248500533 200.331775817 200.375896828 200.248500533 200.331775817 200.375896828
65536 16384 9744.883 9755.135 9767.056 219.870107021 220.138793364 220.370388028 219.870107021 220.138793364 220.370388028
72088 8192 4883.051 4892.111 4899.979 241.039766089 241.427431225 241.875375047 241.039766089 241.427431225 241.875375047
79296 8192 4832.983 4837.99 4849.911 267.878248487 268.538311158 268.816518494 267.878248487 268.538311158 268.816518494
87224 8192 4835.844 4842.043 4849.911 294.660668206 295.139472326 295.51780744 294.660668206 295.139472326 295.51780744
95944 8192 4835.129 4849.911 4858.017 323.577808806 324.118627332 325.109525723 323.577808806 324.118627332 325.109525723
105536 8192 4899.979 4914.999 4922.867 351.238785041 351.801053062 352.879435606 351.238785041 351.801053062 352.879435606
116088 8192 4874.945 4878.998 4911.9 387.219974348 389.831230101 390.155333445 387.219974348 389.831230101 390.155333445
127696 8192 4835.844 4840.851 4850.864 431.298684935 432.19079951 432.638286926 431.298684935 432.19079951 432.638286926
140464 4096 2424.002 2431.87 2461.91 467.393644772 473.167187391 474.703027473 467.393644772 473.167187391 474.703027473
154504 4096 2408.028 2412.081 2439.022 518.936183437 524.732282208 525.615469588 518.936183437 524.732282208 525.615469588
169952 4096 2426.863 2428.77 2440.929 570.375780697 573.231217448 573.681655701 570.375780697 573.231217448 573.681655701
186944 4096 2414.942 2416.134 2421.856 632.343643883 633.841189272 634.154049248 632.343643883 633.841189272 634.154049248
205632 4096 2407.074 2410.173 2412.081 698.375114269 698.927979029 699.827817508 698.375114269 698.927979029 699.827817508
226192 4096 2429.962 2436.161 2443.075 758.455988457 760.608541061 762.548905703 758.455988457 760.608541061 762.548905703
248808 4096 2460.003 2465.01 2465.01 826.866883299 826.866883299 828.549857866 826.866883299 826.866883299 828.549857866
273688 2048 1289.845 1291.037 1298.904 863.055351281 868.314423212 869.116869081 863.055351281 868.314423212 869.116869081
301056 2048 1310.825 1314.878 1318.932 934.94234426 937.82493585 940.724639826 934.94234426 937.82493585 940.724639826
331160 2048 1348.972 1352.072 1354.933 1001.10585542 1003.22420699 1005.52966259 1001.10585542 1003.22420699 1005.52966259
364272 2048 1387.119 1388.073 1391.172 1072.51879135 1074.9132877 1075.65256622 1072.51879135 1074.9132877 1075.65256622
400696 2048 1430.035 1430.035 1432.18 1145.98082364 1147.6997528 1147.6997528 1145.98082364 1147.6997528 1147.6997528
440760 2048 1516.104 1518.965 1521.111 1186.86470613 1188.54151346 1190.78437891 1186.86470613 1188.54151346 1190.78437891
484832 2048 1583.099 1585.007 1588.106 1250.46556842 1252.91047421 1254.42052076 1250.46556842 1252.91047421 1254.42052076
533312 1024 891.924 893.831 900.984 1212.2556849 1221.95692027 1224.56955525 1212.2556849 1221.95692027 1224.56955525
586640 1024 930.071 934.839 936.031 1283.54586547 1285.18249667 1291.77097232 1283.54586547 1285.18249667 1291.77097232
645304 1024 969.172 972.986 977.993 1351.3211158 1358.27503376 1363.62027793 1351.3211158 1358.27503376 1363.62027793
709832 1024 1011.848 1012.802 1017.809 1428.29935283 1435.3604515 1436.71375147 1428.29935283 1435.3604515 1436.71375147
780808 1024 1058.817 1065.969 1070.023 1494.44898287 1500.13254044 1510.26549819 1494.44898287 1500.13254044 1510.26549819
858888 1024 1093.149 1096.01 1102.209 1595.88846036 1604.91475808 1609.11515631 1595.88846036 1604.91475808 1609.11515631
944776 1024 1321.077 1401.901 1408.1 1374.12204247 1380.198208 1464.6392663 1374.12204247 1380.198208 1464.6392663
1039248 1024 1429.081 1431.942 1435.995 1482.16386826 1486.35901733 1489.33468712 1482.16386826 1486.35901733 1489.33468712
1143168 512 755.072 756.979 761.032 1538.17977693 1546.41546463 1550.32107137 1538.17977693 1546.41546463 1550.32107137
1257480 512 807.047 808.001 811.1 1587.54718284 1593.63604748 1595.51986439 1587.54718284 1593.63604748 1595.51986439
1383224 512 857.83 858.068 859.022 1648.87671794 1650.70993907 1651.16791905 1648.87671794 1650.70993907 1651.16791905
1521544 512 926.971 928.879 931.025 1673.49003088 1677.35631444 1680.80884515 1673.49003088 1677.35631444 1680.80884515
1673696 512 1005.888 1008.987 1008.987 1698.59939127 1698.59939127 1703.83253802 1698.59939127 1698.59939127 1703.83253802
1841064 512 1228.094 1229.048 1231.909 1530.34805006 1533.91042172 1535.10198405 1530.34805006 1533.91042172 1535.10198405
2025168 512 1251.936 1253.843 1255.035 1652.36191182 1653.93277468 1656.45211257 1652.36191182 1653.93277468 1656.45211257
2227680 256 677.109 677.109 686.884 1660.50186058 1684.4734895 1684.4734895 1660.50186058 1684.4734895 1684.4734895
2450448 256 741.005 742.912 743.151 1688.25632476 1688.79944866 1693.1456279 1688.25632476 1688.79944866 1693.1456279
2695488 256 808.954 809.908 811.1 1701.50395266 1704.00817871 1706.01771671 1701.50395266 1704.00817871 1706.01771671
2965032 256 904.083 905.037 905.991 1675.61971808 1677.38598974 1679.155989 1675.61971808 1677.38598974 1679.155989
3261528 256 975.847 977.039 977.993 1707.47882245 1709.14603818 1711.23376513 1707.47882245 1709.14603818 1711.23376513
3587680 256 1354.933 1358.986 1362.085 1348.58849484 1351.66378462 1355.70700544 1348.58849484 1351.66378462 1355.70700544
3946448 256 1600.027 1602.888 1605.988 1258.15471598 1260.58799866 1262.84204954 1258.15471598 1260.58799866 1262.84204954
4341088 128 1261.95 1265.049 1270.056 875.0153757 878.478642329 880.635942787 875.0153757 878.478642329 880.635942787
4775192 128 1837.015 1838.923 1850.128 660.737609506 664.763642632 665.454093734 660.737609506 664.763642632 665.454093734
5252704 128 2185.106 2196.074 2199.173 611.453589145 612.31644471 615.389927994 611.453589145 612.31644471 615.389927994
5777968 128 2563.0 2568.96 2575.874 574.236087635 575.781564524 577.120486929 574.236087635 575.781564524 577.120486929
6355760 128 2957.106 2959.967 2960.205 549.649284425 549.693479691 550.225308122 549.649284425 549.693479691 550.225308122
6991336 128 3241.062 3242.97 3243.923 551.733816123 551.895952167 552.220851067 551.733816123 551.895952167 552.220851067
7690464 128 3620.148 3623.009 3624.916 543.118456814 543.404331593 543.833783591 543.118456814 543.404331593 543.833783591
8459504 64 2026.796 2027.988 2030.134 533.371940965 533.936350708 534.250369549 533.371940965 533.936350708 534.250369549
9305448 64 2248.049 2249.002 2251.148 529.10663537 529.611509461 529.836024037 529.10663537 529.611509461 529.836024037
10235992 64 2479.076 2481.937 2483.13 527.643327574 527.896951454 528.506175688 527.643327574 527.896951454 528.506175688
11259584 64 2722.979 2725.124 2726.078 528.681406768 528.866485342 529.283094728 528.681406768 528.866485342 529.283094728
12385536 64 3012.896 3013.849 3015.041 525.813283468 526.021246585 526.187630771 525.813283468 526.021246585 526.187630771
13624088 64 3323.078 3329.039 3331.9 523.390036916 523.839842069 524.779515858 523.390036916 523.839842069 524.779515858
14986496 64 3658.056 3659.964 3663.063 523.679633138 524.123048205 524.396424768 523.679633138 524.123048205 524.396424768
16485144 64 4033.089 4037.142 4045.01 521.654688616 522.671343242 523.196594967 521.654688616 522.671343242 523.196594967
18133656 32 2224.922 2229.929 2234.221 519.444577775 520.444365717 521.615582029 519.444577775 520.444365717 521.615582029
19947016 32 2450.943 2450.943 2460.003 518.946124862 520.8644281 520.8644281 518.946124862 520.8644281 520.8644281
21941712 32 2697.945 2700.806 2706.051 518.936844871 519.9446269 520.495995285 518.936844871 519.9446269 520.495995285
24135880 32 2971.888 2978.086 2993.107 516.084563632 518.687613454 519.769358738 516.084563632 518.687613454 519.769358738
26549464 32 3273.01 3278.971 3281.116 517.862122522 518.200891682 519.144669891 517.862122522 518.200891682 519.144669891
29204408 32 3607.035 3612.041 3621.101 516.164037402 517.458719876 518.176871586 516.164037402 517.458719876 518.176871586
32124848 32 3973.007 3981.829 3987.074 515.663936009 516.343186008 517.489717989 515.663936009 516.343186008 517.489717989
35337328 16 2176.046 2183.914 2187.014 517.049500369 517.783436527 519.655602869 517.049500369 517.783436527 519.655602869
38871056 16 2400.875 2405.167 2408.028 516.552877292 517.167328506 518.09185901 516.552877292 517.167328506 518.09185901
42758160 16 2640.009 2640.963 2643.108 517.671286985 518.091741535 518.278960413 517.671286985 518.091741535 518.278960413
47033976 16 2915.144 2919.912 2923.965 514.741876869 515.456367178 516.299445928 514.741876869 515.456367178 516.299445928
51737368 16 3199.816 3205.061 3215.075 514.947793131 516.556713273 517.403430697 514.947793131 516.556713273 517.403430697
56911104 16 3519.058 3527.88 3535.986 515.034654549 516.218048233 517.51216604 515.034654549 516.218048233 517.51216604
62602208 16 3885.031 3889.799 3893.852 514.470158599 515.006213946 515.638268009 514.470158599 515.006213946 515.638268009
68862424 8 2124.071 2127.171 2134.085 516.28626976 517.964368638 518.720317729 516.28626976 517.964368638 518.720317729
75748664 8 2336.025 2341.986 2351.999 515.297253103 517.500371053 518.820913304 515.297253103 517.500371053 518.820913304
83323528 8 2572.06 2578.974 2583.027 516.129505421 516.940631429 518.330228688 516.129505421 516.940631429 518.330228688
91655880 8 2835.989 2841.949 2849.102 514.721508742 516.017029159 517.101469717 514.721508742 516.017029159 517.101469717
100821464 8 3114.939 3127.813 3135.92 514.408347152 515.74164568 517.873198801 514.408347152 515.74164568 517.873198801
110903608 8 3430.128 3438.95 3453.016 513.886332412 515.988231292 517.315309516 513.886332412 515.988231292 517.315309516
121993968 8 3781.08 3782.988 3790.14 514.995089363 515.968723136 516.229090101 514.995089363 515.968723136 516.229090101
134193360 8 4162.073 4171.133 4178.047 513.898900611 514.750730797 515.871240125 513.898900611 514.750730797 515.871240125
147612696 4 2287.149 2292.871 2300.978 513.217235454 515.031839122 516.320348171 513.217235454 515.031839122 516.320348171
162373960 4 2512.932 2521.038 2522.945 514.871184271 515.260650573 516.922734081 514.871184271 515.260650573 516.922734081
178611352 4 2768.993 2774.954 2777.815 514.393800883 514.924145049 516.03265736 514.393800883 514.924145049 516.03265736
196472480 4 3042.936 3057.003 3065.825 512.677612062 514.15711401 516.533979026 512.677612062 514.15711401 516.533979026
216119728 4 3350.019 3362.894 3371.0 512.891671314 514.127957646 516.103885978 512.891671314 514.127957646 516.103885978
237731696 4 3687.143 3689.051 3702.879 513.614829974 515.540058405 515.806836892 513.614829974 515.540058405 515.806836892
261504864 4 4060.984 4065.037 4076.004 513.257325557 514.642034501 515.155664735 513.257325557 514.642034501 515.155664735
287655344 2 2228.975 2232.79 2244.949 512.537868789 515.328972272 516.210983075 512.537868789 515.328972272 516.210983075
316420872 2 2446.89 2453.089 2465.01 513.459778256 515.954980843 517.262111497 513.459778256 515.954980843 517.262111497
348062952 2 2690.077 2696.991 2716.064 512.599043322 516.224120881 517.550913227 512.599043322 516.224120881 517.550913227
382869240 2 2969.98 2972.841 2983.809 513.262397157 515.156027517 515.652280487 513.262397157 515.156027517 515.652280487
421156160 2 3252.029 3268.957 3274.918 514.402082739 515.340103892 518.02263756 514.402082739 515.340103892 518.02263756
463271776 2 3593.922 3602.982 3606.081 513.878391528 514.320389056 515.616951063 513.878391528 514.320389056 515.616951063
509598952 2 3958.941 3966.093 3993.034 510.487966794 513.955625347 514.884108654 510.487966794 513.955625347 514.884108654
560558840 1 2170.086 2170.801 2173.901 515.716989872 516.453456581 516.623617682 515.716989872 516.453456581 516.623617682
616614720 1 2387.047 2390.862 2396.107 514.680454587 515.809544842 516.633916299 514.680454587 515.809544842 516.633916299
678276192 1 2624.989 2632.856 2641.916 513.472943122 515.239870316 516.784026143 513.472943122 515.239870316 516.784026143
746103808 1 2894.878 2899.17 2902.985 514.025258828 514.70166151 515.464767773 514.025258828 514.70166151 515.464767773
820714184 1 3182.888 3188.133 3197.908 513.281923057 514.855675093 515.704092635 513.281923057 514.855675093 515.704092635
902785600 1 3501.892 3504.992 3515.005 513.675286379 515.142744976 515.598767752 513.675286379 515.142744976 515.598767752
993064160 1 3855.944 3865.957 3877.878 512.168851109 513.748166366 515.082252232 512.168851109 513.748166366 515.082252232

META_DATA
ERT_VERSION  1.1.0
GPU_BLOCKS     1792
HOSTNAME  ce1
UNAME  ('Linux', 'ce1', '3.10.0-514.el7.x86_64', '#1 SMP Tue Nov 22 16:42:41 UTC 2016', 'x86_64', 'x86_64')
TIMESTAMP_DATA  1560476055.78
TIMESTAMP_DATA  1560476076.29
TIMESTAMP_DATA  1560476096.82
TIMESTAMP_DATA  1560476035.22
FLOPS          16
CONFIG  {'ERT_WORKING_SET_MIN': ['128'], 'ERT_CFLAGS': ['-O3'], 'ERT_CC': ['nvcc'], 'ERT_BLOCKS_THREADS': ['114688'], 'ERT_GPU_THREADS': ['64,128,256,512,1024'], 'ERT_GPU_LDFLAGS': [], 'ERT_MEMORY_MAX': ['1073741824'], 'ERT_LDFLAGS': [], 'ERT_LDLIBS': [], 'ERT_RUN': ['./ERT_CODE'], 'ERT_FLOPS': ['1,2,4,8,16,32,64,128,256,512,1024'], 'ERT_MPI': [False], 'ERT_TRIALS_MIN': ['1'], 'ERT_DRIVER': ['driver1'], 'ERT_RESULTS': ['Results.summitdev.ornl.gov.01'], 'ERT_GPU': ['True'], 'ERT_GPU_CFLAGS': ['-x', 'cu'], 'ERT_KERNEL': ['kernel1'], 'ERT_OPENMP': [False], 'ERT_LD': ['nvcc'], 'ERT_NUM_EXPERIMENTS': ['5'], 'ERT_ALIGN': ['32'], 'ERT_GNUPLOT': ['gnuplot'], 'ERT_GPU_BLOCKS': ['56,112,448,896,1792']}
TIMESTAMP_DATA  1560476117.38
GPU_THREADS    64
