32 33554432 101817.253 105390.323 112538.61 19.0821945286 20.3764784742 21.091549661 2.38527431608 2.54705980928 2.63644370763
64 16777216 52515.952 53107.192 54811.869 39.1791720877 40.4367763974 40.8920254935 4.89739651096 5.05459704968 5.11150318669
96 8388608 26270.577 34709.266 37219.441 43.273426272 46.4029615608 61.3086167083 5.409178284 5.80037019509 7.66357708854
128 8388608 25234.042 25269.877 25441.564 84.4084761456 84.9819588754 85.1026422164 10.5510595182 10.6227448594 10.6378302771
160 4194304 14002.284 14492.215 15094.441 88.9186476001 92.6136743072 95.8541677915 11.11483095 11.5767092884 11.9817709739
192 4194304 16981.632 17421.791 17620.709 91.4045363328 92.4481722918 94.8444022341 11.4255670416 11.5560215365 11.8555502793
224 4194304 18260.249 18410.746 19013.317 98.8280052344 102.062577584 102.903755146 12.3535006543 12.757822198 12.8629693932
256 4194304 21211.552 21325.393 22056.035 97.3649002643 100.700777144 101.24123157 12.170612533 12.587597143 12.6551539463
288 2097152 11330.371 11431.728 11985.658 100.783749378 105.667275499 106.612532988 12.5979686722 13.2084094373 13.3265666235
320 2097152 12618.866 12755.09 13334.329 100.65577953 105.226798086 106.362749236 12.5819724412 13.1533497608 13.2953436545
352 2097152 13394.85 13607.787 13795.781 107.017863505 108.496334342 110.221093032 13.3772329381 13.5620417927 13.777636629
384 2097152 14779.657 14967.972 15371.144 104.781578782 107.603938329 108.974973912 13.0976973477 13.4504922911 13.621871739
416 2097152 15290.344 15624.755 16086.485 108.465613464 111.670900696 114.113224922 13.558201683 13.958862587 14.2641531152
448 2097152 9128.185 9172.441 9172.713 204.851955141 204.858029831 205.851238992 25.6064943927 25.6072537289 25.731404874
480 2097152 10522.613 10638.144 11622.515 173.22119352 189.249733788 191.327564741 21.65264919 23.6562167235 23.9159455926
512 2097152 11302.751 12703.07 12920.752 166.204230837 169.052335223 189.996545797 20.7755288547 21.1315419029 23.7495682246
544 1048576 6408.626 6545.473 6927.907 164.674653976 174.296141471 178.017985134 20.5843317469 21.7870176838 22.2522481418
576 1048576 6619.802 6746.045 7466.225 161.789867302 179.061887669 182.476689182 20.2237334128 22.3827359586 22.8095861477
608 1048576 7376.814 7536.882 8129.961 156.835735866 169.17717645 172.8481179 19.6044669833 21.1471470563 21.6060147375
640 1048576 7632.33 7678.39 9475.216 141.651364993 174.799310793 175.854199176 17.7064206241 21.8499138491 21.981774897
704 1048576 5375.246 5447.279 5986.051 246.639229769 271.033484424 274.665570283 30.8299037212 33.879185553 34.3331962853
768 1048576 6370.769 6456.63 7208.585 223.429804324 249.450988519 252.812923526 27.9287255404 31.1813735648 31.6016154408
832 1048576 7432.943 7585.319 8321.276 209.68304188 230.02730195 234.742882328 26.210380235 28.7534127437 29.342860291
896 1048576 8562.743 8597.732 9866.197 190.45313934 218.551612448 219.444655994 23.8066424175 27.3189515561 27.4305819992
960 1048576 6287.821 6552.028 7248.611 277.745063158 307.27370518 320.184992544 34.7181328947 38.4092131474 40.0231240679
1056 524288 3837.89 4001.848 4424.476 250.266078062 276.696230342 288.516934044 31.2832597578 34.5870287927 36.0646167556
1152 524288 4550.726 4772.212 5247.407 230.201231199 253.123614793 265.443261581 28.7751538998 31.6404518492 33.1804076976
1248 524288 3668.336 3668.403 4305.642 303.932107686 356.72821334 356.734728771 37.9915134607 44.5910266675 44.5918410963
1344 524288 4388.729 4458.435 5178.57 272.138089086 316.094356876 321.114870387 34.0172611358 39.5117946095 40.1393587984
1472 524288 3834.443 4292.733 4402.56 350.59235354 359.5620487 402.536658388 43.8240441925 44.9452560874 50.3170822985
1600 524288 4723.618 4788.092 5671.784 295.80139159 350.394603947 355.177239142 36.9751739488 43.7993254933 44.3971548927
1760 524288 4347.301 4366.771 4719.053 391.072903822 422.622061015 424.514833456 48.8841129778 52.8277576269 53.0643541821
1920 524288 5533.846 5804.618 5994.493 335.85257669 346.838658461 363.809531382 41.9815720862 43.3548323077 45.4761914227
2112 262144 2755.086 2944.259 3054.448 362.519268948 376.086565754 401.909869964 45.3149086185 47.0108207192 50.2387337455
2304 262144 2651.273 2724.795 2787.868 433.291515954 443.321259764 455.614926113 54.1614394943 55.4151574706 56.9518657641
2528 262144 2736.299 2825.766 2949.49 449.365844265 469.040983578 484.376913488 56.1707305331 58.6301229472 60.547114186
2752 262144 2917.22 2939.714 2989.19 482.686137716 490.809846128 494.594365869 60.3357672145 61.351230766 61.8242957336
3008 262144 2990.242 3089.01 3238.005 487.046284363 510.538426227 527.401562817 60.8807855454 63.8173032784 65.9251953521
3296 262144 3241.186 3407.834 3458.321 499.679829605 507.082577379 533.154606986 62.4599787006 63.3853221724 66.6443258733
3616 262144 3832.941 3900.653 3943.396 480.759580828 486.02770049 494.613772557 60.0949476035 60.7534625613 61.8267215697
3968 262144 4192.861 4450.78 4486.927 463.652469496 467.41802201 496.170701581 57.956558687 58.4272527512 62.0213376976
4352 131072 2044.065 2070.765 2222.469 513.325804769 550.931992766 558.128380458 64.1657255962 68.8664990957 69.7660475572
4768 131072 2654.801 2785.229 2843.441 439.573950013 448.761158239 470.808392795 54.9467437517 56.0951447798 58.8510490993
5216 131072 2520.567 2535.932 2592.23 527.477540187 539.187605977 542.474413098 65.9346925234 67.3984507471 67.8093016373
5728 131072 2762.382 2785.612 2842.226 528.304516249 539.041629631 543.574651153 66.0380645311 67.3802037039 67.9468313941
6272 131072 2922.265 2964.252 3014.597 545.40197844 554.665112143 562.634520825 68.175247305 69.3331390179 70.3293151032
6880 131072 2865.079 2957.53 2962.407 608.812604075 609.816542858 629.494237332 76.1015755094 76.2270678573 78.6867796665
7552 131072 3329.307 3429.488 3479.59 568.949642918 577.261529418 594.631702033 71.1187053647 72.1576911772 74.3289627541
8288 65536 1803.123 1852.954 1924.779 564.389333009 586.266435108 602.468459445 70.5486666261 73.2833043886 75.3085574306
9088 65536 2023.514 2044.476 2120.507 561.744118741 582.634541076 588.670172779 70.2180148427 72.8293176344 73.5837715973
9984 65536 1998.227 2029.009 2283.223 573.147190616 644.956650266 654.891985745 71.643398827 80.6195812833 81.8614982182
10976 65536 2426.841 2427.555 2488.715 578.067907334 592.631792894 592.806150877 72.2584884167 74.0789741118 74.1007688596
12064 65536 2539.161 2691.989 2692.114 587.364653949 587.391927679 622.746099204 73.4205817436 73.4239909598 77.8432624005
13248 65536 2844.772 3028.68 3393.165 511.746954834 573.332889576 610.397548907 63.9683693543 71.666611197 76.2996936134
14560 65536 3064.724 3192.546 3498.704 545.4614966 597.770030565 622.701528751 68.182687075 74.7212538206 77.8376910939
16000 65536 3468.307 3705.23 3733.236 561.751788529 565.99779231 604.661582726 70.2189735661 70.7497240387 75.5826978408
17600 32768 1922.366 1947.02 2117.475 544.721236378 592.40973385 600.007282692 68.0901545473 74.0512167312 75.0009103365
19360 32768 2368.779 2385.036 2628.482 482.703309363 531.973924083 535.624876783 60.3379136703 66.4967405104 66.9531095978
21280 32768 2518.634 2716.393 2782.096 501.278920641 513.403649619 553.715259939 62.6598650801 64.1754562024 69.2144074923
23392 32768 2525.708 2582.003 2935.891 522.164519051 593.732118824 606.965695163 65.2705648813 74.216514853 75.8707118954
25728 32768 2892.001 2898.758 2904.41 580.534500294 581.666426794 583.025458152 72.5668125368 72.7083033492 72.878182269
28288 32768 3341.283 3344.089 3410.471 543.585436733 554.375905665 554.841468981 67.9481795916 69.2969882081 69.3551836226
31104 32768 3516.714 3580.078 3614.73 563.923652389 569.381936371 579.641035353 70.4904565486 71.1727420464 72.4551294191
34208 16384 1935.159 1936.918 2021.555 554.487878885 578.717190919 579.243227042 69.3109848607 72.3396488648 72.4054033803
37600 16384 2060.105 2064.145 2209.482 557.631517252 596.894501113 598.065050082 69.7039396564 74.6118126391 74.7581312603
41344 16384 2250.334 2350.312 2497.715 542.399830245 576.417170146 602.026273433 67.7999787806 72.0521462682 75.2532841791
45472 16384 2520.657 2684.924 2752.036 541.426963891 554.960399624 591.1262405 67.6783704864 69.370049953 73.8907800625
50016 16384 2629.735 2844.791 3096.385 529.302489193 576.114128595 623.227925247 66.1628111491 72.0142660744 77.9034906559
55008 16384 2941.967 2967.187 3096.75 582.062531364 607.478444736 612.686051203 72.7578164204 75.934805592 76.5857564004
60480 16384 3086.079 3259.705 3740.298 529.853140044 607.971776587 642.176898258 66.2316425055 75.9964720734 80.2721122823
66528 8192 1772.048 2169.895 2341.257 465.559633991 502.326035131 615.1045299 58.1949542489 62.7907543913 76.8880662375
73152 8192 2030.685 2051.084 2331.802 513.98976757 584.336072048 590.205949224 64.2487209463 73.042009006 73.775743653
80448 8192 2262.983 2287.148 2411.024 546.680593806 576.289786232 582.443629493 68.3350742257 72.0362232789 72.8054536866
88480 8192 2326.807 2385.184 2802.412 517.288792654 607.775467218 623.023877786 64.6610990818 75.9719334022 77.8779847233
97312 8192 2503.265 2706.187 2821.686 565.03799785 589.153598033 636.912115977 70.6297497312 73.6441997541 79.6140144971
107040 8192 2680.728 2966.594 3147.806 557.131970649 591.163927386 654.204141562 69.6414963311 73.8954909233 81.7755176952
117728 8192 2909.879 3218.632 3240.531 595.22823636 599.278063475 662.864521858 74.403529545 74.9097579344 82.8580652323
129472 8192 3391.335 3392.664 3561.732 595.572392308 625.251792692 625.496817035 74.4465490385 78.1564740864 78.1871021294
142400 4096 2273.995 2433.179 2786.648 418.617923756 479.430736497 512.991805171 52.3272404696 59.9288420622 64.1239756464
156640 4096 3420.277 3601.969 3692.966 347.469995662 356.248174262 375.172794484 43.4337494578 44.5310217828 46.8965993105
172288 4096 3736.213 4074.744 4749.302 297.176994851 346.373488985 377.757717775 37.1471243564 43.2966861231 47.2197147218
189504 4096 4051.343 4177.566 4542.973 341.71824662 371.607957361 383.185715947 42.7147808274 46.4509946701 47.8982144933
208448 4096 4241.409 4782.909 4818.342 354.397013745 357.022476489 402.603478231 44.2996267181 44.6278095611 50.3254347789
229280 4096 4876.68 4896.98 5150.831 364.652181366 383.555121728 385.151734377 45.5815226708 47.944390216 48.1439667971
252192 4096 5041.69 5148.132 5429.14 380.531145633 401.302232344 409.774671588 47.5663932041 50.162779043 51.2218339485
277408 2048 3126.066 3394.139 3402.328 333.966380666 334.772137499 363.480223386 41.7457975833 41.8465171874 45.4350279233
305120 2048 3193.525 3285.458 3369.928 370.860006505 380.394916021 391.345463085 46.3575008131 47.5493645026 48.9181828857
335616 2048 3494.036 3640.405 3988.878 344.629025004 377.618186987 393.43702698 43.0786281255 47.2022733734 49.1796283725
369152 2048 3816.875 4072.294 4122.287 366.797991503 371.300940453 396.147788963 45.8497489379 46.4126175566 49.5184736204
406048 2048 4198.506 4339.72 4441.689 374.445983949 383.244220364 396.134388756 46.8057479936 47.9055275456 49.5167985945
446624 2048 4747.022 4775.93 5196.015 352.072098329 383.039932327 385.372535455 44.0090122912 47.8799915409 48.1715669319
491264 2048 5258.342 5290.713 5460.658 368.493566892 380.330088591 382.671447388 46.0616958616 47.5412610739 47.8339309235
540384 1024 2894.908 2925.357 3176.799 348.371562696 378.314999503 382.294163407 43.546445337 47.2893749378 47.7867704259
594400 1024 3300.472 3357.115 3713.932 327.774229577 362.612302528 368.835487773 40.9717786971 45.326537816 46.1044359716
653824 1024 3547.901 3552.936 3644.972 367.364015965 376.880290554 377.415139825 45.9205019956 47.1100363193 47.1768924781
719200 1024 3708.071 3909.562 3964.895 371.490695214 376.7484951 397.220441572 46.4363369017 47.0935618875 49.6525551965
791104 1024 4028.275 4111.468 4289.042 377.74892202 394.063870131 402.202181331 47.2186152525 49.2579837664 50.2752726663
870208 1024 4877.046 5020.697 5740.82 310.44101435 354.967842911 365.423246777 38.8051267937 44.3709803639 45.6779058471
957216 1024 4959.874 4968.283 6462.256 303.35820308 394.578643769 395.247614758 37.9197753849 49.3223304711 49.4059518447
1052928 512 2799.27 3058.538 3657.473 294.793228002 352.520803077 385.171231071 36.8491535002 44.0651003846 48.1464038839
1158208 512 2988.578 2998.084 3965.638 299.070412378 395.587645977 396.845922041 37.3838015472 49.4484557471 49.6057402551
1274016 512 3559.49 4298.781 4322.044 301.846159826 303.479610615 366.511040627 37.7307699783 37.9349513269 45.8138800783
1401408 512 3999.702 4474.304 4665.37 307.594422736 320.729613366 358.787177645 38.449302842 40.0912016707 44.8483972056
1541536 512 4121.511 5070.465 5415.89 291.46324316 311.319151991 382.99858086 36.4329053951 38.9148939989 47.8748226075
1695680 512 4336.823 5287.932 5520.417 314.537166305 328.365856444 400.379798761 39.3171457881 41.0457320556 50.0474748451
1865248 512 5091.832 5660.297 5731.266 333.262136498 337.440588718 375.113309316 41.6577670623 42.1800735898 46.8891636645
2051744 512 5422.573 6495.14 6530.687 321.709776628 323.470449598 387.451834397 40.2137220786 40.4338061997 48.4314792996
2256896 256 3137.384 3456.616 3563.438 324.274128524 334.295377907 368.310271232 40.5342660655 41.7869222384 46.038783904
2482560 256 3212.897 3813.68 4151.786 306.150345899 333.292441946 395.615147327 38.2687932374 41.6615552432 49.4518934158
2730816 256 3935.074 4097.475 4207.037 332.342642102 341.229120861 355.311689691 41.5428302627 42.6536401076 44.4139612114
3003872 256 4079.856 4420.574 4637.219 331.660519807 347.914651808 376.969791091 41.4575649759 43.489331476 47.1212238863
3304256 256 4642.981 5348.433 5402.673 313.137417719 316.313034491 364.373464376 39.1421772149 39.5391293113 45.5466830469
3634656 256 5179.155 5538.333 5646.281 329.587541251 336.011552935 359.314187739 41.1984426563 42.0014441168 44.9142734674
3998112 256 6183.209 6270.764 7084.011 288.965297202 326.440820289 331.063262458 36.1206621503 40.8051025362 41.3829078073
4397920 128 3611.422 3846.937 4222.825 266.614770918 292.665962557 311.751858409 33.3268463647 36.5832453196 38.9689823012
4837696 128 4789.178 4945.381 5013.52 247.022087475 250.425634749 258.59347387 30.8777609344 31.3032043436 32.3241842337
5321440 128 6064.544 6501.55 6512.706 209.173980831 209.532902154 224.631668927 26.1467476038 26.1916127693 28.0789586158
5853568 128 7428.594 8050.747 8131.247 184.290725396 186.133461653 201.722345844 23.0363406744 23.2666827066 25.2152932305
6438912 128 8784.107 9174.748 9226.609 178.653010223 179.662860713 187.652708693 22.3316262779 22.4578575891 23.4565885866
7082784 128 9846.749 10509.69 10513.749 172.459196429 172.525802759 184.141253524 21.5573995537 21.5657253449 23.0176566905
7791040 128 10916.551 11652.112 11783.504 169.262575886 171.171221149 182.704797513 21.1578219857 21.3964026436 22.8380996892
8570144 64 6228.933 6399.154 6550.958 167.453131588 171.425540314 176.110167183 20.9316414485 21.4281925392 22.0137708978
9427136 64 6725.61 7224.459 7255.869 166.303086233 167.026127216 179.414715989 20.7878857791 20.878265902 22.4268394986
10369824 64 7522.458 7704.65 7737.115 171.554574541 172.277452188 176.449967816 21.4443218176 21.5346815235 22.056245977
11406784 64 8136.363 8655.148 9342.313 156.285531431 168.693632044 179.449755622 19.5356914289 21.0867040055 22.4312194527
12547456 64 8801.597 9277.964 10682.924 150.340334538 173.106337554 182.475335783 18.7925418172 21.6382921943 22.8094169729
13802176 64 9698.656 10205.83 11659.016 151.528956475 173.104835961 182.15704609 18.9411195593 21.6381044952 22.7696307612
15182368 64 11049.736 11621.879 12816.658 151.626352517 167.214191784 175.872356045 18.9532940646 20.901773973 21.9840445057
16700576 64 11863.719 12955.264 15024.072 142.283245714 165.004258346 180.185802445 17.7854057142 20.6255322933 22.5232253057
18370624 32 6627.091 6920.796 7640.566 153.878644069 169.882183494 177.41116517 19.2348305086 21.2352729368 22.1763956463
20207680 32 7166.785 7653.423 8566.593 150.96917993 168.982103825 180.456302233 18.8711474912 21.1227629781 22.5570377791
22228448 32 8145.399 8459.152 11178.469 127.264357221 168.175329158 174.653282424 15.9080446526 21.0219161448 21.831660303
24451264 32 10626.161 10682.32 10883.35 143.786692149 146.492606101 147.266815927 17.9733365186 18.3115757626 18.4083519909
26896384 32 9923.681 11815.913 12245.902 140.566907689 145.68223175 173.460692257 17.5708634611 18.2102789687 21.6825865322
29586016 32 11386.338 13240.558 13730.2 137.908043874 143.00794755 166.296224827 17.2385054843 17.8759934438 20.7870281033
32544608 32 12847.629 14835.074 15425.25 135.028924134 140.400709292 162.119789729 16.8786155168 17.5500886615 20.2649737162
35799040 16 7381.561 8096.474 8693.782 131.768806717 141.489897948 155.193363572 16.4711008397 17.6862372435 19.3991704465
39378944 16 8515.439 9277.645 9293.487 135.59240014 135.823930319 147.981355747 16.9490500175 16.9779912898 18.4976694684
43316832 16 10157.136 10784.663 11027.727 125.695768856 128.528691532 136.469436266 15.711971107 16.0660864415 17.0586795333
47648512 16 12089.025 12557.635 12972.826 117.534327833 121.42034579 126.12699403 14.6917909791 15.1775432237 15.7658742537
52413344 16 14268.933 14679.426 15246.75 110.005542689 114.256988523 117.543968284 13.7506928362 14.2821235653 14.6929960355
57654656 16 17114.257 17408.389 17829.83 103.475411263 105.980455285 107.801874893 12.9344264079 13.2475569106 13.4752343616
63420096 16 20215.288 20571.906 20986.831 96.7007868887 98.6511931369 100.391499344 12.0875983611 12.3313991421 12.5489374181
69762080 8 12081.47 12337.282 12617.969 88.46061359 90.4731917452 92.3888632757 11.0575766988 11.3091489681 11.5486079095
76738272 8 14131.468 14218.159 17835.753 68.8399504075 86.3552272836 86.8849826501 8.60499380093 10.7944034105 10.8606228313
84412096 8 16426.605 17265.302 17360.789 77.7956310626 78.2258854204 82.2198826842 9.72445388283 9.77823567755 10.2774853355
92853280 8 18724.837 18869.665 19858.202 74.8130409792 78.7323187773 79.3412770429 9.3516301224 9.84153984716 9.91765963036
102138592 8 21301.808 21494.678 28960.556 56.42907795 76.0289347903 76.7173130093 7.05363474375 9.50361684878 9.58966412616
112352448 8 24234.788 24470.167 26134.374 68.7844739652 73.4624805789 74.1759807431 8.59805924565 9.18281007236 9.27199759288
123587680 8 27895.434 28325.522 29495.238 67.041428179 69.8099360711 70.8862561522 8.38017852238 8.72624200889 8.86078201902
135946432 4 15389.382 15752.07 15944.655 68.2091557328 69.0430817029 70.6702488768 8.52614446659 8.63038521286 8.8337811096
149541056 4 17231.138 17525.312 19049.964 62.799512272 68.2628901557 69.4282901106 7.84993903401 8.53286126946 8.67853626383
164495136 4 19352.018 19772.335 19806.491 66.440900006 66.5556742792 68.001233153 8.30511250075 8.3194592849 8.50015414413
180944640 4 21822.598 21883.804 22015.485 65.7517706287 66.1474175148 66.3329416598 8.21897132859 8.26842718935 8.29161770748
199039104 4 24075.208 24299.495 24316.135 65.4837963352 65.5286388462 66.1391100754 8.1854745419 8.19107985577 8.26738875942
218943008 4 26893.869 26979.606 27042.265 64.7706123729 64.9210393955 65.1280060894 8.09632654661 8.11512992443 8.14100076118
240837280 4 29973.371 30010.448 30210.541 63.7756947153 64.2009156278 64.2803320321 7.97196183941 8.02511445347 8.03504150401
264920992 4 33436.657 33451.026 33453.278 63.3530721862 63.3573372607 63.3845643122 7.91913402328 7.91966715759 7.92307053902
291413088 2 18577.157 18696.965 18827.827 61.9111463049 62.3444688483 62.7465414649 7.73889328811 7.79305860604 7.84331768311
320554368 2 20587.069 20723.615 20730.246 61.8524966853 61.8722878224 62.2826625781 7.73156208566 7.7340359778 7.78533282227
352609792 2 22909.82 22913.727 23143.417 60.9434280167 61.5543323877 61.5648297542 7.61792850209 7.69429154847 7.69560371928
387870752 2 25544.091 25618.117 25694.635 60.3815935895 60.561945595 60.7374522742 7.54769919868 7.57024319937 7.59218153427
426657824 2 28150.017 28364.358 28440.72 60.006613616 60.1681623113 60.6262971706 7.500826702 7.52102028891 7.57828714633
469323584 2 31307.044 31359.489 31383.926 59.8170648248 59.8636774981 59.9639600596 7.47713310311 7.48295968726 7.49549500745
516255936 2 34734.666 34756.58 56507.31 36.5443646849 59.4138935419 59.4513775949 4.56804558561 7.42673669274 7.43142219937
567881504 1 21391.954 29741.134 34247.451 33.1634318712 38.1882885838 53.0929997325 4.1454289839 4.77353607297 6.63662496656
624669632 1 23546.794 32814.21 38430.455 32.5090937383 38.0731172257 53.0577225927 4.06363671729 4.75913965322 6.63221532409
687136576 1 25993.734 36073.906 36512.477 37.6384530691 38.096045158 52.869401218 4.70480663363 4.76200564474 6.60867515225
755850208 1 28735.365 40057.012 40198.509 37.6058827456 37.7387214004 52.6076636229 4.70073534319 4.71734017505 6.57595795286
831435200 1 32190.291 44180.809 44311.163 37.5271215517 37.6378440694 51.6575137516 4.69089019397 4.70473050867 6.45718921895
914578720 1 35408.811 48875.361 49235.933 37.1508637807 37.424939736 51.6582564718 4.64385797259 4.678117467 6.45728205898
1006036576 1 58812.982 67333.66 87935.226 22.8813098405 29.8821295619 34.2113778893 2.86016373006 3.73526619524 4.27642223617

META_DATA
ERT_VERSION  1.1.0
TIMESTAMP_DATA  1560424354.44
HOSTNAME  ('kcadmin-UniServer-R5200-G3', [], ['127.0.1.1'])
FLOPS          2
CONFIG  {'ERT_WORKING_SET_MIN': ['1'], 'ERT_CFLAGS': ['-O3', '-march=native', '-fstrict-aliasing', '-ftree-vectorize'], 'ERT_CC': ['gcc'], 'ERT_MPI_CFLAGS': ['-I/usr/local/include'], 'ERT_MPI_LDFLAGS': ['-L/usr/local/lib', '-lmpi'], 'ERT_MEMORY_MAX': ['1073741824'], 'ERT_PROCS_THREADS': ['1-8'], 'ERT_LDFLAGS': [], 'ERT_LDLIBS': [], 'ERT_RUN': ['export', 'OMP_NUM_THREADS=ERT_OPENMP_THREADS;', 'mpirun', '-np', 'ERT_MPI_PROCS', 'ERT_CODE'], 'ERT_FLOPS': ['1,2,4,8,16'], 'ERT_OPENMP_CFLAGS': ['-fopenmp'], 'ERT_MPI': ['True'], 'ERT_TRIALS_MIN': ['1'], 'ERT_DRIVER': ['driver1'], 'ERT_RESULTS': ['Results.p100.01'], 'ERT_OPENMP': ['True'], 'ERT_MPI_PROCS': ['1,2,4,8'], 'ERT_KERNEL': ['kernel1'], 'ERT_GPU': [False], 'ERT_OPENMP_THREADS': ['1,2,4,8'], 'ERT_LD': ['gcc'], 'ERT_NUM_EXPERIMENTS': ['3'], 'ERT_OPENMP_LDFLAGS': ['-fopenmp'], 'ERT_ALIGN': ['32'], 'ERT_GNUPLOT': ['gnuplot']}
TIMESTAMP_DATA  1560424350.21
OPENMP_THREADS 1
TIMESTAMP_DATA  1560424358.95
MPI_PROCS      4
UNAME  ('Linux', 'kcadmin-UniServer-R5200-G3', '4.4.0-141-generic', '#167-Ubuntu SMP Wed Dec 5 10:40:15 UTC 2018', 'x86_64', 'x86_64')
