64 16777216 240500.642 240570.951 241841.495 8.87971540202 8.92661245705 8.92922210162 8.87971540202 8.92661245705 8.92922210162
128 8388608 110764.933 120428.742 120614.981 17.8044520689 17.8319860553 19.3877573871 17.8044520689 17.8319860553 19.3877573871
192 4194304 57885.825 62212.508 62322.808 25.8430707423 25.8888893532 27.8239575233 25.8430707423 25.8888893532 27.8239575233
256 4194304 55382.887 59918.025 59941.827 35.8261293571 35.8403610266 38.7752203673 35.8261293571 35.8403610266 38.7752203673
320 2097152 28280.444 30803.713 30825.749 43.5407840374 43.5719317343 47.4595547368 43.5407840374 43.5719317343 47.4595547368
384 2097152 30415.37 31382.835 31423.172 51.2555745804 51.3214544193 52.9539090269 51.2555745804 51.3214544193 52.9539090269
448 2097152 29715.528 32511.194 32537.879 57.7495598899 57.7969603946 63.2345550784 57.7495598899 57.7969603946 63.2345550784
512 2097152 31490.519 32084.403 34357.275 62.5044811616 66.9323237213 68.1946095585 62.5044811616 66.9323237213 68.1946095585
576 1048576 16107.079 16477.713 17738.334 68.0988164954 73.3086898649 74.9955688427 68.0988164954 73.3086898649 74.9955688427
640 1048576 17605.876 19314.554 19460.341 68.96987468 69.4904619594 76.2346207596 68.96987468 69.4904619594 76.2346207596
704 1048576 19380.743 21076.182 22095.581 66.8185646714 70.0504013488 76.1784523947 66.8185646714 70.0504013488 76.1784523947
768 1048576 21166.079 21188.811 23064.063 69.8321339133 76.0124169308 76.094052942 69.8321339133 76.0124169308 76.094052942
832 1048576 22739.523 22877.336 25003.734 69.7827958016 76.2689529935 76.7311813885 69.7827958016 76.2689529935 76.7311813885
896 1048576 20982.151 21159.013 23063.199 81.4738749815 88.8060417563 89.5546024809 81.4738749815 88.8060417563 89.5546024809
960 1048576 24949.566 25632.429 27509.715 73.1838159719 78.5437041491 80.6934244868 73.1838159719 78.5437041491 80.6934244868
1024 1048576 26924.339 27805.274 29481.838 72.8409011677 77.2329612001 79.7599394362 72.8409011677 77.2329612001 79.7599394362
1088 524288 14316.205 15385.37 16109.278 70.8194798054 74.1516575812 79.6894629547 70.8194798054 74.1516575812 79.6894629547
1152 524288 14993.061 15676.912 15807.478 76.4169687283 77.0534115392 80.567907514 76.4169687283 77.0534115392 80.567907514
1216 524288 15524.236 15599.558 15702.873 81.1996897638 81.7374707668 82.1340525872 81.1996897638 81.7374707668 82.1340525872
1280 524288 15916.735 15932.005 16389.816 81.8909303192 84.2440910607 84.3249121129 81.8909303192 84.2440910607 84.3249121129
1408 524288 13038.002 13770.964 13919.817 106.064254149 107.210723084 113.237826471 106.064254149 107.210723084 113.237826471
1536 524288 15235.639 15473.577 16645.407 96.7601895226 104.087938813 105.713500825 96.7601895226 104.087938813 105.713500825
1664 524288 17136.348 17183.656 19627.381 88.897773167 101.540118354 101.820438287 88.897773167 101.540118354 101.820438287
1792 524288 17658.91 18106.418 19949.148 94.1919019298 103.778019043 106.407937523 94.1919019298 103.778019043 106.407937523
1920 524288 13872.827 14990.514 15740.907 127.900248696 134.302661003 145.122974575 127.900248696 134.302661003 145.122974575
2112 262144 9548.301 10308.062 10584.238 104.617475155 107.420410937 115.967883291 104.617475155 107.420410937 115.967883291
2304 262144 10276.299 11457.551 12984.498 93.0309013102 105.429122855 117.548112604 93.0309013102 105.429122855 117.548112604
2496 262144 8736.25 9516.557 9823.467 133.213950635 137.510115055 149.79228479 133.213950635 137.510115055 149.79228479
2688 262144 10046.584 10314.931 11412.9 123.481862103 136.625843062 140.27515661 123.481862103 136.625843062 140.27515661
2944 262144 8500.209 8909.215 10804.451 142.858149109 173.248021515 181.584225988 142.858149109 173.248021515 181.584225988
3200 262144 11021.79 11403.897 12271.705 136.714629304 147.118270184 152.218614218 136.714629304 147.118270184 152.218614218
3520 262144 13001.463 13620.267 15964.067 115.602982623 135.496151434 141.94508418 115.602982623 135.496151434 141.94508418
3840 262144 16309.443 16563.565 20359.274 98.8869210169 121.547862432 123.441733724 98.8869210169 121.547862432 123.441733724
4224 131072 8001.564 8203.568 10066.054 110.003011706 134.977397152 138.384977737 110.003011706 134.977397152 138.384977737
4608 131072 8035.023 8337.258 9922.724 121.736687627 144.886910301 150.336788333 121.736687627 144.886910301 150.336788333
5056 131072 8760.544 9575.844 9664.135 137.146269583 138.410782799 151.291981868 137.146269583 138.410782799 151.291981868
5504 131072 7867.399 8345.609 9649.819 149.519962602 172.886193925 183.394864809 149.519962602 172.886193925 183.394864809
6016 131072 7829.743 8829.907 10207.88 154.494204869 178.604180542 201.418910429 154.494204869 178.604180542 201.418910429
6592 131072 8906.412 9689.676 11358.617 152.135884853 178.339631583 194.023502169 152.135884853 178.339631583 194.023502169
7232 131072 10358.527 10746.34 13571.753 139.68905918 176.415915372 183.020752661 139.68905918 176.415915372 183.020752661
7936 131072 11378.443 11598.491 15352.34 135.508644545 179.365986834 182.834750238 135.508644545 179.365986834 182.834750238
8704 65536 5928.725 6125.055 7461.242 152.903590046 186.259664281 192.427661597 152.903590046 186.259664281 192.427661597
9536 65536 6611.341 6869.468 9126.313 136.955919877 181.950420615 189.054322262 136.955919877 181.950420615 189.054322262
10432 65536 7009.402 8493.745 8779.497 155.742761117 160.982358665 195.072718614 155.742761117 160.982358665 195.072718614
11456 65536 7800.31 9124.81 9133.996 164.392543198 164.55803814 192.500148327 164.392543198 164.55803814 192.500148327
12544 65536 8078.14 8357.899 10398.336 158.11829585 196.720152756 203.532888511 158.11829585 196.720152756 203.532888511
13760 65536 7783.427 8173.747 10074.724 179.017382511 220.651644833 231.716790046 179.017382511 220.651644833 231.716790046
15104 65536 9550.972 9764.78 11960.948 165.514597004 202.739999058 207.27853542 165.514597004 202.739999058 207.27853542
16576 32768 5126.273 5136.557 6225.856 174.486004174 211.488889542 211.913164984 174.486004174 211.488889542 211.913164984
18176 32768 5201.169 5544.846 6855.27 173.76154929 214.826946682 229.022040237 173.76154929 214.826946682 229.022040237
19968 32768 5430.31 5882.548 7152.152 182.969104683 222.458507436 240.984924986 182.969104683 222.458507436 240.984924986
21952 32768 5703.054 6241.582 6464.265 222.553727609 230.493851078 252.25892513 222.553727609 230.493851078 252.25892513
24128 32768 6365.204 6545.012 7254.188 217.977891943 241.59659417 248.421355859 217.977891943 241.59659417 248.421355859
26496 32768 6578.426 6885.286 7748.937 224.087749842 252.196038915 263.96008042 224.087749842 252.196038915 263.96008042
29120 32768 7240.118 7446.2 8201.622 232.686695388 256.292917193 263.588013345 232.686695388 256.292917193 263.588013345
32000 32768 8414.138 8842.407 9040.902 231.962695758 237.169811342 249.241455274 231.962695758 237.169811342 249.241455274
35200 16384 4404.774 4568.275 4586.573 251.480484449 252.487777115 261.859882028 251.480484449 252.487777115 261.859882028
38720 16384 5108.82 5437.219 5508.727 230.321262971 233.350350611 248.350296154 230.321262971 233.350350611 248.350296154
42560 16384 5312.6 5680.292 5821.598 239.557262456 245.516617808 262.509144298 239.557262456 245.516617808 262.509144298
46784 16384 6009.51 6110.161 6511.851 235.419715838 250.896516802 255.098687247 235.419715838 250.896516802 255.098687247
51456 16384 6544.852 6637.553 7060.764 238.799966689 254.025874897 257.623886377 238.799966689 254.025874897 257.623886377
56576 16384 7108.081 7188.574 7227.765 256.494555094 257.892923965 260.813343011 256.494555094 257.892923965 260.813343011
62208 16384 7520.903 8256.026 8332.153 244.646461005 246.902292217 271.035505178 244.646461005 246.902292217 271.035505178
68416 8192 4328.377 4391.341 4732.527 236.856069495 255.258642861 258.97183725 236.856069495 255.258642861 258.97183725
75200 8192 4515.052 4817.818 4818.381 255.703482145 255.733363112 272.882084193 255.703482145 255.733363112 272.882084193
82688 8192 5066.742 5080.503 6343.113 213.579703215 266.658673757 267.382904438 213.579703215 266.658673757 267.382904438
90944 8192 5495.696 5941.488 6118.308 243.535712161 250.783388942 271.126076843 243.535712161 250.783388942 271.126076843
100032 8192 6104.532 6226.687 7455.932 219.814811616 263.20967924 268.476647841 219.814811616 263.20967924 268.476647841
110016 8192 6798.346 6959.66 8227.461 219.083644881 258.992845053 265.138335707 219.083644881 258.992845053 265.138335707
120960 8192 7600.88 7628.761 9089.026 218.044116058 259.781193827 260.734104472 218.044116058 259.781193827 260.734104472
133056 4096 3966.998 4251.942 4873.772 223.64500268 256.352215529 274.765641929 223.64500268 256.352215529 274.765641929
146304 4096 4310.038 4530.039 5323.378 225.143201929 264.572196398 278.076984008 225.143201929 264.572196398 278.076984008
160896 4096 4824.749 5036.726 5892.791 223.673303872 261.689842171 273.187275027 223.673303872 261.689842171 273.187275027
176960 4096 5265.848 5589.973 6509.377 222.702774782 259.331542388 275.293992535 222.702774782 259.331542388 275.293992535
194624 4096 5956.978 6044.648 7107.747 224.312965557 263.763879716 267.645743865 224.312965557 263.763879716 267.645743865
214080 4096 6163.749 6461.22 6553.844 267.590037236 271.426040283 284.525434115 267.590037236 271.426040283 284.525434115
235456 4096 6706.446 6908.896 7370.898 261.685286108 279.184337411 287.612179685 261.685286108 279.184337411 287.612179685
258944 4096 7635.574 7930.13 8126.022 261.046456433 267.494889491 277.813985956 261.046456433 267.494889491 277.813985956
284800 2048 4191.041 4561.542 4599.068 253.647217219 255.733872449 278.341538534 253.647217219 255.733872449 278.341538534
313280 2048 4567.927 4857.6 4860.445 264.007694769 264.162318841 280.914051385 264.007694769 264.162318841 280.914051385
344576 2048 5312.714 5341.067 6378.638 221.267188387 264.251187263 265.661448367 221.267188387 264.251187263 265.661448367
379008 2048 5451.335 5828.215 6856.095 226.428713138 266.362302695 284.777356005 226.428713138 266.362302695 284.777356005
416896 2048 6356.115 7362.332 7669.838 222.63912432 231.938197843 268.655619982 222.63912432 231.938197843 268.655619982
458560 2048 6535.033 7006.909 8293.066 226.485808747 268.058534798 287.414273195 226.485808747 268.058534798 287.414273195
504384 2048 7131.641 7712.414 9233.091 223.755713444 267.874217333 289.68884777 223.755713444 267.874217333 289.68884777
554816 1024 4069.74 4367.521 5004.038 227.069252472 260.162038832 279.197975301 227.069252472 260.162038832 279.197975301
610240 1024 4583.425 4950.525 5480.12 228.055502434 252.452319703 272.671969106 228.055502434 252.452319703 272.671969106
671232 1024 4838.363 5137.105 5503.048 249.803951556 267.598800492 284.121537801 249.803951556 267.598800492 284.121537801
738304 1024 5285.97 5438.013 5585.225 270.722592554 278.051301459 286.049030169 270.722592554 278.051301459 286.049030169
812096 1024 5861.575 6104.934 6295.243 264.195140362 272.430890817 283.74158959 264.195140362 272.430890817 283.74158959
893248 1024 6343.566 6638.149 7474.185 244.758713358 275.584640236 288.382260703 244.758713358 275.584640236 288.382260703
982528 1024 7120.183 7244.548 7861.405 255.961541735 277.756092444 282.607531857 255.961541735 277.756092444 282.607531857
1080768 512 3953.117 4042.408 4166.394 265.626926306 273.774055464 279.957924848 265.626926306 273.774055464 279.957924848
1188800 512 4311.75 4377.167 4521.84 269.211471436 278.10937988 282.328799211 269.211471436 278.10937988 282.328799211
1307648 512 4842.697 5162.834 5598.281 239.186198764 259.359791928 276.505334114 239.186198764 259.359791928 276.505334114
1438400 512 5272.423 5439.479 5461.991 269.667525999 270.78358056 279.36332119 269.667525999 270.78358056 279.36332119
1582208 512 5752.994 5916.481 5931.894 273.13046929 273.842000338 281.623966929 273.13046929 273.842000338 281.623966929
1740416 512 6452.894 6608.114 6668.813 267.241859083 269.696616009 276.183985666 267.241859083 269.696616009 276.183985666
1914432 512 6737.532 7136.32 7376.135 265.773113968 274.704380969 290.963867481 265.773113968 274.704380969 290.963867481
2105856 256 3852.341 4258.997 4351.379 247.783121627 253.157790907 279.881316841 247.783121627 253.157790907 279.881316841
2316416 256 4202.838 4502.019 4605.141 257.539343964 263.438468829 282.191460151 257.539343964 263.438468829 282.191460151
2548032 256 4720.476 4738.108 4883.042 267.167962921 275.340364551 276.368820433 267.167962921 275.340364551 276.368820433
2802816 256 5023.945 5354.091 5437.295 263.925682164 268.027157551 285.640426398 263.925682164 268.027157551 285.640426398
3083072 256 5489.77 5977.191 6411.478 246.20420814 264.092759291 287.540801163 246.20420814 264.092759291 287.540801163
3391360 256 6325.449 7231.306 7249.049 239.531602007 240.11932561 274.506413695 239.531602007 240.11932561 274.506413695
3730496 256 7054.929 8346.792 8355.648 228.589566243 228.832101243 270.734680959 228.589566243 228.832101243 270.734680959
4103488 256 7556.668 7754.189 8050.614 260.972126598 270.948497128 278.030721477 260.972126598 270.948497128 278.030721477
4513792 128 4099.967 4468.651 6484.236 178.206152891 258.586036815 281.839037241 178.206152891 258.586036815 281.839037241
4965120 128 4480.949 4601.309 5544.179 229.262208165 276.241113127 283.661054835 229.262208165 276.241113127 283.661054835
5461632 128 5200.332 5220.503 6097.128 229.317441261 267.824344129 268.863178736 229.317441261 267.824344129 268.863178736
6007744 128 5591.224 5788.301 6722.918 228.767101428 265.705336333 275.070800955 228.767101428 265.705336333 275.070800955
6608512 128 5846.812 5867.431 7510.766 225.247208074 288.333867411 289.35068752 225.247208074 288.333867411 289.35068752
7269312 128 6635.173 6870.857 8288.794 224.513224964 270.845961719 280.466518657 224.513224964 270.845961719 280.466518657
7996224 128 7406.247 7413.948 9014.357 227.085896864 276.105705624 276.392799754 227.085896864 276.105705624 276.392799754
8795840 64 4053.152 4360.237 5101.55 220.69126442 258.212459552 277.775795233 220.69126442 258.212459552 277.775795233
9675392 64 4472.275 5022.259 5474.875 226.206109911 246.592255796 276.917268281 226.206109911 246.592255796 276.917268281
10642880 64 4919.076 5286.089 6025.495 226.087423523 257.712013551 276.939945632 226.087423523 257.712013551 276.939945632
11707136 64 5642.922 5690.368 6668.13 224.727683473 263.342091056 265.55628591 224.727683473 263.342091056 265.55628591
12877824 64 6215.574 6349.61 7315.08 225.337449761 259.600427743 265.198591795 225.337449761 259.600427743 265.198591795
14165568 64 6593.507 7368.078 8196.531 221.21464605 246.087609822 274.996705699 221.21464605 246.087609822 274.996705699
15582080 64 7758.142 8863.319 8906.739 223.932265221 225.029274023 257.085554763 223.932265221 225.029274023 257.085554763
17140288 32 4574.972 4812.896 4947.93 221.704517243 227.924815329 239.778173943 221.704517243 227.924815329 239.778173943
18854272 32 4854.118 5314.176 5436.493 221.958054209 227.066888263 248.587572037 221.958054209 227.066888263 248.587572037
20739648 32 5120.973 6018.702 6110.011 217.239784347 220.535502838 259.19634257 217.239784347 220.535502838 259.19634257
22813568 32 5803.498 6456.151 7100.024 205.642734729 226.151518451 251.584191465 205.642734729 226.151518451 251.584191465
25094912 32 6283.513 7178.173 8078.306 198.813262087 223.744171114 255.601344025 198.813262087 223.744171114 255.601344025
27604352 32 7018.345 8059.561 9491.394 186.134779359 219.202823578 251.722952918 186.134779359 219.202823578 251.722952918
30364736 32 7931.909 9137.225 11365.53 170.985700095 212.684168771 245.00320213 170.985700095 212.684168771 245.00320213
33401152 32 9052.311 10281.526 13003.365 164.39388789 207.914051669 236.146739545 164.39388789 207.914051669 236.146739545
36741248 16 5280.802 5887.944 7190.747 163.504561626 199.682594807 222.640412574 163.504561626 199.682594807 222.640412574
40415360 16 6457.55 6904.906 8730.761 148.130445903 187.300380338 200.27588172 148.130445903 187.300380338 200.27588172
44456896 16 8195.588 8513.638 12346.34 115.226105226 167.0990324 173.583722364 115.226105226 167.0990324 173.583722364
48902528 16 10308.363 10552.923 12729.887 122.929676909 148.288857599 151.806925697 122.929676909 148.288857599 151.806925697
53792768 16 12829.201 14764.025 17356.489 99.1772342897 116.59209301 134.175820926 99.1772342897 116.59209301 134.175820926
59172032 16 15750.812 16265.55 18690.407 101.308924091 116.411988774 120.216343386 101.308924091 116.411988774 120.216343386
65089216 16 18650.672 19019.781 25368.519 82.1039222668 109.509931371 111.677204553 82.1039222668 109.509931371 111.677204553
71598080 8 11101.023 11117.486 14449.142 79.2828584562 103.042115816 103.194928972 79.2828584562 103.042115816 103.194928972
78757888 8 12995.011 13190.748 19956.968 63.1421670867 95.5310652588 96.9699993328 63.1421670867 95.5310652588 96.9699993328
86633664 8 14989.597 18486.467 23179.482 59.8002416102 74.9812619145 92.473374968 59.8002416102 74.9812619145 92.473374968
95297024 8 17059.166 20863.111 23569.262 64.6924109885 73.0836539191 89.380241918 64.6924109885 73.0836539191 89.380241918
104826688 8 19748.374 23581.057 30229.989 55.4822235628 71.1260317127 84.9298786827 55.4822235628 71.1260317127 84.9298786827
115309312 8 22383.314 26961.957 33465.144 55.1304662547 68.4278590015 82.4251936956 55.1304662547 68.4278590015 82.4251936956
126840192 8 25268.668 28020.096 29563.598 68.6466874566 72.4281270128 80.3146043155 68.6466874566 72.4281270128 80.3146043155
139524160 4 14159.582 15421.443 16649.062 67.0424123593 72.3793019888 78.8295360696 67.0424123593 72.3793019888 78.8295360696
153476544 4 16086.296 17552.388 18684.866 65.7115952558 69.951299618 76.3266044589 65.7115952558 69.951299618 76.3266044589
168824192 4 17816.847 19955.019 21235.274 63.6014179049 67.6818967699 75.8042955636 63.6014179049 67.6818967699 75.8042955636
185706560 4 20067.227 22645.577 23849.127 62.2937887831 65.6045319578 74.0337705852 62.2937887831 65.6045319578 74.0337705852
204277184 4 22448.061 25369.87 26603.546 61.4285581328 64.4156817516 72.7999390237 61.4285581328 64.4156817516 72.7999390237
224704896 4 25100.345 28399.643 30018.408 59.8845604337 63.2979494848 71.6181059663 59.8845604337 63.2979494848 71.6181059663
247175360 4 27949.122 31965.811 33326.856 59.3336161083 61.8599315375 70.7500893946 59.3336161083 61.8599315375 70.7500893946
271892864 2 15449.86 17742.632 19046.333 57.1013567809 61.2970756537 70.3936123693 57.1013567809 61.2970756537 70.3936123693
299082112 2 17167.587 19777.254 20712.236 57.7595025472 60.4901190024 69.6852998619 57.7595025472 60.4901190024 69.6852998619
328990272 2 18999.739 22001.713 22930.327 57.3895473885 59.8117559301 69.2620613367 57.3895473885 59.8117559301 69.2620613367
361889280 2 21251.065 25406.606 50049.711 28.9223871842 56.9756196479 68.116921199 28.9223871842 56.9756196479 68.116921199
398078208 2 23542.078 28177.914 31596.853 50.3946653168 56.5092516075 67.63688541 50.3946653168 56.5092516075 67.63688541
437886016 2 26055.439 31166.692 33438.571 52.3809484562 56.1992291001 67.2237402717 52.3809484562 56.1992291001 67.2237402717
481674560 2 28892.611 34687.107 35995.286 53.5264045409 55.5450830765 66.6848087907 53.5264045409 55.5450830765 66.6848087907
529841984 2 32094.792 38333.73 38670.074 54.8064101455 55.2872870968 66.0346368969 54.8064101455 55.2872870968 66.0346368969
582826176 1 18898.626 22405.505 27206.052 42.8453327958 52.025265755 61.6792115998 42.8453327958 52.025265755 61.6792115998
641108736 1 20944.554 24710.813 30648.671 41.8359892995 51.8889229585 61.2196121245 41.8359892995 51.8889229585 61.2196121245
705219584 1 23124.545 27156.993 34983.894 40.316814589 51.9365000389 60.9931641033 40.316814589 51.9365000389 60.9931641033
775741504 1 25484.216 30139.16 39720.12 39.0603806836 51.4773141654 60.8801545239 39.0603806836 51.4773141654 60.8801545239
853315648 1 28208.723 33278.251 43008.742 39.6810326608 51.2836836287 60.5001260071 39.6810326608 51.2836836287 60.5001260071
938647168 1 31297.455 48591.542 165178.283 11.3652612311 38.6341790923 59.9823319819 11.3652612311 38.6341790923 59.9823319819
1032511872 1 35082.636 50731.873 54835.381 37.6586011867 40.7046620179 58.8617042345 37.6586011867 40.7046620179 58.8617042345

META_DATA
ERT_VERSION  1.1.0
TIMESTAMP_DATA  1560425074.68
FLOPS          16
HOSTNAME  ('kcadmin-UniServer-R5200-G3', [], ['127.0.1.1'])
CONFIG  {'ERT_WORKING_SET_MIN': ['1'], 'ERT_CFLAGS': ['-O3', '-march=native', '-fstrict-aliasing', '-ftree-vectorize'], 'ERT_CC': ['gcc'], 'ERT_MPI_CFLAGS': ['-I/usr/local/include'], 'ERT_MPI_LDFLAGS': ['-L/usr/local/lib', '-lmpi'], 'ERT_MEMORY_MAX': ['1073741824'], 'ERT_PROCS_THREADS': ['1-8'], 'ERT_LDFLAGS': [], 'ERT_LDLIBS': [], 'ERT_RUN': ['export', 'OMP_NUM_THREADS=ERT_OPENMP_THREADS;', 'mpirun', '-np', 'ERT_MPI_PROCS', 'ERT_CODE'], 'ERT_FLOPS': ['1,2,4,8,16'], 'ERT_OPENMP_CFLAGS': ['-fopenmp'], 'ERT_MPI': ['True'], 'ERT_TRIALS_MIN': ['1'], 'ERT_DRIVER': ['driver1'], 'ERT_RESULTS': ['Results.p100.01'], 'ERT_OPENMP': ['True'], 'ERT_MPI_PROCS': ['1,2,4,8'], 'ERT_KERNEL': ['kernel1'], 'ERT_GPU': [False], 'ERT_OPENMP_THREADS': ['1,2,4,8'], 'ERT_LD': ['gcc'], 'ERT_NUM_EXPERIMENTS': ['3'], 'ERT_OPENMP_LDFLAGS': ['-fopenmp'], 'ERT_ALIGN': ['32'], 'ERT_GNUPLOT': ['gnuplot']}
OPENMP_THREADS 2
TIMESTAMP_DATA  1560425080.3
MPI_PROCS      4
UNAME  ('Linux', 'kcadmin-UniServer-R5200-G3', '4.4.0-141-generic', '#167-Ubuntu SMP Wed Dec 5 10:40:15 UTC 2018', 'x86_64', 'x86_64')
TIMESTAMP_DATA  1560425068.77
