64 16777216 84313.015 86093.415 88004.182 24.4020636201 24.9436457829 25.4703695272 6.10051590503 6.23591144572 6.36759238179
128 8388608 42091.313 43350.548 46613.709 46.0697870663 49.5376355565 51.0196402759 11.5174467666 12.3844088891 12.754910069
192 4194304 21045.52 21046.598 21763.295 74.0059230921 76.5260369396 76.5299567794 18.501480773 19.1315092349 19.1324891949
256 4194304 21043.326 21056.571 29320.874 73.240778839 101.986389332 102.050581168 18.3101947097 25.496597333 25.5126452919
320 2097152 10523.202 10523.264 10526.581 127.503629146 127.543819104 127.544570559 31.8759072865 31.885954776 31.8861426399
384 2097152 11822.868 12143.058 12207.569 131.935583243 132.636501942 136.22859834 32.9838958109 33.1591254855 34.057149585
448 2097152 13229.801 13760.319 13762.302 136.535892905 136.555569097 142.031478176 34.1339732263 34.1388922742 35.5078695439
512 2097152 15402.379 15416.632 15424.782 139.222949666 139.296549856 139.425451614 34.8057374166 34.824137464 34.8563629034
576 1048576 7939.228 8500.092 8830.177 136.799019091 142.111350324 152.150757227 34.1997547728 35.5278375811 38.0376893068
640 1048576 8574.125 9413.314 10412.021 128.906509121 142.582865078 156.538105054 32.2266272801 35.6457162695 39.1345262636
704 1048576 9412.837 9737.926 16375.0 90.1615272061 151.612880196 156.849099586 22.5403818015 37.9032200491 39.2122748965
768 1048576 10336.96 10925.669 17996.059 89.4980804408 147.415479638 155.811063988 22.3745201102 36.8538699095 38.952765997
832 1048576 10940.346 10995.37 18834.227 92.6414693844 158.687744387 159.485857577 23.1603673461 39.6719360967 39.8714643943
896 1048576 6125.29 6266.821 6473.967 290.246797983 299.840731369 306.76885372 72.5616994958 74.9601828423 76.6922134299
960 1048576 6868.421 6974.489 7406.986 271.806362264 288.661423081 293.119178338 67.951590566 72.1653557702 73.2797945845
1024 1048576 7608.736 7736.337 14638.291 146.70316692 277.584035959 282.239211349 36.6757917301 69.3960089898 70.5598028372
1088 524288 4153.671 4441.265 7995.105 142.693646675 256.875166873 274.660821235 35.6734116688 64.2187917181 68.6652053087
1152 524288 4522.335 4652.256 8730.925 138.354132237 259.650275479 267.109701515 34.5885330592 64.9125688698 66.7774253787
1216 524288 5385.024 5494.81 9576.06 133.151673653 232.049591524 236.780451861 33.2879184132 58.0123978809 59.1951129651
1280 524288 5546.526 5869.512 9595.445 139.876501819 228.669313565 241.985213808 34.9691254548 57.1673283912 60.4963034519
1408 524288 3651.849 3881.951 4383.551 336.803429001 380.322937616 404.286981198 84.2008572502 95.0807344039 101.071745299
1536 524288 4167.87 4317.706 4453.196 361.675689999 373.025105461 386.435454081 90.4189224997 93.2562763653 96.6088635202
1664 524288 5433.287 5461.889 5527.962 315.637203005 319.455496807 321.137179759 78.9093007513 79.8638742018 80.2842949397
1792 524288 5589.157 5730.016 5760.199 326.21237426 327.930705953 336.195278107 81.553093565 81.9826764882 84.0488195268
1920 524288 3957.756 4013.398 4153.332 484.735128326 501.636249383 508.688741802 121.183782081 125.409062346 127.172185451
2112 262144 2577.52 2604.307 2768.531 399.95804851 425.178850266 429.597541823 99.9895121276 106.294712567 107.399385456
2304 262144 3097.431 3101.93 3208.652 376.469480642 389.42192506 389.987558076 94.1173701604 97.3554812649 97.4968895191
2496 262144 2322.993 2323.469 2558.699 511.44071577 563.21941373 563.33482193 127.860178943 140.804853433 140.833705483
2688 262144 2853.051 2870.272 3008.696 468.404300069 490.99393507 493.957571736 117.101075017 122.748483767 123.489392934
2944 262144 2324.459 2326.29 2377.617 649.181037989 663.50449514 664.027144381 162.295259497 165.876123785 166.006786095
3200 262144 3065.662 3116.463 4960.457 338.219160049 538.341575048 547.262418362 84.5547900123 134.585393762 136.81560459
3520 262144 2767.447 2796.985 2881.963 640.359976863 659.815394076 666.857851298 160.089994216 164.953848519 166.714462824
3840 262144 3655.861 3702.935 3795.057 530.496885818 543.694642223 550.695423048 132.624221454 135.923660556 137.673855762
4224 131072 1799.458 1806.326 1883.393 587.926288353 613.010196388 615.349875351 146.981572088 153.252549097 153.837468838
4608 131072 1804.554 1820.823 1863.858 648.096342103 663.414045187 669.395070472 162.024085526 165.853511297 167.348767618
5056 131072 1771.0 1833.957 2064.675 641.941256614 722.699640177 748.390775833 160.485314154 180.674910044 187.097693958
5504 131072 2288.469 2291.907 2456.693 587.31008555 629.53713916 630.482901888 146.827521387 157.38428479 157.620725472
6016 131072 2369.474 2407.813 2704.854 583.047478348 654.975408805 665.573162651 145.761869587 163.743852201 166.393290663
6592 131072 2529.714 2818.34 2940.17 587.739228684 613.145769496 683.10221946 146.934807171 153.286442374 170.775554865
7232 131072 2836.642 2843.571 3047.296 622.133658168 666.705845572 668.334392567 155.533414542 166.676461393 167.083598142
7936 131072 3189.565 3659.805 6493.109 320.397329538 568.438696597 652.244047072 80.0993323845 142.109674149 163.061011768
8704 65536 1703.213 1705.308 1871.587 609.563267965 668.999786549 669.822675144 152.390816991 167.249946637 167.455668786
9536 65536 1542.503 1550.466 1718.375 727.374753473 806.146405016 810.308046078 181.843688368 201.536601254 202.57701152
10432 65536 2519.609 2781.924 2915.214 469.03695715 491.509870147 542.680671485 117.259239287 122.877467537 135.670167871
11456 65536 2185.859 2609.142 5144.703 291.865406419 575.499850909 686.943134026 72.9663516047 143.874962727 171.735783507
12544 65536 2413.103 2792.071 3287.708 500.095254201 588.870113976 681.349767499 125.02381355 147.217528494 170.337441875
13760 65536 2208.845 2224.23 2703.754 667.05429562 810.865207285 816.513028302 166.763573905 202.716301821 204.128257076
15104 65536 2842.454 2924.369 3067.719 645.33664524 676.970480811 696.479692547 161.33416131 169.242620203 174.119923137
16576 32768 1699.055 1794.538 1884.32 576.507565594 605.350645124 639.369965069 144.126891398 151.337661281 159.842491267
18176 32768 1586.406 1719.095 1738.958 684.997760728 692.912454518 750.86852672 171.249440182 173.22811363 187.71713168
19968 32768 1813.329 2006.462 2032.429 643.871371644 652.204152384 721.668736341 160.967842911 163.051038096 180.417184085
21952 32768 1932.396 2142.178 2198.542 654.363788365 671.581106705 744.488330549 163.590947091 167.895276676 186.122082637
24128 32768 1857.171 2050.229 2071.897 763.190741625 771.256580606 851.430809549 190.797685406 192.814145152 212.857702387
26496 32768 1908.834 1931.849 2161.562 803.327341987 898.84968028 909.68719962 200.831835497 224.71242007 227.421799905
29120 32768 2059.739 2064.691 2366.912 806.286131466 924.30698831 926.529196175 201.571532866 231.076747077 231.632299044
32000 32768 2358.132 2360.739 2722.518 770.298672038 888.345556201 889.327654262 192.57466801 222.08638905 222.331913565
35200 16384 1311.92 1313.32 1370.858 841.395388873 878.257850334 879.19507287 210.348847218 219.564462583 219.798768218
38720 16384 1602.748 1798.021 1979.128 641.078778129 705.651913965 791.625982375 160.269694532 176.412978491 197.906495594
42560 16384 1837.925 1856.072 1864.37 748.03074497 751.374989763 758.793791912 187.007686243 187.843747441 189.698447978
46784 16384 1696.267 1778.666 1898.055 807.678445567 861.892065177 903.759910439 201.919611392 215.473016294 225.93997761
51456 16384 1966.887 2047.798 2226.188 757.397941234 823.37721201 857.248132709 189.349485309 205.844303003 214.312033177
56576 16384 2098.163 2115.186 2508.558 739.023123245 876.463047694 883.574044533 184.755780811 219.115761924 220.893511133
62208 16384 2249.403 2260.791 2273.573 896.576333375 901.645372792 906.21011175 224.144083344 225.411343198 226.552527937
68416 8192 1339.237 1339.743 1341.142 835.800939796 836.673708316 836.989826297 208.950234949 209.168427079 209.247456574
75200 8192 1394.023 1395.603 1619.079 760.973862301 882.827566292 883.828172132 190.243465575 220.706891573 220.957043033
82688 8192 1539.576 1666.15 1669.37 811.539797648 813.108178735 879.956684178 202.884949412 203.277044684 219.989171044
90944 8192 1658.498 1823.031 1824.382 816.729443724 817.334700288 898.41922993 204.182360931 204.333675072 224.604807482
100032 8192 1766.686 1970.553 1986.207 825.152810357 831.707793701 927.682841207 206.288202589 207.926948425 231.920710302
110016 8192 1921.359 2135.974 2141.591 841.664978981 843.878316871 938.139173366 210.416244745 210.969579218 234.534793342
120960 8192 2090.085 2232.465 2523.39 785.375482981 887.722154659 948.195236079 196.343870745 221.930538665 237.04880902
133056 4096 1264.488 1370.752 1428.897 762.822479157 795.180128864 862.004820924 190.705619789 198.795032216 215.501205231
146304 4096 1310.827 1312.465 1377.953 869.78465013 913.184251009 914.325359487 217.446162532 228.296062752 228.581339872
160896 4096 1416.994 1522.016 1576.564 836.033318026 865.996173496 930.180390319 209.008329506 216.499043374 232.54509758
176960 4096 1534.848 1537.255 1688.817 858.385674706 943.01616843 944.495037945 214.596418677 235.754042108 236.123759486
194624 4096 1661.903 1685.007 1918.073 831.229993853 946.203670371 959.357921612 207.807498463 236.550917593 239.839480403
214080 4096 1847.203 2004.841 2062.583 850.26559416 874.754337127 949.404781175 212.56639854 218.688584282 237.351195294
235456 4096 1966.59 2013.5 2230.8 864.647459207 957.961535634 980.812244545 216.161864802 239.490383909 245.203061136
258944 4096 2149.464 2279.366 2616.787 810.638866671 930.64003236 986.882891735 202.659716668 232.66000809 246.720722934
284800 2048 1619.439 1771.533 1971.389 591.735471792 658.492277592 720.336363395 147.933867948 164.623069398 180.084090849
313280 2048 2142.439 2212.673 2582.331 496.913401109 579.929741087 598.941150717 124.228350277 144.982435272 149.735287679
344576 2048 2319.842 2352.958 2707.189 521.346420955 599.83361199 608.396302852 130.336605239 149.958402997 152.099075713
379008 2048 2531.012 2760.874 3130.492 495.901848016 562.291784413 613.358122364 123.975462004 140.572946103 153.339530591
416896 2048 2757.505 2770.01 3284.977 519.822822504 616.462040209 619.257631808 129.955705626 154.115510052 154.814407952
458560 2048 3378.824 3539.122 3838.507 489.320915658 530.714047156 555.892156561 122.330228915 132.678511789 138.97303914
504384 2048 3260.964 3494.48 4041.633 511.168842891 591.205805728 633.541757591 127.792210723 147.801451432 158.385439398
554816 1024 1912.893 1933.882 2396.573 474.119990503 587.555584053 594.002470603 118.529997626 146.888896013 148.500617651
610240 1024 2093.937 2259.198 2697.342 463.334467783 553.192557713 596.852493652 115.833616946 138.298139428 149.213123413
671232 1024 2274.106 2417.27 2865.661 479.708917419 568.692424098 604.493869679 119.927229355 142.173106025 151.12346742
738304 1024 2461.959 2600.255 2900.028 521.390342438 581.499349871 614.164001919 130.34758561 145.374837468 153.54100048
812096 1024 2681.09 3131.252 3269.099 508.755656528 531.152589443 620.334493807 127.188914132 132.788147361 155.083623452
893248 1024 2900.403 2963.645 3601.142 507.997714058 617.270929548 630.730248176 126.999428515 154.317732387 157.682562044
982528 1024 3173.149 3664.643 3933.126 511.607648471 549.089595903 634.138940214 127.901912118 137.272398976 158.534735053
1080768 512 1875.892 1876.115 2247.859 492.338012304 589.89264091 589.962765447 123.084503076 147.473160227 147.490691362
1188800 512 2047.583 2051.587 2385.331 510.340577471 593.360749508 594.521052382 127.585144368 148.340187377 148.630263096
1307648 512 2250.742 2461.824 2741.797 488.3773496 543.918473457 594.928939878 122.0943374 135.979618364 148.73223497
1438400 512 2389.207 2813.089 2929.34 502.816880253 523.595805181 616.489739064 125.704220063 130.898951295 154.122434766
1582208 512 2602.271 2605.198 3235.903 500.688986042 621.903207357 622.602715859 125.17224651 155.475801839 155.650678965
1740416 512 2985.099 3084.903 3686.418 483.44652831 577.712162749 597.027429911 120.861632078 144.428040687 149.256857478
1914432 512 3080.75 3392.503 3824.861 512.535845878 577.856045522 636.331532257 128.133961469 144.46401138 159.082883064
2105856 256 1820.168 1982.949 2178.503 494.926227781 543.734746582 592.361953402 123.731556945 135.933686645 148.090488351
2316416 256 1983.755 2053.874 2402.829 493.586931072 577.447785015 597.858602499 123.396732768 144.361946254 149.464650625
2548032 256 2150.843 2397.318 2607.1 500.399825093 544.188290415 606.549331588 125.099956273 136.047072604 151.637332897
2802816 256 2338.968 2340.952 2847.454 503.973652252 613.016324982 613.536308321 125.993413063 153.254081246 153.38407708
3083072 256 2542.188 2780.034 3060.859 515.715641916 567.810632532 620.934747548 128.928910479 141.952658133 155.233686887
3391360 256 2831.288 2902.396 3424.236 507.084301432 598.256171797 613.28141821 126.771075358 149.564042949 153.320354552
3730496 256 3019.551 3056.955 3736.764 511.141177768 624.809312535 632.548995529 127.785294442 156.202328134 158.137248882
4103488 256 3572.211 3582.341 4127.986 508.961478067 586.484049397 588.147188394 127.240369517 146.621012349 147.036797098
4513792 128 1944.611 2169.083 2181.861 529.607867779 532.727771136 594.222058808 132.401966945 133.181942784 148.555514702
4965120 128 2106.824 2107.326 2464.904 515.667433701 603.167578248 603.311297004 128.916858425 150.791894562 150.827824251
5461632 128 2578.89 2619.115 2797.975 499.71060928 533.835968256 542.162632761 124.92765232 133.458992064 135.54065819
6007744 128 2559.646 2723.157 3203.934 480.029383876 564.779211775 600.857487324 120.007345969 141.194802944 150.214371831
6608512 128 3178.988 3231.556 3251.276 520.343112058 523.51841404 532.175356434 130.085778015 130.87960351 133.043839109
7269312 128 3550.901 3593.632 3750.136 496.233702458 517.844863358 524.076529309 124.058425614 129.46121584 131.019132327
7996224 128 3877.395 4089.271 4307.729 475.200121456 500.586374442 527.940368211 118.800030364 125.14659361 131.985092053
8795840 64 2332.658 2389.023 2516.135 447.459106924 471.266923759 482.654345386 111.864776731 117.81673094 120.663586347
9675392 64 2814.334 2931.925 3124.653 396.348066809 422.401724464 440.050888061 99.0870167023 105.600431116 110.012722015
10642880 64 3446.374 3649.499 3773.783 360.987539559 373.281001036 395.281719279 90.2468848898 93.320250259 98.8204298199
11707136 64 4327.589 4331.057 4408.296 339.93030595 345.992539004 346.269807045 84.9825764876 86.4981347509 86.5674517612
12877824 64 5070.948 5137.485 5192.183 317.469833401 320.849885109 325.0598255 79.3674583504 80.2124712773 81.264956375
14165568 64 5486.459 5774.716 5787.904 313.272767482 313.988203749 330.485054933 78.3181918705 78.4970509372 82.6212637331
15582080 64 6167.363 6188.918 6531.207 305.380956384 322.270587524 323.396926693 76.3452390959 80.5676468811 80.8492316732
17140288 32 3693.619 3753.607 4710.485 232.880145463 292.246479719 296.99284956 58.2200363657 73.0616199298 74.2482123901
18854272 32 3861.662 3861.682 4030.044 299.419412791 312.473530446 312.475148783 74.8548531976 78.1183826115 78.1187871958
20739648 32 4370.973 4407.27 4491.11 295.547753673 301.169992308 303.670938256 73.8869384183 75.292498077 75.9177345639
22813568 32 4809.525 4965.438 5076.7 287.6018579 294.046235599 303.578493094 71.900464475 73.5115588997 75.8946232736
25094912 32 5133.805 5237.534 5691.876 282.169598916 306.647053365 312.84288515 70.542399729 76.6617633413 78.2107212876
27604352 32 5742.272 5849.641 6451.397 273.844336041 302.014863476 307.661937296 68.4610840102 75.5037158691 76.915484324
30364736 32 6703.544 6783.068 8091.027 240.184973304 286.49913343 289.897866561 60.0462433261 71.6247833576 72.4744666403
33401152 32 7773.806 8146.394 8611.066 248.247281812 262.407358151 274.984187668 62.0618204529 65.6018395378 68.746046917
36741248 16 4589.304 4612.12 6113.954 192.301076521 254.91963262 256.186980858 48.0752691303 63.729908155 64.0467452145
40415360 16 5737.647 5907.9 6180.072 209.268034418 218.90883732 225.40451164 52.3170086044 54.7272093299 56.3511279101
44456896 16 7331.2 7618.151 7978.247 178.312437807 186.740939107 194.050178961 44.5781094519 46.6852347768 48.5125447403
48902528 16 9497.079 9856.616 9938.119 157.462483192 158.764518776 164.774968809 39.3656207981 39.691129694 41.1937422022
53792768 16 11932.979 12294.806 12301.155 139.935524428 140.007786703 144.25304662 34.9838811071 35.0019466757 36.0632616549
59172032 16 14667.479 14961.613 15015.825 126.1006321 126.557545901 129.095465144 31.525158025 31.6393864752 32.2738662861
65089216 16 17643.64 17840.593 17953.223 116.015654237 116.748076255 118.051315488 29.0039135591 29.1870190638 29.512828872
71598080 8 10480.821 10582.824 10667.31 107.390643002 108.247976155 109.301483157 26.8476607505 27.0619940386 27.3253707892
78757888 8 12397.523 12621.548 12713.106 99.1202470899 99.8392754993 101.643385376 24.7800617725 24.9598188748 25.4108463441
86633664 8 14440.736 14698.881 14787.885 93.7347446237 94.3023230136 95.9880870338 23.4336861559 23.5755807534 23.9970217584
95297024 8 16696.446 16950.274 17031.577 89.5250266021 89.9544387306 91.3219725923 22.3812566505 22.4886096827 22.8304931481
104826688 8 19414.462 19570.657 19618.312 85.4929317058 85.7011089612 86.3905993378 21.3732329265 21.4252772403 21.5976498344
115309312 8 21826.987 22084.083 22303.337 82.7207602163 83.5420239998 84.5260498849 20.6801900541 20.885506 21.1315124712
126840192 8 24778.327 24803.51 25332.834 80.1111739808 81.8208016527 81.9039587297 20.0277934952 20.4552004132 20.4759896824
139524160 4 14091.149 14114.482 14464.078 77.1700263231 79.081420062 79.2123679907 19.2925065808 19.7703550155 19.8030919977
153476544 4 15744.214 16081.988 16266.572 75.4807068139 76.3470506258 77.9849887711 18.8701767035 19.0867626565 19.4962471928
168824192 4 17775.016 18027.432 18230.203 74.085490765 74.9187979741 75.9826903109 18.5213726912 18.7296994935 18.9956725777
185706560 4 19905.85 20324.57 25759.822 57.673243239 73.0963794068 74.6339633826 14.4183108098 18.2740948517 18.6584908457
204277184 4 22294.677 22855.131 22955.559 71.1904890663 71.5033080318 73.3007915746 17.7976222666 17.8758270079 18.3251978936
224704896 4 25112.227 25450.221 28164.459 63.826511562 70.6335386243 71.5842194322 15.9566278905 17.6583846561 17.8960548581
247175360 4 28033.578 28499.782 36483.466 54.1999732153 69.3830879127 70.5369425194 13.5499933038 17.3457719782 17.6342356299
271892864 2 15673.611 15907.024 15985.158 68.0363281989 68.3705170747 69.3886977289 17.0090820497 17.0926292687 17.3471744322
299082112 2 17798.077 17837.233 17963.004 66.5995758839 67.0691719955 67.2167250428 16.649893971 16.7672929989 16.8041812607
328990272 2 19713.879 19782.029 19823.121 66.3851614486 66.5230592878 66.7530265353 16.5962903621 16.630764822 16.6882566338
361889280 2 21810.713 21968.022 22744.325 63.6447606161 65.893830587 66.3690875213 15.911190154 16.4734576468 16.5922718803
398078208 2 24341.48 24685.587 24688.647 64.4957511037 64.5037459308 65.4156128551 16.1239377759 16.1259364827 16.3539032138
437886016 2 26876.908 26962.92 27682.429 63.2727736428 64.9612157734 65.1691059105 15.8181934107 16.2403039433 16.2922764776
481674560 2 29918.225 30128.796 33389.425 57.7038460531 63.9487299791 64.3988151035 14.4259615133 15.9871824948 16.0997037759
529841984 2 32931.183 33080.422 38843.208 54.562124117 64.067137233 64.3574795354 13.6405310293 16.0167843083 16.0893698839
582826176 1 29813.58 33888.145 38699.128 30.120894507 34.397053955 39.0980335807 7.53022362674 8.59926348875 9.77450839517
641108736 1 30460.308 32784.892 36850.592 34.7950304842 39.11001055 42.0946981889 8.69875762104 9.7775026375 10.5236745472
705219584 1 33619.842 36034.1 40185.261 35.0984199904 39.1417898047 41.9525816927 8.77460499759 9.78544745116 10.4881454232
775741504 1 38750.553 44192.582 48668.715 31.8784461024 35.1073175132 40.0376997975 7.9696115256 8.77682937829 10.0094249494
853315648 1 40889.647 42765.806 43536.917 39.199635932 39.9064452568 41.7374915465 9.79990898299 9.97661131419 10.4343728866
938647168 1 45284.067 48811.523 58632.93 32.0177472966 38.4600647679 41.4559570367 8.00443682415 9.61501619198 10.3639892592
1032511872 1 49485.775 53640.852 59566.631 34.6674591014 38.4972211851 41.7296433975 8.66686477535 9.62430529627 10.4324108494

META_DATA
ERT_VERSION  1.1.0
TIMESTAMP_DATA  1560424546.96
TIMESTAMP_DATA  1560424539.78
HOSTNAME  ('kcadmin-UniServer-R5200-G3', [], ['127.0.1.1'])
CONFIG  {'ERT_WORKING_SET_MIN': ['1'], 'ERT_CFLAGS': ['-O3', '-march=native', '-fstrict-aliasing', '-ftree-vectorize'], 'ERT_CC': ['gcc'], 'ERT_MPI_CFLAGS': ['-I/usr/local/include'], 'ERT_MPI_LDFLAGS': ['-L/usr/local/lib', '-lmpi'], 'ERT_MEMORY_MAX': ['1073741824'], 'ERT_PROCS_THREADS': ['1-8'], 'ERT_LDFLAGS': [], 'ERT_LDLIBS': [], 'ERT_RUN': ['export', 'OMP_NUM_THREADS=ERT_OPENMP_THREADS;', 'mpirun', '-np', 'ERT_MPI_PROCS', 'ERT_CODE'], 'ERT_FLOPS': ['1,2,4,8,16'], 'ERT_OPENMP_CFLAGS': ['-fopenmp'], 'ERT_MPI': ['True'], 'ERT_TRIALS_MIN': ['1'], 'ERT_DRIVER': ['driver1'], 'ERT_RESULTS': ['Results.p100.01'], 'ERT_OPENMP': ['True'], 'ERT_MPI_PROCS': ['1,2,4,8'], 'ERT_KERNEL': ['kernel1'], 'ERT_GPU': [False], 'ERT_OPENMP_THREADS': ['1,2,4,8'], 'ERT_LD': ['gcc'], 'ERT_NUM_EXPERIMENTS': ['3'], 'ERT_OPENMP_LDFLAGS': ['-fopenmp'], 'ERT_ALIGN': ['32'], 'ERT_GNUPLOT': ['gnuplot']}
OPENMP_THREADS 2
FLOPS          4
MPI_PROCS      4
TIMESTAMP_DATA  1560424543.43
UNAME  ('Linux', 'kcadmin-UniServer-R5200-G3', '4.4.0-141-generic', '#167-Ubuntu SMP Wed Dec 5 10:40:15 UTC 2018', 'x86_64', 'x86_64')
