1024 1048576 607290.03 607594.013 608047.962 3.53176687072 3.53440554392 3.53617471375 3.53176687072 3.53440554392 3.53617471375
1120 524288 303622.007 303781.033 303953.171 3.86376992264 3.86595933394 3.86798418074 3.86376992264 3.86595933394 3.86798418074
1232 524288 305931.091 305959.94 306128.025 4.2199521981 4.22227051032 4.22266866626 4.2199521981 4.22227051032 4.22266866626
1352 524288 305835.009 305961.847 306056.976 4.63206155445 4.63350174507 4.63542338281 4.63206155445 4.63350174507 4.63542338281
1480 524288 307863.951 308102.131 308125.019 5.03656757584 5.03694172761 5.04083857483 5.03656757584 5.03694172761 5.04083857483
1624 524288 307418.108 307575.941 307609.797 5.53586862515 5.5364779783 5.53932048791 5.53586862515 5.5364779783 5.53932048791
1784 524288 307265.043 307285.07 307355.881 6.08629832595 6.08770085706 6.08809764279 6.08629832595 6.08770085706 6.08809764279
1960 524288 304196.119 304272.175 304322.958 6.75338125492 6.75450839368 6.75619717555 6.75338125492 6.75450839368 6.75619717555
2152 262144 155791.044 155887.127 155898.094 7.23721340686 7.23772256063 7.24218637369 7.23721340686 7.23772256063 7.24218637369
2360 262144 156651.02 156667.948 156713.009 7.89544970067 7.89772059822 7.89857404056 7.89544970067 7.89772059822 7.89857404056
2592 262144 157167.912 157207.966 157243.967 8.64233154331 8.6443106579 8.64651364714 8.64233154331 8.6443106579 8.64651364714
2848 262144 155127.048 155185.938 155215.025 9.62002373159 9.62182684362 9.62547952308 9.62002373159 9.62182684362 9.62547952308
3128 262144 156231.88 156341.791 156454.086 10.4821350847 10.4896640464 10.4970436508 10.4821350847 10.4896640464 10.4970436508
3440 262144 156234.98 156265.974 156401.873 11.5315161219 11.5415446743 11.5438342937 11.5315161219 11.5415446743 11.5438342937
3784 262144 156121.969 156231.88 156408.072 12.6841649963 12.6984696849 12.7074094998 12.6841649963 12.6984696849 12.7074094998
4160 131072 78127.146 78153.849 78305.006 13.9265558577 13.9534911454 13.9582602953 13.9265558577 13.9534911454 13.9582602953
4576 131072 78095.913 78182.936 78319.073 15.3164599382 15.3431299126 15.3602269046 15.3164599382 15.3431299126 15.3602269046
5032 131072 78121.901 78180.075 78265.905 16.854192231 16.8726956069 16.8852599734 16.854192231 16.8726956069 16.8852599734
5528 131072 78087.091 78155.994 78256.845 18.5176393452 18.5415341528 18.5578949535 18.5176393452 18.5415341528 18.5578949535
6080 131072 78073.025 78227.997 78302.86 20.3547548583 20.3742340482 20.4146761317 20.3547548583 20.3742340482 20.4146761317
6688 131072 78136.206 78213.93 78222.99 22.4130920079 22.415688254 22.4379856887 22.4130920079 22.415688254 22.4379856887
7352 131072 78097.82 78220.844 78243.971 24.6317085313 24.6389912131 24.6778039131 24.6317085313 24.6389912131 24.6778039131
8080 131072 78142.881 78199.863 78212.976 27.081484791 27.0860259691 27.1057771725 27.081484791 27.0860259691 27.1057771725
8888 65536 39061.069 39119.005 39150.0 29.7565245466 29.7801014111 29.824271732 29.7565245466 29.7801014111 29.824271732
9776 65536 39056.063 39122.82 39139.986 32.7378725174 32.7522369809 32.8082190978 32.7378725174 32.7522369809 32.8082190978
10752 65536 39070.845 39136.171 39157.152 35.9905169814 36.0098115884 36.070019576 35.9905169814 36.0098115884 36.070019576
11824 65536 39280.891 39326.191 39355.04 39.3798438015 39.4087321602 39.4541795908 39.3798438015 39.4087321602 39.4541795908
13000 65536 39026.976 39116.859 39144.993 43.5288364977 43.5601437222 43.6604670575 43.5288364977 43.5601437222 43.6604670575
14296 65536 39076.09 39132.118 39165.02 47.8438492308 47.884075991 47.9527330396 47.8438492308 47.884075991 47.9527330396
15720 65536 39099.216 39139.986 39221.048 52.534339215 52.6431419776 52.6980346614 52.534339215 52.6431419776 52.6980346614
17288 32768 19577.98 19599.915 19633.055 57.7081034001 57.8056776267 57.8704426095 57.7081034001 57.8056776267 57.8704426095
19016 32768 19548.893 19585.133 19615.173 63.5341108641 63.6315605311 63.7495215714 63.5341108641 63.6315605311 63.7495215714
20912 32768 19567.013 19594.908 19605.875 69.9019468399 69.9410699963 70.0407789375 69.9019468399 69.9410699963 70.0407789375
23000 32768 19557.953 19580.841 19598.961 76.9085667347 76.9797374893 77.0698242296 76.9085667347 76.9797374893 77.0698242296
25296 32768 19541.979 19567.966 19571.066 84.7066100538 84.7200294604 84.8326904865 84.7066100538 84.7200294604 84.8326904865
27824 32768 19534.111 19593.0 19620.18 92.9386817042 93.067609044 93.348177657 92.9386817042 93.067609044 93.348177657
30600 32768 19550.085 19566.059 19574.165 102.451450675 102.493895168 102.577640967 102.451450675 102.493895168 102.577640967
33656 16384 9770.155 9778.976 9787.083 112.683197639 112.776614648 112.878435194 112.683197639 112.776614648 112.878435194
37016 16384 9769.917 9775.162 9789.944 123.896550174 124.083906538 124.150521238 123.896550174 124.083906538 124.150521238
40712 16384 9748.936 9752.989 9763.956 136.630154417 136.783791718 136.840657893 136.630154417 136.783791718 136.840657893
44776 16384 9749.889 9754.896 9768.963 150.19198742 150.40857104 150.485812505 150.19198742 150.40857104 150.485812505
49248 16384 9747.982 9758.949 9768.963 165.1924021 165.361911821 165.547952797 165.1924021 165.361911821 165.547952797
54168 16384 9756.088 9765.863 9774.923 181.58475765 181.753217714 181.935323257 181.58475765 181.753217714 181.935323257
59584 16384 9748.936 9756.088 9761.81 200.008862291 200.126168604 200.272984867 200.008862291 200.126168604 200.272984867
65536 16384 9737.968 9752.035 9757.042 220.095767549 220.208771605 220.526874601 220.095767549 220.208771605 220.526874601
72088 8192 4832.029 4844.189 4853.01 243.372626885 243.815794966 244.429367456 243.372626885 243.815794966 244.429367456
79296 8192 4846.811 4849.911 4854.918 267.601978859 267.878248487 268.049582292 267.601978859 267.878248487 268.049582292
87224 8192 4834.89 4853.01 4861.116 293.98146763 294.472505929 295.576117761 293.98146763 294.472505929 295.576117761
95944 8192 4863.024 4868.031 4868.984 322.848975474 322.912178661 323.244651065 322.848975474 322.912178661 323.244651065
105536 8192 4853.01 4862.07 4868.984 355.125797086 355.630795937 356.294716887 355.125797086 355.630795937 356.294716887
116088 8192 4850.864 4862.07 4864.931 390.958431271 391.188483917 392.092169972 390.958431271 391.188483917 392.092169972
127696 8192 4816.055 4832.029 4836.082 432.616995328 432.97986498 434.415982376 432.616995328 432.97986498 434.415982376
140464 4096 2408.028 2418.995 2420.902 475.31089156 475.685600012 477.852038265 475.31089156 475.685600012 477.852038265
154504 4096 2424.002 2425.909 2437.115 519.342241954 521.741239263 522.151701195 519.342241954 521.741239263 522.151701195
169952 4096 2424.002 2433.062 2441.883 570.152945084 572.220019054 574.35876043 570.152945084 572.220019054 574.35876043
186944 4096 2406.12 2408.028 2413.988 634.404664812 635.974850791 636.479164796 634.404664812 635.974850791 636.479164796
205632 4096 2416.849 2429.962 2434.969 691.810591428 693.236085173 696.9973482 691.810591428 693.236085173 696.9973482
226192 4096 2419.949 2434.969 2442.837 758.529883083 760.980884767 765.70409707 758.529883083 760.980884767 765.70409707
248808 4096 2453.089 2454.042 2456.903 829.595281539 830.562450031 830.885115053 829.595281539 830.562450031 830.885115053
273688 2048 1239.061 1240.969 1249.075 897.484977283 903.347342278 904.738384954 897.484977283 903.347342278 904.738384954
301056 2048 1271.963 1273.87 1277.924 964.944218905 968.015084742 969.466388566 964.944218905 968.015084742 969.466388566
331160 2048 1283.884 1290.083 1296.043 1046.59441083 1051.42952818 1056.50616411 1046.59441083 1051.42952818 1056.50616411
364272 2048 1353.979 1356.125 1358.032 1098.69142406 1100.23641773 1101.98024637 1098.69142406 1100.23641773 1101.98024637
400696 2048 1364.946 1368.999 1386.881 1183.41142174 1198.86925849 1202.42911881 1183.41142174 1198.86925849 1202.42911881
440760 2048 1462.936 1463.89 1465.082 1232.25386702 1233.25725294 1234.06147637 1232.25386702 1233.25725294 1234.06147637
484832 2048 1556.158 1559.973 1561.165 1272.04483319 1273.01682273 1276.13768782 1272.04483319 1273.01682273 1276.13768782
533312 1024 867.128 869.036 870.943 1254.06941212 1256.82132386 1259.58679226 1254.06941212 1256.82132386 1259.58679226
586640 1024 915.051 920.057 921.965 1303.12834001 1305.83074744 1312.97459923 1303.12834001 1305.83074744 1312.97459923
645304 1024 953.913 955.105 963.926 1371.04154468 1383.70398228 1385.43304473 1371.04154468 1383.70398228 1385.43304473
709832 1024 994.921 998.974 1005.173 1446.25446167 1455.22900095 1461.15715318 1446.25446167 1455.22900095 1461.15715318
780808 1024 1038.074 1043.081 1047.134 1527.11571203 1533.04947938 1540.44392211 1527.11571203 1533.04947938 1540.44392211
858888 1024 1080.99 1085.997 1089.096 1615.10337381 1619.71223125 1627.21452002 1615.10337381 1619.71223125 1627.21452002
944776 1024 1385.927 1395.941 1400.948 1381.13709288 1386.09099382 1396.10617875 1381.13709288 1386.09099382 1396.10617875
1039248 1024 1425.982 1426.935 1430.035 1488.34112732 1491.57453143 1492.57136766 1488.34112732 1491.57453143 1492.57136766
1143168 512 735.044 735.998 737.906 1586.38638526 1590.4989307 1592.56320982 1586.38638526 1590.4989307 1592.56320982
1257480 512 771.046 771.999 775.814 1659.75287891 1667.95490668 1670.01647113 1659.75287891 1667.95490668 1670.01647113
1383224 512 855.923 856.161 858.068 1650.70993907 1654.3867053 1654.84672804 1650.70993907 1654.3867053 1654.84672804
1521544 512 921.965 923.872 926.971 1680.80884515 1686.44688442 1689.93514504 1680.80884515 1686.44688442 1689.93514504
1673696 512 1023.054 1024.008 1026.154 1670.1827445 1673.68292435 1675.24363719 1670.1827445 1673.68292435 1675.24363719
1841064 512 1231.909 1234.055 1237.869 1522.97984359 1527.68680164 1530.34805006 1522.97984359 1527.68680164 1530.34805006
2025168 512 1255.989 1256.943 1260.996 1644.55084076 1649.85367833 1651.1068425 1644.55084076 1649.85367833 1651.1068425
2227680 256 670.91 672.102 672.102 1697.02241624 1697.02241624 1700.0375013 1697.02241624 1697.02241624 1700.0375013
2450448 256 737.906 739.098 739.813 1695.87365456 1697.51423492 1700.2563687 1695.87365456 1697.51423492 1700.2563687
2695488 256 809.908 810.146 811.1 1701.50395266 1703.50758505 1704.00817871 1701.50395266 1703.50758505 1704.00817871
2965032 256 903.845 905.991 906.944 1673.85900783 1675.61971808 1679.59814349 1673.85900783 1675.61971808 1679.59814349
3261528 256 974.894 976.086 978.947 1705.81485617 1710.81476017 1712.9065683 1705.81485617 1710.81476017 1712.9065683
3587680 256 1360.893 1361.847 1377.106 1333.87855401 1348.82417775 1349.76971738 1333.87855401 1348.82417775 1349.76971738
3946448 256 1611.948 1616.001 1620.054 1247.23087996 1250.35898864 1253.50282763 1247.23087996 1250.35898864 1253.50282763
4341088 128 1285.076 1291.037 1296.997 856.839705874 860.795258385 864.788174396 856.839705874 860.795258385 864.788174396
4775192 128 1886.845 1899.004 1904.011 642.03891259 643.731741481 647.880007102 642.03891259 643.731741481 647.880007102
5252704 128 2230.883 2236.128 2240.181 600.260525377 601.348502411 602.762325052 600.260525377 601.348502411 602.762325052
5777968 128 2624.035 2639.055 2650.023 558.16866797 560.488435444 563.696676302 558.16866797 560.488435444 563.696676302
6355760 128 3022.194 3025.055 3030.062 536.977315976 537.86610822 538.375286299 536.977315976 537.86610822 538.375286299
6991336 128 3287.077 3287.077 3302.097 542.013761558 544.490444246 544.490444246 542.013761558 544.490444246 544.490444246
7690464 128 3626.108 3633.976 3640.175 540.841795793 541.764388097 542.939919054 540.841795793 541.764388097 542.939919054
8459504 64 2032.995 2037.048 2044.916 529.516377201 531.561608759 532.621335517 529.516377201 531.561608759 532.621335517
9305448 64 2252.817 2255.917 2265.93 525.654960215 527.988105945 528.714646596 525.654960215 527.988105945 528.714646596
10235992 64 2492.905 2494.097 2496.004 524.921825446 525.323183501 525.574370463 524.921825446 525.323183501 525.574370463
11259584 64 2733.946 2737.999 2741.098 525.784467392 526.379575741 527.159919033 525.784467392 526.379575741 527.159919033
12385536 64 3026.009 3028.87 3031.015 523.042151886 523.412562441 523.90743319 523.042151886 523.412562441 523.90743319
13624088 64 3340.006 3342.152 3349.066 520.707344675 521.784546005 522.119799785 520.707344675 521.784546005 522.119799785
14986496 64 3669.977 3677.845 3679.037 521.405870069 521.574859191 522.69305448 521.405870069 521.574859191 522.69305448
16485144 64 4056.931 4060.984 4065.99 518.963015649 519.602744556 520.121843827 518.963015649 519.602744556 520.121843827
18133656 32 2238.035 2240.896 2241.85 517.676911479 517.897298224 518.559354076 517.676911479 517.897298224 518.559354076
19947016 32 2465.963 2470.016 2481.937 514.359963206 516.842410737 517.691881022 514.359963206 516.842410737 517.691881022
21941712 32 2708.912 2716.064 2738.953 512.70305405 517.023740236 518.388773057 512.70305405 517.023740236 518.388773057
24135880 32 2981.186 2987.146 2991.199 516.413759165 517.114436321 518.148253749 516.413759165 517.114436321 518.148253749
26549464 32 3287.792 3289.223 3297.806 515.241253124 516.58573955 516.810581691 515.241253124 516.58573955 516.810581691
29204408 32 3629.923 3634.93 3638.029 513.762290515 514.20030427 514.909575768 513.762290515 514.20030427 514.909575768
32124848 32 3989.935 3997.803 4024.029 510.928294006 514.28003631 515.294176973 510.928294006 514.28003631 515.294176973
35337328 16 2212.048 2214.193 2221.823 508.94895588 510.702768909 511.197992087 508.94895588 510.702768909 511.197992087
38871056 16 2440.214 2448.797 2452.85 507.11368082 507.953003863 509.739634311 507.11368082 507.953003863 509.739634311
42758160 16 2671.957 2683.163 2685.07 509.58117293 509.943346714 512.082013296 509.58117293 509.943346714 512.082013296
47033976 16 2949.953 2959.013 2963.066 507.949276864 508.645021837 510.20719042 507.949276864 508.645021837 510.20719042
51737368 16 3235.102 3247.023 3257.99 508.164781353 509.881136044 511.75999273 508.164781353 509.881136044 511.75999273
56911104 16 3552.914 3570.08 3582.001 508.418430927 510.116111684 512.580751462 508.418430927 510.116111684 512.580751462
62602208 16 3931.046 3940.105 3956.079 506.377819048 508.430779383 509.602445761 506.377819048 508.430779383 509.602445761
68862424 8 2152.92 2158.88 2163.887 509.175749011 510.356659008 511.769496312 509.175749011 510.356659008 511.769496312
75748664 8 2365.112 2372.98 2379.894 509.257397178 510.741187873 512.440266677 509.257397178 510.741187873 512.440266677
83323528 8 2610.922 2621.174 2625.942 507.694552279 508.618065035 510.615195705 507.694552279 508.618065035 510.615195705
91655880 8 2879.858 2883.911 2888.918 507.627450831 508.508785465 509.224440927 507.627450831 508.508785465 509.224440927
100821464 8 3174.067 3191.948 3213.882 501.929885416 505.378979858 508.226015393 501.929885416 505.378979858 508.226015393
110903608 8 3479.004 3491.879 3499.985 506.9900951 508.167014951 510.047625125 506.9900951 508.167014951 510.047625125
121993968 8 3836.87 3844.023 3875.017 503.714819316 507.776225064 508.722862125 503.714819316 507.776225064 508.722862125
134193360 8 4236.937 4251.957 4257.917 504.259185888 504.966009769 506.756121226 504.259185888 504.966009769 506.756121226
147612696 4 2324.104 2336.025 2355.814 501.271139402 505.517521431 508.110466657 501.271139402 505.517521431 508.110466657
162373960 4 2564.907 2570.152 2572.06 505.039415877 505.414341253 506.447867311 505.039415877 505.414341253 506.447867311
178611352 4 2822.161 2836.943 2846.956 501.901264368 503.672726593 506.310878791 501.901264368 503.672726593 506.310878791
196472480 4 3108.025 3123.999 3128.052 502.478807897 503.13071163 505.716601379 502.478807897 503.13071163 505.716601379
216119728 4 3431.082 3454.208 3462.076 499.399153571 500.536685689 503.91037696 499.399153571 500.536685689 503.91037696
237731696 4 3768.206 3783.941 3826.141 497.068343273 502.611845164 504.710615078 497.068343273 502.611845164 504.710615078
261504864 4 4143.0 4161.119 4173.994 501.207934654 502.758731966 504.957497466 501.207934654 502.758731966 504.957497466
287655344 2 2269.03 2274.99 2284.05 503.763654911 505.769860966 507.098353041 503.763654911 505.769860966 507.098353041
316420872 2 2501.011 2505.779 2507.925 504.673579952 505.10579265 506.068741001 504.673579952 505.10579265 506.068741001
348062952 2 2762.794 2763.987 2768.993 502.800768366 503.711416877 503.928924125 502.800768366 503.711416877 503.928924125
382869240 2 3029.108 3031.015 3035.069 504.59378683 505.268683923 505.586780003 504.59378683 505.268683923 505.586780003
421156160 2 3340.96 3342.152 3355.98 501.97696053 504.053867089 504.233705282 501.97696053 504.053867089 504.233705282
463271776 2 3663.063 3678.083 3680.944 503.427138256 503.818729485 505.884584568 503.427138256 503.818729485 505.884584568
509598952 2 4042.149 4052.877 4088.879 498.521919577 502.950325904 504.28517306 498.521919577 502.950325904 504.28517306
560558840 1 2218.008 2229.929 2233.028 502.061631113 502.759361397 505.461513214 502.061631113 502.759361397 505.461513214
616614720 1 2432.108 2438.784 2459.049 501.506655622 505.673909621 507.06195613 501.506655622 505.673909621 507.06195613
678276192 1 2683.878 2700.09 2707.005 501.126663601 502.410061887 505.444876406 501.126663601 502.410061887 505.444876406
746103808 1 2947.807 2960.92 2965.927 503.116771249 503.96755603 506.20940109 503.116771249 503.96755603 506.20940109
820714184 1 3257.036 3268.003 3287.077 499.358052154 502.272601341 503.963839515 499.358052154 502.272601341 503.963839515
902785600 1 3584.862 3607.988 3630.877 497.282392105 500.437141143 503.665468852 497.282392105 500.437141143 503.665468852
993064160 1 3944.874 3966.093 3971.815 500.055596749 500.777041789 503.470660913 500.055596749 500.777041789 503.470660913

META_DATA
ERT_VERSION  1.1.0
GPU_THREADS    128
HOSTNAME  ce1
UNAME  ('Linux', 'ce1', '3.10.0-514.el7.x86_64', '#1 SMP Tue Nov 22 16:42:41 UTC 2016', 'x86_64', 'x86_64')
TIMESTAMP_DATA  1560476014.79
CONFIG  {'ERT_WORKING_SET_MIN': ['128'], 'ERT_CFLAGS': ['-O3'], 'ERT_CC': ['nvcc'], 'ERT_BLOCKS_THREADS': ['114688'], 'ERT_GPU_THREADS': ['64,128,256,512,1024'], 'ERT_GPU_LDFLAGS': [], 'ERT_MEMORY_MAX': ['1073741824'], 'ERT_LDFLAGS': [], 'ERT_LDLIBS': [], 'ERT_RUN': ['./ERT_CODE'], 'ERT_FLOPS': ['1,2,4,8,16,32,64,128,256,512,1024'], 'ERT_MPI': [False], 'ERT_TRIALS_MIN': ['1'], 'ERT_DRIVER': ['driver1'], 'ERT_RESULTS': ['Results.summitdev.ornl.gov.01'], 'ERT_GPU': ['True'], 'ERT_GPU_CFLAGS': ['-x', 'cu'], 'ERT_KERNEL': ['kernel1'], 'ERT_OPENMP': [False], 'ERT_LD': ['nvcc'], 'ERT_NUM_EXPERIMENTS': ['5'], 'ERT_ALIGN': ['32'], 'ERT_GNUPLOT': ['gnuplot'], 'ERT_GPU_BLOCKS': ['56,112,448,896,1792']}
TIMESTAMP_DATA  1560475973.93
FLOPS          16
TIMESTAMP_DATA  1560475953.46
GPU_BLOCKS     896
TIMESTAMP_DATA  1560475932.97
TIMESTAMP_DATA  1560475994.34
