32 33554432 236206.292 253668.952 256911.662 8.35884066641 8.46569369672 9.09155988106 4.1794203332 4.23284684836 4.54577994053
64 16777216 119729.84 119983.133 128450.684 16.7183512078 17.8982128096 17.936077155 8.35917560392 8.94910640481 8.96803857752
96 8388608 58263.762 59457.63 61498.089 26.1896387707 27.0884112939 27.6434730734 13.0948193854 13.5442056469 13.8217365367
128 8388608 58028.833 58895.741 61105.316 35.1439741839 36.4624608085 37.0071831015 17.5719870919 18.2312304042 18.5035915508
160 4194304 29164.462 29565.274 30792.969 43.5871344527 45.3970857838 46.0209854034 21.7935672263 22.6985428919 23.0104927017
192 4194304 29708.189 29739.752 30342.354 53.0813375917 54.1568986856 54.2144368342 26.5406687958 27.0784493428 27.1072184171
224 4194304 30289.654 30521.306 33402.071 56.2554397301 61.5651306664 62.0359741316 28.127719865 30.7825653332 31.0179870658
256 4194304 32164.176 32587.263 34324.196 62.5647181364 65.899478824 66.7663193983 31.2823590682 32.949739412 33.3831596992
288 2097152 17581.421 17913.265 18639.169 64.807586218 67.433801264 68.7065938527 32.403793109 33.716900632 34.3532969263
320 2097152 19417.769 19601.249 20680.953 64.8991987942 68.4740691779 69.1210859497 32.4495993971 34.237034589 34.5605429748
352 2097152 20717.264 22127.905 23053.036 64.0434087727 66.7209574517 71.2639954774 32.0217043864 33.3604787258 35.6319977387
384 2097152 22825.695 23321.074 24306.32 66.2631256398 69.0625455757 70.5613886456 33.1315628199 34.5312727879 35.2806943228
416 2097152 24342.075 24607.731 25776.049 67.6919284255 70.9057842025 71.6796108795 33.8459642127 35.4528921013 35.8398054398
448 2097152 20481.347 21217.371 22117.756 84.9565476715 88.5617823245 91.7443658369 42.4782738357 44.2808911622 45.8721829184
480 2097152 25301.305 26546.061 27377.717 73.5366619503 75.8404766718 79.5716236771 36.7683309752 37.9202383359 39.7858118386
512 2097152 26338.354 26769.169 27239.829 78.8361647938 80.2222754094 81.5344667324 39.4180823969 40.1111377047 40.7672333662
544 1048576 14675.098 15009.741 15533.579 73.4441617093 76.0073533581 77.740583947 36.7220808546 38.003676679 38.8702919735
576 1048576 15837.457 16554.671 16621.963 72.6724967442 72.9678984258 76.2723177086 36.3362483721 36.4839492129 38.1361588543
608 1048576 18119.137 18452.174 19328.377 65.9687264999 69.1012569034 70.3713657003 32.98436325 34.5506284517 35.1856828501
640 1048576 18656.636 18723.142 19656.124 68.2829066402 71.685472449 71.9410123025 34.1414533201 35.8427362245 35.9705061513
704 1048576 12566.876 12897.33 13385.998 110.293980919 114.472918658 117.483056887 55.1469904597 57.2364593292 58.7415284435
768 1048576 14486.011 14871.877 15546.677 103.598520507 108.29922383 111.184006142 51.7992602535 54.1496119152 55.5920030711
832 1048576 18168.023 19222.117 19223.885 90.7636757086 90.7720239139 96.0385433242 45.3818378543 45.386011957 48.0192716621
896 1048576 20052.483 20337.77 21361.457 87.964420779 92.3920465223 93.7065096627 43.9822103895 46.1960232612 46.8532548313
960 1048576 13100.109 13184.468 13807.983 145.804490055 152.699822245 153.683142636 72.9022450274 76.3499111227 76.8415713182
1056 524288 9010.765 9335.266 9944.093 111.352162133 118.614322934 122.885932105 55.6760810664 59.3071614671 61.4429660523
1152 524288 10502.032 11065.559 11216.144 107.698292033 109.16389782 115.021507457 53.8491460167 54.5819489101 57.5107537284
1248 524288 7948.781 8213.568 8306.021 157.55111238 159.32452839 164.631891104 78.7755561899 79.662264195 82.3159455519
1344 524288 9953.877 10253.453 10802.294 130.461746736 137.445028909 141.581631358 65.2308733682 68.7225144544 70.7908156792
1472 524288 7838.879 7939.413 8230.716 187.529720622 194.410326305 196.903648085 93.7648603111 97.2051631525 98.4518240427
1600 524288 10569.591 10685.9 10869.878 154.345945741 157.003303419 158.730985901 77.1729728705 78.5016517093 79.3654929505
1760 524288 9405.348 9946.824 10541.614 175.067476385 185.535982139 196.217488178 87.5337381923 92.7679910693 98.108744089
1920 524288 12804.391 13133.225 13737.275 146.554969599 153.295623885 157.232461895 73.2774847996 76.6478119426 78.6162309476
2112 262144 6111.209 6256.505 7255.561 152.613458284 176.983196849 181.191030449 76.306729142 88.4915984244 90.5955152246
2304 262144 5874.976 5957.423 6156.558 196.206963696 202.765449423 205.610976453 98.1034818481 101.382724712 102.805488227
2528 262144 5964.126 6105.771 6302.634 210.293040021 217.073333409 222.228716161 105.146520011 108.536666704 111.11435808
2752 262144 5969.604 6178.914 6764.686 213.29010334 233.510383216 241.697870747 106.64505167 116.755191608 120.848935373
3008 262144 6611.218 6848.981 8568.974 184.042839201 230.26174317 238.542777443 92.0214196005 115.130871585 119.271388721
3296 262144 7302.235 7917.061 11111.233 155.523086232 218.269538153 236.647170079 77.7615431159 109.134769077 118.323585039
3616 262144 8526.748 8563.073 11686.67 162.221180884 221.395450909 222.338622884 81.1105904419 110.697725454 111.169311442
3968 262144 10378.105 11919.957 13330.05 156.066540186 174.528715498 200.458058962 78.0332700928 87.2643577489 100.229029481
4352 131072 4771.962 5764.5 7652.806 149.076128155 197.909738572 239.07371601 74.5380640774 98.9548692861 119.536858005
4768 131072 5866.775 6990.016 7277.116 171.75795906 178.81255093 213.047644063 85.8789795298 89.4062754649 106.523822032
5216 131072 5809.312 6982.225 8185.668 167.041114299 195.832002549 235.370918966 83.5205571494 97.9160012747 117.685459483
5728 131072 6697.33 7618.127 8014.374 187.358467673 197.103675483 224.202903545 93.6792338366 98.5518377417 112.101451773
6272 131072 6802.826 8019.889 9900.831 166.063552443 205.011212499 241.688846371 83.0317762216 102.50560625 120.844423185
6880 131072 6294.217 7706.97 9056.681 199.14036058 234.015536586 286.540918434 99.5701802901 117.007768293 143.270459217
7552 131072 7665.04 10545.812 11164.275 177.325575373 187.724898566 258.278037427 88.6627876866 93.8624492832 129.139018714
8288 65536 4086.671 4943.799 5168.938 210.164009706 219.734810416 265.821431674 105.082004853 109.867405208 132.910715837
9088 65536 4931.047 5390.116 7509.739 158.618340265 220.993822025 241.567832552 79.3091701323 110.496911013 120.783916276
9984 65536 4453.618 5283.125 5382.676 243.117521471 247.698634426 293.833653448 121.558760735 123.849317213 146.916826724
10976 65536 4866.099 5687.622 6260.37 229.802115849 252.943369303 295.64673304 114.901057925 126.471684651 147.82336652
12064 65536 5241.701 6350.896 6398.741 247.119333006 248.981026929 301.667837979 123.559666503 124.490513465 150.833918989
13248 65536 5426.843 6501.475 6518.561 266.384230507 267.084293333 319.972745849 133.192115254 133.542146667 159.986372924
14560 65536 6000.181 6205.764 6696.708 284.977084263 307.521897384 318.05845857 142.488542131 153.760948692 159.029229285
16000 65536 6955.27 7152.106 8267.099 253.67447517 293.221604937 301.519854729 126.837237585 146.610802469 150.759927364
17600 32768 3611.19 3699.543 4015.489 287.246111246 311.777319523 319.405403759 143.623055623 155.888659761 159.702701879
19360 32768 4317.702 4414.691 4451.186 285.042449361 287.398814549 293.854684737 142.52122468 143.699407274 146.927342369
21280 32768 4372.065 4656.447 4785.786 291.405858933 299.500043703 318.981094746 145.702929467 149.750021851 159.490547373
23392 32768 4925.008 5321.818 5673.98 270.183911822 288.062859722 311.272207477 135.091955911 144.031429861 155.636103738
25728 32768 5276.295 5633.401 5675.576 297.081777779 299.305909166 319.563293561 148.54088889 149.652954583 159.781646781
28288 32768 5743.392 6165.733 6436.953 288.006199206 300.675097024 322.785275322 144.003099603 150.337548512 161.392637661
31104 32768 6397.709 6507.673 6655.147 306.294022356 313.235121679 318.619015651 153.147011178 156.617560839 159.309507825
34208 16384 3535.315 3709.313 3751.511 298.793671137 302.192816837 317.065875035 149.396835568 151.096408418 158.532937518
37600 16384 3707.523 3708.208 3905.568 315.466738769 332.256658742 332.318046307 157.733369384 166.128329371 166.159023154
41344 16384 4155.834 4217.637 4728.008 286.539318884 321.213084957 325.989967838 143.269659442 160.606542479 162.994983919
45472 16384 4818.27 4833.957 5081.473 293.227277996 308.241570208 309.245122419 146.613638998 154.120785104 154.62256121
50016 16384 5008.287 5105.371 5912.12 277.214313647 321.019625802 327.242485904 138.607156824 160.509812901 163.621242952
55008 16384 5248.822 5836.279 6357.904 283.505718866 308.84440994 343.410796556 141.752859433 154.42220497 171.705398278
60480 16384 5795.224 6262.247 7024.935 282.110601735 316.469254566 341.972741692 141.055300868 158.234627283 170.986370846
66528 8192 3358.509 3407.596 4233.017 257.498316685 319.872059951 324.547217828 128.749158343 159.936029975 162.273608914
73152 8192 3696.236 3749.778 4278.163 280.148832104 319.624886593 324.254827884 140.074416052 159.812443297 162.127413942
80448 8192 4168.774 4376.897 4745.698 277.737865326 301.140290027 316.174499265 138.868932663 150.570145014 158.087249633
88480 8192 4501.759 5190.16 5336.62 271.643159903 279.30859935 322.019974859 135.821579951 139.654299675 161.009987429
97312 8192 4856.094 4959.805 5207.383 306.172948677 321.45614757 328.321446825 153.086474338 160.728073785 164.160723413
107040 8192 5216.205 6167.687 6884.676 254.731429627 284.343767769 336.210589883 127.365714814 142.171883885 168.105294941
117728 8192 5612.815 5734.138 8430.892 228.784279528 336.38108326 343.652080462 114.392139764 168.19054163 171.826040231
129472 8192 6030.786 6448.124 8930.005 237.544015709 328.974636344 351.740096233 118.772007854 164.487318172 175.870048116
142400 4096 3433.574 3704.62 4787.549 243.661380803 314.888112681 339.745349889 121.830690401 157.44405634 169.872674945
156640 4096 3799.696 3965.198 4984.938 257.414411172 323.614326447 337.709879948 128.707205586 161.807163224 168.854939974
172288 4096 4095.297 4309.281 6173.446 228.621631419 327.521759662 344.635150027 114.31081571 163.760879831 172.317575013
189504 4096 4705.902 5124.967 5693.627 272.658670475 302.912539339 329.887185921 136.329335237 151.45626967 164.94359296
208448 4096 5134.602 5187.744 6792.63 251.39099524 329.161580834 332.56833071 125.69549762 164.580790417 166.284165355
229280 4096 5696.176 5974.94 7916.817 237.249611807 314.356589355 329.740822615 118.624805904 157.178294677 164.870411308
252192 4096 5865.546 6859.795 7422.908 278.321766079 301.168892656 352.21902002 139.160883039 150.584446328 176.10951001
277408 2048 3437.03 3555.553 4483.354 253.440430535 319.574245694 330.594486519 126.720215267 159.787122847 165.297243259
305120 2048 3635.476 3898.578 5167.721 241.841910583 320.57112106 343.771082521 120.920955292 160.28556053 171.885541261
335616 2048 4171.418 4183.626 4906.816 280.157873456 328.586526616 329.54816228 140.078936728 164.293263308 164.77408114
369152 2048 4343.516 4704.792 6823.292 221.600745212 321.384365557 348.115810325 110.800372606 160.692182779 174.057905163
406048 2048 5054.641 5054.89 6341.822 262.254697152 329.022512458 329.038720653 131.127348576 164.511256229 164.519360326
446624 2048 5219.845 5479.832 6454.784 283.413341794 333.837224207 350.464794261 141.706670897 166.918612103 175.232397131
491264 2048 5697.327 6117.65 8496.211 236.837025822 328.919984635 353.186212412 118.418512911 164.459992317 176.593106206
540384 1024 3324.431 3442.299 4377.997 252.788302961 321.502121693 332.901008323 126.394151481 160.751060846 166.450504161
594400 1024 3700.854 4021.459 4515.677 269.578891493 302.708842736 328.932511253 134.789445746 151.354421368 164.466255626
653824 1024 3966.612 4084.788 5906.544 226.703052072 327.809313972 337.575631799 113.351526036 163.904656986 168.787815899
719200 1024 4243.906 4453.556 4780.11 308.135503158 330.729331797 347.067442116 154.067751579 165.364665898 173.533721058
791104 1024 4634.323 4898.081 6136.264 264.033782119 330.778725791 349.604676239 132.016891059 165.389362895 174.802338119
870208 1024 5235.582 5468.945 5615.803 317.351941299 325.873817345 340.398829395 158.675970649 162.936908673 170.199414697
957216 1024 5988.629 6048.384 6851.535 286.122506562 324.116056123 327.350111019 143.061253281 162.058028062 163.675055509
1052928 512 3148.449 3470.704 3970.191 271.573400877 310.65693646 342.453783434 135.786700438 155.32846823 171.226891717
1158208 512 3450.597 3683.348 4156.406 285.343874492 321.991023384 343.71008611 142.671937246 160.995511692 171.855043055
1274016 512 4203.665 4244.949 4309.394 302.732213392 307.328164367 310.346420088 151.366106696 153.664082183 155.173210044
1401408 512 4206.765 4373.006 4590.855 312.58704359 328.159118007 341.127158755 156.293521795 164.079559004 170.563579378
1541536 512 4798.853 4820.091 5085.935 310.372205701 327.490261906 328.939616196 155.18610285 163.745130953 164.469808098
1695680 512 4936.807 5105.819 5234.71 331.704396232 340.077922856 351.720518951 165.852198116 170.038961428 175.860259475
1865248 512 5433.87 5712.244 5835.939 327.284769769 334.371912684 351.501591315 163.642384884 167.185956342 175.750795658
2051744 512 5938.453 6015.901 6235.869 336.919498469 349.238768391 353.793463719 168.459749235 174.619384195 176.896731859
2256896 256 3367.679 3705.719 3859.356 299.410251866 311.823630448 343.123781097 149.705125933 155.911815224 171.561890548
2482560 256 3686.902 3914.934 3959.38 321.027716461 324.672323978 344.753052834 160.51385823 162.336161989 172.376526417
2730816 256 4395.066 4757.63 4962.807 281.731244435 293.881153431 318.124413149 140.865622217 146.940576716 159.062206574
3003872 256 4651.594 4845.146 5439.605 282.737894388 317.427475663 330.635576536 141.368947194 158.713737832 165.317788268
3304256 256 5287.688 5288.171 6453.488 262.14956501 319.917618398 319.946841039 131.074782505 159.958809199 159.97342052
3634656 256 6104.87 6739.512 8147.196 228.41525747 276.124424439 304.8294021 114.207628735 138.06221222 152.41470105
3998112 256 7176.633 7850.43 8653.663 236.551081779 260.754295497 285.235895997 118.275540889 130.377147749 142.617947999
4397920 128 4316.324 4583.926 5503.499 204.573039806 245.612062673 260.839436521 102.286519903 122.806031336 130.41971826
4837696 128 5215.162 5504.701 6303.25 196.478035299 224.980462336 237.471084503 98.2390176496 112.490231168 118.735542252
5321440 128 6398.848 6887.051 8528.302 159.737382658 197.80434906 212.895921266 79.8686913292 98.9021745301 106.447960633
5853568 128 7457.535 8049.198 9082.954 164.980843016 186.169281461 200.939507223 82.4904215082 93.0846407307 100.469753612
6438912 128 9031.787 9042.531 11529.815 142.965127541 182.289833676 182.506681347 71.4825637705 91.144916838 91.2533406733
7082784 128 9927.437 10638.248 12931.64 140.213670037 170.440913203 182.64459437 70.1068350186 85.2204566015 91.3222971851
7791040 128 11110.625 12999.685 13356.148 149.332445253 153.427274584 179.513415312 74.6662226265 76.713637292 89.756707656
8570144 64 6159.777 7087.754 7963.119 137.757382754 154.770951701 178.087361279 68.8786913771 77.3854758503 89.0436806397
9427136 64 7238.516 7937.349 8158.241 147.90852685 152.024738738 166.701767047 73.9542634252 76.0123693692 83.3508835236
10369824 64 7750.427 7898.634 8965.432 148.050587189 168.046458666 171.259915357 74.0252935943 84.0232293331 85.6299576785
11406784 64 8127.34 8950.194 9339.49 156.332771061 163.132592657 179.64898134 78.1663855307 81.5662963283 89.8244906698
12547456 64 9518.877 10304.882 10487.131 153.1471637 155.855677726 168.725193949 76.57358185 77.9278388632 84.3625969744
13802176 64 9788.102 10633.152 12029.792 146.858609692 166.148149486 180.492451754 73.4293048458 83.0740747428 90.2462258771
15182368 64 11178.272 11731.998 11768.619 165.129239378 165.644684222 173.850046233 82.564619689 82.8223421109 86.9250231163
16700576 64 11991.956 12733.228 12777.834 167.2954687 167.881524465 178.258970263 83.64773435 83.9407622325 89.1294851315
18370624 32 6738.431 7179.353 7357.796 159.7924074 163.764051719 174.479776672 79.8962037001 81.8820258594 87.239888336
20207680 32 7434.068 7849.137 8039.112 160.874922504 164.768626156 173.96821229 80.4374612519 82.384313078 86.9841061448
22228448 32 8431.326 9001.934 9291.882 153.103609366 158.035003589 168.730360088 76.5518046828 79.0175017946 84.365180044
24451264 32 9594.961 9896.576 10283.459 152.174564609 158.123465732 163.094034046 76.0872823045 79.061732866 81.5470170228
26896384 32 10446.183 11112.148 11314.606 152.136855318 154.908715759 164.784455336 76.0684276589 77.4543578793 82.3922276682
29586016 32 11710.12 12758.994 12880.793 147.002208948 148.405510967 161.698174229 73.5011044739 74.2027554837 80.8490871144
32544608 32 13809.562 14471.272 14737.837 141.327042225 143.930327065 150.827007547 70.6635211124 71.9651635323 75.4135037737
35799040 16 7897.668 8032.188 8571.684 133.645766689 142.622319099 145.05158738 66.8228833447 71.3111595496 72.52579369
39378944 16 9000.99 9411.279 10003.499 125.968544406 133.895319435 139.998623263 62.9842722032 66.9476597177 69.9993116313
43316832 16 10521.979 11087.971 11912.895 116.35615222 125.012829128 131.737444448 58.17807611 62.506414564 65.8687222242
47648512 16 12234.612 12685.802 14249.558 107.003486284 120.193613616 124.626133138 53.5017431418 60.0968068081 62.3130665688
52413344 16 14949.279 15151.57 18418.335 91.0629005282 110.696581806 112.194508377 45.5314502641 55.3482909032 56.0972541886
57654656 16 18594.446 18697.378 21269.922 86.7398099532 98.6742093998 99.2204334563 43.3699049766 49.3371046999 49.6102167282
63420096 16 21786.196 22382.076 26622.428 76.2305779172 90.6726914876 93.1527042169 38.1152889586 45.3363457438 46.5763521085
69762080 8 12678.051 12797.447 15909.53 70.1587840747 87.2199963008 88.0413937442 35.0793920374 43.6099981504 44.0206968721
76738272 8 14588.143 14801.028 18828.452 65.2104778449 82.9545320771 84.165088867 32.6052389225 41.4772660385 42.0825444335
84412096 8 16786.233 16828.674 23531.534 57.3950485336 80.2554934512 80.4584051705 28.6975242668 40.1277467256 40.2292025852
92853280 8 19056.878 19299.583 25819.331 57.5403165946 76.9784756489 77.9588597881 28.7701582973 38.4892378245 38.979429894
102138592 8 21772.755 21806.452 29956.244 54.5534838079 74.9419241608 75.0579093918 27.276741904 37.4709620804 37.5289546959
112352448 8 24533.501 24719.633 34811.497 51.6392376921 72.7211107058 73.2728348881 25.819618846 36.3605553529 36.636417444
123587680 8 29078.327 31636.733 40252.925 49.1244519498 62.503384278 68.0026357775 24.5622259749 31.251692139 34.0013178887
135946432 4 15446.582 15523.423 21669.833 50.1882712248 70.0600283842 70.4085509662 25.0941356124 35.0300141921 35.2042754831
149541056 4 17319.889 17706.806 23803.972 50.257513662 67.5631984673 69.0725239636 25.128756831 33.7815992337 34.5362619818
164495136 4 19251.369 19707.468 25829.507 50.9479754298 66.774741839 68.3567536418 25.4739877149 33.3873709195 34.1783768209
180944640 4 21441.878 21903.469 28157.296 51.4096637689 66.0880301655 67.5107432287 25.7048318844 33.0440150827 33.7553716144
199039104 4 23816.037 24474.334 30747.476 51.7867818484 65.0605173567 66.8588494383 25.8933909242 32.5302586783 33.4294247192
218943008 4 26885.4 27349.384 33598.353 52.1318430103 64.0432729308 65.1485216512 26.0659215051 32.0216364654 32.5742608256
240837280 4 29394.793 30597.383 69705.471 27.6405598063 62.9693800937 65.5455624403 13.8202799031 31.4846900469 32.7727812201
264920992 4 32663.468 33873.437 34141.32 62.0763326081 62.5672539813 64.8849637154 31.0381663041 31.2836269907 32.4424818577
291413088 2 18980.231 19066.831 25553.813 45.6155937276 61.1350859511 61.4140234647 22.8077968638 30.5675429755 30.7070117324
320554368 2 20139.574 21192.895 33276.009 38.5327901552 60.5022330361 63.6665637515 19.2663950776 30.2511165181 31.8332818758
352609792 2 22389.722 23532.94 23541.188 59.9136784431 59.9346774351 62.9949388385 29.9568392215 29.9673387176 31.4974694192
387870752 2 24759.024 25978.003 26938.827 57.5928197616 59.7229512985 62.6633347098 28.7964098808 29.8614756492 31.3316673549
426657824 2 27435.885 28724.744 28833.326 59.1895397708 59.4132813159 62.2043464608 29.5947698854 29.706640658 31.1021732304
469323584 2 30366.974 32211.61 32517.039 57.732634758 58.2800529374 61.8202635534 28.866317379 29.1400264687 30.9101317767
516255936 2 33702.318 35681.23 35876.805 57.5587414766 57.8742309052 61.2724544347 28.7793707383 28.9371154526 30.6362272174
567881504 1 21719.286 37313.91 48083.357 23.6207095108 30.4380593725 52.2928335674 11.8103547554 15.2190296862 26.1464167837
624669632 1 23500.789 40647.387 40679.876 30.7114816181 30.7360289605 53.1615880641 15.355740809 15.3680144802 26.5807940321
687136576 1 26361.479 44929.866 45296.936 30.3392077557 30.5870743527 52.131868322 15.1696038778 15.2935371764 26.065934161
755850208 1 29822.709 49316.82 49616.435 30.467735459 30.6528364156 50.6895740424 15.2338677295 15.3264182078 25.3447870212
831435200 1 33071.62 53396.24 55172.569 30.139441214 31.1420879073 50.280887359 15.069720607 15.5710439537 25.1404436795
914578720 1 36008.504 58260.837 58445.763 31.2966645675 31.3960034594 50.7979292891 15.6483322837 15.6980017297 25.3989646446
1006036576 1 39641.442 60314.653 68332.324 29.4454078863 33.3596075236 50.7568103098 14.7227039432 16.6798037618 25.3784051549

META_DATA
ERT_VERSION  1.1.0
FLOPS          8
TIMESTAMP_DATA  1560424662.65
TIMESTAMP_DATA  1560424650.79
MPI_PROCS      1
HOSTNAME  ('kcadmin-UniServer-R5200-G3', [], ['127.0.1.1'])
OPENMP_THREADS 4
CONFIG  {'ERT_WORKING_SET_MIN': ['1'], 'ERT_CFLAGS': ['-O3', '-march=native', '-fstrict-aliasing', '-ftree-vectorize'], 'ERT_CC': ['gcc'], 'ERT_MPI_CFLAGS': ['-I/usr/local/include'], 'ERT_MPI_LDFLAGS': ['-L/usr/local/lib', '-lmpi'], 'ERT_MEMORY_MAX': ['1073741824'], 'ERT_PROCS_THREADS': ['1-8'], 'ERT_LDFLAGS': [], 'ERT_LDLIBS': [], 'ERT_RUN': ['export', 'OMP_NUM_THREADS=ERT_OPENMP_THREADS;', 'mpirun', '-np', 'ERT_MPI_PROCS', 'ERT_CODE'], 'ERT_FLOPS': ['1,2,4,8,16'], 'ERT_OPENMP_CFLAGS': ['-fopenmp'], 'ERT_MPI': ['True'], 'ERT_TRIALS_MIN': ['1'], 'ERT_DRIVER': ['driver1'], 'ERT_RESULTS': ['Results.p100.01'], 'ERT_OPENMP': ['True'], 'ERT_MPI_PROCS': ['1,2,4,8'], 'ERT_KERNEL': ['kernel1'], 'ERT_GPU': [False], 'ERT_OPENMP_THREADS': ['1,2,4,8'], 'ERT_LD': ['gcc'], 'ERT_NUM_EXPERIMENTS': ['3'], 'ERT_OPENMP_LDFLAGS': ['-fopenmp'], 'ERT_ALIGN': ['32'], 'ERT_GNUPLOT': ['gnuplot']}
TIMESTAMP_DATA  1560424656.57
UNAME  ('Linux', 'kcadmin-UniServer-R5200-G3', '4.4.0-141-generic', '#167-Ubuntu SMP Wed Dec 5 10:40:15 UTC 2018', 'x86_64', 'x86_64')
