1024 1048576 495540.857 495666.027 496191.978 4.32792899364 4.33252135717 4.33361572041 0.270495562103 0.270782584823 0.270850982526
1120 524288 247246.027 247326.136 247442.007 4.74618329458 4.7484068566 4.74994536515 0.296636455911 0.296775428538 0.296871585322
1232 524288 247211.933 247278.929 247473.001 5.22014776068 5.2242446909 5.22566049431 0.326259235043 0.326515293181 0.326603780894
1352 524288 246127.129 246208.906 246244.907 5.75717390167 5.75801572344 5.75992885368 0.359823368854 0.359875982715 0.359995553355
1480 524288 246746.063 246845.007 247046.947 6.28177153713 6.28691055517 6.28943157646 0.392610721071 0.392931909698 0.393089473529
1624 524288 246309.996 246323.109 246376.038 6.91174124652 6.91322641596 6.91359446086 0.431983827908 0.432076650997 0.432099653804
1784 524288 245857.0 245947.123 245989.084 7.60464470041 7.60594212765 7.60873021309 0.475290293776 0.475371382978 0.475545638318
1960 524288 245692.968 245780.945 245844.126 8.3598050254 8.3619540156 8.36494823897 0.522487814088 0.522622125975 0.522809264936
2152 262144 122553.825 122601.986 122619.152 9.20139927244 9.20268759757 9.20630405457 0.575087454527 0.575167974848 0.57539400341
2360 262144 122471.094 122539.043 122584.105 10.0936388123 10.0973506052 10.1029527833 0.630852425769 0.631084412827 0.631434548956
2592 262144 122265.816 122284.174 122322.083 11.1096415518 11.113085623 11.1147542335 0.694352596988 0.694567851438 0.694672139595
2848 262144 122106.075 122186.184 122200.012 12.2190841029 12.2204669556 12.228484324 0.76369275643 0.763779184724 0.764280270249
3128 262144 121956.825 121975.183 122006.178 13.4417198447 13.4451355076 13.4471593861 0.840107490294 0.840320969225 0.840447461632
3440 262144 121772.051 121826.887 121843.1 14.8022392733 14.8042091891 14.8108757731 0.925139954581 0.925263074316 0.92567973582
3784 262144 121623.039 121673.107 121685.982 16.3034867237 16.3052118986 16.3119241906 1.01896792023 1.01907574366 1.01949526191
4160 131072 60830.832 60853.958 60873.032 17.9146496268 17.9202647755 17.9270775057 1.11966560167 1.12001654847 1.12044234411
4576 131072 61284.065 61289.072 61307.907 19.5663333279 19.5723463393 19.5739454294 1.222895833 1.22327164621 1.22337158934
5032 131072 61394.93 61414.003 61419.964 21.4768704195 21.4789550194 21.4856276895 1.34230440122 1.34243468871 1.34285173059
5528 131072 61434.031 61460.972 61468.124 23.575341782 23.5780851627 23.5884249887 1.47345886138 1.47363032267 1.4742765618
6080 131072 61732.769 61757.088 61760.902 25.8065453772 25.8081391402 25.8183059956 1.61290908608 1.61300869626 1.61364412473
6688 131072 62798.023 62804.937 62832.117 27.9032309543 27.9153065944 27.918380042 1.74395193465 1.74470666215 1.74489875262
7352 131072 64161.777 64181.089 64195.871 30.0219104123 30.0288249705 30.0378633216 1.87636940077 1.87680156066 1.8773664576
8080 131072 66170.931 66174.984 66195.011 31.9982350332 32.0079188837 32.0098793834 1.99988968957 2.00049493023 2.00061746147
8888 65536 33082.962 33102.989 33112.049 35.1825988177 35.1922279888 35.2135318476 2.19891242611 2.1995142493 2.20084574048
9776 65536 33081.055 33102.036 33106.089 38.7046585901 38.709397573 38.7339482371 2.41904116188 2.41933734831 2.42087176482
10752 65536 33092.022 33095.121 33107.042 42.5675644475 42.5828974609 42.586885262 2.66047277797 2.66143109131 2.66168032887
11824 65536 33089.876 33112.049 33119.917 46.7934544643 46.8045734047 46.8359364054 2.92459090402 2.92528583779 2.92724602534
13000 65536 33092.976 33117.056 33124.924 51.4396953786 51.4519164989 51.4893553242 3.21498096116 3.21574478118 3.21808470776
14296 65536 33082.008 33103.943 33107.996 56.5967602509 56.6036895363 56.6412205692 3.53729751568 3.53773059602 3.54007628557
15720 65536 33097.982 33106.089 33119.917 62.2118660503 62.2378511699 62.2530956721 3.88824162814 3.88986569812 3.89081847951
17288 32768 16541.004 16549.826 16558.17 68.4246126233 68.4591105671 68.4956226357 4.27653828895 4.27869441044 4.28097641473
19016 32768 16542.196 16553.879 16568.899 75.2151712676 75.2834170166 75.336586267 4.70094820422 4.70521356354 4.70853664169
20912 32768 16544.104 16551.971 16570.091 82.7085881423 82.7991320188 82.8385044001 5.1692867589 5.17494575117 5.17740652501
23000 32768 16544.104 16558.886 16565.084 90.9942865367 91.0283457474 91.1096787109 5.68714290854 5.68927160921 5.69435491943
25296 32768 16543.15 16561.031 16566.038 100.072126842 100.102382273 100.210579968 6.2545079276 6.25639889207 6.26316124801
27824 32768 16546.011 16555.071 16565.8 110.074591266 110.145928338 110.206240284 6.87966195415 6.88412052114 6.88789001772
30600 32768 16550.064 16556.978 16571.999 121.011448287 121.121233597 121.171833535 7.56321551793 7.57007709982 7.57323959593
33656 16384 8291.96 8302.927 8304.119 132.806358868 132.825425058 133.001100825 8.30039742928 8.30158906612 8.31256880159
37016 16384 8299.112 8301.02 8309.841 145.964319654 146.119427251 146.153020709 9.12276997839 9.13246420319 9.1345637943
40712 16384 8298.159 8303.165 8314.133 160.455794489 160.667747299 160.764672742 10.0284871555 10.0417342062 10.0477920464
44776 16384 8300.066 8304.119 8312.941 176.498301624 176.685807128 176.772084463 11.0311438515 11.0428629455 11.0482552789
49248 16384 8298.874 8304.119 8312.941 194.126057673 194.332290277 194.455110898 12.1328786046 12.1457681423 12.1534444311
54168 16384 8301.973 8305.073 8313.894 213.495267561 213.722025562 213.801830481 13.3434542225 13.3576265976 13.362614405
59584 16384 8298.159 8304.119 8311.987 234.895520409 235.118079594 235.286948828 14.6809700256 14.6948799746 14.7054343018
65536 16384 8304.119 8307.934 8313.894 258.300580691 258.48588205 258.604633195 16.1437862932 16.1553676281 16.1627895747
72088 8192 4153.967 4154.205 4165.888 283.514533276 284.311870021 284.328159564 17.7196583297 17.7694918763 17.7705099728
79296 8192 4153.013 4157.066 4160.881 312.238120725 312.524666195 312.829664631 19.5148825453 19.5327916372 19.5518540395
87224 8192 4153.013 4158.974 4162.788 343.298293355 343.61311612 344.106318954 21.4561433347 21.4758197575 21.5066449347
95944 8192 4154.921 4159.927 4164.934 377.424107081 377.878384885 378.333666513 23.5890066925 23.6173990553 23.645854157
105536 8192 4158.02 4158.974 4164.934 415.157076679 415.752015762 415.847404293 25.9473172924 25.9845009851 25.9904627683
116088 8192 4154.921 4160.166 4163.98 456.771116096 457.189879442 457.76701699 28.548194756 28.5743674651 28.6104385619
127696 8192 4154.921 4158.02 4161.119 502.790538795 503.165271932 503.540564068 31.4244086747 31.4478294958 31.4712852543
140464 4096 2084.017 2085.924 2087.831 551.137083413 551.640945691 552.145730097 34.4460677133 34.4775591057 34.5091081311
154504 4096 2084.97 2086.163 2090.931 605.326894096 606.710390319 607.057544233 37.832930881 37.919399395 37.9410965146
169952 4096 2084.017 2086.163 2088.07 666.762505088 667.372004968 668.059226004 41.672656568 41.7107503105 41.7537016253
186944 4096 2086.878 2087.831 2088.07 733.426201229 733.510158629 733.84512559 45.8391375768 45.8443849143 45.8653203493
205632 4096 2088.07 2089.977 2089.977 806.007599127 806.007599127 806.743712615 50.3754749454 50.3754749454 50.4214820384
226192 4096 2089.024 2089.977 2091.885 885.787155604 886.595816126 887.000275727 55.3616972252 55.4122385079 55.4375172329
248808 4096 2512.217 2512.932 2516.985 809.792325342 811.098404573 811.329250618 50.6120203339 50.6936502858 50.7080781636
273688 2048 1262.903 1270.056 1272.917 880.674897106 882.658755204 887.658076669 55.0421810692 55.1661722003 55.4786297918
301056 2048 1268.864 1273.155 1280.069 963.327270639 968.558719088 971.834157167 60.207954415 60.534919943 60.739634823
331160 2048 1273.155 1281.023 1281.977 1058.07776583 1058.86573465 1065.40944347 66.1298603641 66.1791084157 66.5880902168
364272 2048 1279.116 1281.977 1287.222 1159.13036912 1163.87276215 1166.47599749 72.44564807 72.7420476342 72.9047498429
400696 2048 1290.083 1294.851 1296.997 1265.42375657 1267.52098581 1272.20559917 79.0889847856 79.2200616133 79.5128499484
440760 2048 1311.064 1314.878 1319.17 1368.55216538 1373.01936758 1377.01360117 85.534510336 85.8137104735 86.0633500729
484832 2048 1790.047 1792.908 1794.815 1106.4493399 1107.62619833 1109.39649741 69.153083744 69.2266373958 69.3372810882
533312 1024 900.984 901.937 904.083 1208.10033592 1210.97479757 1212.2556849 75.506270995 75.6859248484 75.765980306
586640 1024 900.03 903.13 904.799 1327.85151177 1330.30540454 1334.88741486 82.9907194858 83.1440877836 83.430463429
645304 1024 902.176 903.13 904.083 1461.79343268 1463.33594499 1464.88333984 91.3620895427 91.458496562 91.5552087398
709832 1024 1061.201 1062.155 1065.969 1363.76943044 1368.66647147 1369.89687722 85.2355894027 85.5416544666 85.6185548261
780808 1024 1065.969 1066.923 1067.162 1498.45551472 1498.79118174 1500.13254044 93.65346967 93.674448859 93.7582837775
858888 1024 1078.129 1078.844 1080.036 1628.65184494 1630.45132012 1631.53261252 101.790740309 101.903207507 101.970788282
944776 1024 1436.949 1439.095 1440.048 1343.63663433 1344.52641973 1346.53439197 83.9772896459 84.0329012331 84.1583994978
1039248 1024 1437.902 1438.856 1440.048 1477.99233359 1479.21675553 1480.1981665 92.3745208493 92.4510472208 92.512385406
1143168 512 724.792 725.031 726.938 1610.32169456 1614.55721479 1615.08961468 100.64510591 100.909825925 100.943100917
1257480 512 808.954 809.908 809.908 1589.88369049 1589.88369049 1591.75864141 99.3677306558 99.3677306558 99.4849150879
1383224 512 969.172 971.079 972.033 1457.1741659 1458.60571179 1461.47575043 91.0733853686 91.1628569869 91.3422344021
1521544 512 993.967 995.159 996.113 1564.14087157 1565.64032079 1567.51789144 97.758804473 97.8525200496 97.9698682149
1673696 512 1077.89 1080.99 1080.99 1585.45842607 1585.45842607 1590.01818738 99.0911516295 99.0911516295 99.3761367115
1841064 512 1225.948 1225.948 1230.001 1532.72195388 1537.78915256 1537.78915256 95.7951221178 96.1118220349 96.1118220349
2025168 512 1267.195 1267.91 1269.102 1634.04677638 1635.58299248 1636.50585111 102.127923524 102.22393703 102.281615695
2227680 256 684.023 684.977 684.977 1665.12475601 1665.12475601 1667.44708877 104.070297251 104.070297251 104.215443048
2450448 256 774.86 775.099 776.052 1616.68209862 1618.66984217 1619.16910926 101.042631164 101.166865136 101.198069329
2695488 256 820.875 821.114 822.783 1677.34366899 1680.75304525 1681.2424011 104.833979312 105.047065328 105.077650069
2965032 256 910.997 912.905 913.858 1661.19504781 1662.92920293 1666.41205624 103.824690488 103.933075183 104.150753515
3261528 256 1044.989 1048.088 1049.995 1590.39075043 1593.2844723 1598.00948718 99.399421902 99.5802795185 99.8755929488
3587680 256 1374.96 1376.867 1378.059 1332.9561071 1334.11009197 1335.96043521 83.309756694 83.3818807481 83.4975272008
3946448 256 1648.903 1649.141 1654.863 1220.99616464 1225.23263687 1225.40948497 76.3122602898 76.5770398044 76.5880928108
4341088 128 1288.176 1294.136 1296.997 856.839705874 858.733956864 862.707058663 53.5524816172 53.670872304 53.9191911664
4775192 128 1837.015 1842.022 1847.982 661.504902104 663.645250708 665.454093734 41.3440563815 41.4778281693 41.5908808583
5252704 128 2197.981 2203.941 2217.054 606.522089223 610.130772103 611.785190136 37.9076305764 38.1331732565 38.2365743835
5777968 128 2578.974 2584.934 2595.901 569.805939441 572.223433171 573.545839547 35.612871215 35.7639645732 35.8466149717
6355760 128 2921.82 2923.965 2932.072 554.923126035 556.461708673 556.870224723 34.6826953772 34.7788567921 34.8043890452
6991336 128 3258.944 3262.997 3272.057 546.989864785 548.508630563 549.190785727 34.1868665491 34.2817894102 34.3244241079
7690464 128 3639.936 3645.182 3648.043 539.675322906 540.098898766 540.877307733 33.7297076816 33.7561811728 33.8048317333
8459504 64 2032.042 2033.949 2035.856 531.872839729 532.371515707 532.871127664 33.2420524831 33.2732197317 33.304445479
9305448 64 2249.002 2254.009 2258.062 527.486554399 528.435043516 529.611509461 32.96790965 33.0271902197 33.1007193413
10235992 64 2488.852 2490.044 2492.905 525.574370463 526.178242633 526.430248163 32.848398154 32.8861401646 32.9018905102
11259584 64 2726.078 2730.131 2745.152 525.007996643 527.89655588 528.681406768 32.8129997902 32.9935347425 33.042587923
12385536 64 3008.127 3011.942 3017.187 525.439294283 526.354295003 527.021833852 32.8399558927 32.8971434377 32.9388646158
13624088 64 3319.025 3323.078 3328.085 523.990001457 524.779515858 525.420346035 32.7493750911 32.7987197412 32.8387716272
14986496 64 3649.95 3661.156 3662.109 523.816054629 523.952404104 525.561031795 32.7385034143 32.7470252565 32.8475644872
16485144 64 4024.982 4029.036 4033.089 523.196594967 523.722903444 524.250402114 32.6997871855 32.7326814652 32.7656501321
18133656 32 2221.107 2224.922 2226.83 521.168649605 521.615582029 522.511515204 32.5730406003 32.6009738768 32.6569697002
19947016 32 2442.837 2449.036 2453.089 520.408767884 521.270011547 522.592798455 32.5255479928 32.5793757217 32.6620499035
21941712 32 2688.885 2692.938 2695.084 521.048534294 521.463757428 522.249768212 32.5655333934 32.5914848392 32.6406105133
24135880 32 2964.973 2970.934 2979.04 518.521510285 519.936262468 520.981580608 32.4075943928 32.4960164043 32.561348788
26549464 32 3253.937 3259.897 3261.089 521.042417426 521.232939568 522.187644075 32.5651510891 32.577058723 32.6367277547
29204408 32 3593.922 3605.127 3607.988 518.04000235 518.45111476 520.06752289 32.3775001469 32.4031946725 32.5042201806
32124848 32 3943.205 3947.02 3966.093 518.391846081 520.896846735 521.400807719 32.3994903801 32.5560529209 32.5875504824
35337328 16 2172.947 2178.907 2185.106 517.500979815 518.973272379 520.396722055 32.3438112384 32.4358295237 32.5247951285
38871056 16 2397.06 2402.067 2412.081 515.684917712 517.834761478 518.91641928 32.230307357 32.3646725924 32.432276205
42758160 16 2634.048 2639.055 2652.168 515.90288398 518.466314647 519.451855091 32.2439302488 32.4041446654 32.4657409432
47033976 16 2898.932 2907.991 2912.998 516.679802732 517.569425765 519.186801208 32.2924876708 32.3480891103 32.4491750755
51737368 16 3184.795 3194.094 3203.869 516.748898285 518.330323403 519.843750069 32.2968061428 32.3956452127 32.4902343793
56911104 16 3504.038 3507.853 3513.813 518.284646337 519.165235259 519.730473243 32.3927903961 32.4478272037 32.4831545777
62602208 16 3870.01 3875.971 3882.885 515.923251912 516.843561523 517.639658812 32.2452032445 32.3027225952 32.3524786758
68862424 8 2111.912 2116.919 2119.064 519.945968597 520.472811666 521.706768085 32.4966230373 32.5295507291 32.6066730053
75748664 8 2327.919 2329.826 2341.986 517.500371053 520.201347225 520.627489187 32.3437731908 32.5125842016 32.5392180742
83323528 8 2557.039 2568.007 2572.06 518.330228688 519.148292041 521.375093614 32.395639293 32.4467682526 32.5859433509
91655880 8 2814.054 2817.869 2825.975 518.93384761 520.426634453 521.132174436 32.4333654756 32.5266646533 32.5707609022
100821464 8 3093.004 3098.011 3112.078 518.349290731 520.702936174 521.545857684 32.3968306707 32.5439335109 32.5966161052
110903608 8 3411.055 3415.108 3433.943 516.74058888 519.590516025 520.207891107 32.296286805 32.4744072515 32.5129931942
121993968 8 3752.947 3758.192 3762.96 518.714918043 519.373009149 520.098868436 32.4196823777 32.4608130718 32.5061792772
134193360 8 4140.854 4150.867 4162.788 515.782634138 517.263925826 518.514721842 32.2364146337 32.3289953641 32.4071701152
147612696 4 2264.023 2275.944 2276.897 518.645142051 518.862312957 521.594333626 32.4153213782 32.4288945598 32.5996458517
162373960 4 2495.05 2496.958 2502.918 518.990905815 520.229687484 520.627514479 32.4369316134 32.5143554677 32.5392196549
178611352 4 2747.059 2755.88 2762.079 517.324383553 518.488038666 520.15294029 32.3327739721 32.4055024167 32.5095587681
196472480 4 3015.995 3025.055 3037.93 517.38514054 519.587194282 521.148025776 32.3365712837 32.4741996427 32.571751611
216119728 4 3326.178 3329.039 3330.946 519.059097326 519.356434094 519.803156656 32.4411935828 32.4597771309 32.487697291
237731696 4 3656.149 3661.871 3674.03 517.647805815 519.366621052 520.179447829 32.3529878635 32.4604138158 32.5112154893
261504864 4 4024.029 4033.804 4057.884 515.549215305 518.626812805 519.886638988 32.2218259566 32.4141758003 32.4929149367
287655344 2 2207.994 2213.955 2218.962 518.540369776 519.713081793 521.1161697 32.408773111 32.482067612 32.5697606062
316420872 2 2429.008 2434.969 2445.221 517.615171798 519.794497589 521.07011916 32.3509482374 32.4871560993 32.5668824475
348062952 2 2669.096 2674.818 2685.07 518.516019322 520.503379295 521.619232879 32.4072512076 32.531461206 32.6012020549
382869240 2 2943.993 2950.907 2953.053 518.608016856 518.985166256 520.204008637 32.4130010535 32.436572891 32.5127505398
421156160 2 3235.102 3244.162 3252.029 518.02263756 519.278827629 520.733083532 32.3764148475 32.4549267268 32.5458177207
463271776 2 3558.159 3563.166 3568.888 519.233751241 520.067575858 520.799408908 32.4521094526 32.5042234911 32.5499630567
509598952 2 3920.078 3930.092 3952.98 515.660541667 518.663636373 519.988583901 32.2287838542 32.4164772733 32.4992864938
560558840 1 2149.82 2151.966 2168.179 517.078008781 520.973695681 521.493743662 32.3173755488 32.5608559801 32.5933589789
616614720 1 2372.026 2375.841 2376.08 519.018484226 519.070695387 519.905532233 32.4386552641 32.4419184617 32.4940957645
678276192 1 2607.822 2609.015 2624.989 516.784026143 519.948096887 520.185957477 32.2990016339 32.4967560554 32.5116223423
746103808 1 2870.083 2871.99 2887.011 516.869390522 519.572706033 519.917931293 32.3043369076 32.4732941271 32.4948707058
820714184 1 3155.947 3161.907 3178.835 516.361612981 519.126074233 520.106442852 32.2726008113 32.4453796396 32.5066526783
902785600 1 3463.03 3477.097 3484.964 518.103257308 519.275476065 521.384798861 32.3814535817 32.4547172541 32.5865499288
993064160 1 3818.989 3829.002 3840.923 517.096624952 518.706524572 520.066520223 32.3185390595 32.4191577858 32.5041575139

META_DATA
ERT_VERSION  1.1.0
TIMESTAMP_DATA  1560474240.08
HOSTNAME  ce1
UNAME  ('Linux', 'ce1', '3.10.0-514.el7.x86_64', '#1 SMP Tue Nov 22 16:42:41 UTC 2016', 'x86_64', 'x86_64')
TIMESTAMP_DATA  1560474176.34
GPU_BLOCKS     112
FLOPS          1
TIMESTAMP_DATA  1560474197.7
GPU_THREADS    1024
TIMESTAMP_DATA  1560474218.87
CONFIG  {'ERT_WORKING_SET_MIN': ['128'], 'ERT_CFLAGS': ['-O3'], 'ERT_CC': ['nvcc'], 'ERT_BLOCKS_THREADS': ['114688'], 'ERT_GPU_THREADS': ['64,128,256,512,1024'], 'ERT_GPU_LDFLAGS': [], 'ERT_MEMORY_MAX': ['1073741824'], 'ERT_LDFLAGS': [], 'ERT_LDLIBS': [], 'ERT_RUN': ['./ERT_CODE'], 'ERT_FLOPS': ['1,2,4,8,16,32,64,128,256,512,1024'], 'ERT_MPI': [False], 'ERT_TRIALS_MIN': ['1'], 'ERT_DRIVER': ['driver1'], 'ERT_RESULTS': ['Results.summitdev.ornl.gov.01'], 'ERT_GPU': ['True'], 'ERT_GPU_CFLAGS': ['-x', 'cu'], 'ERT_KERNEL': ['kernel1'], 'ERT_OPENMP': [False], 'ERT_LD': ['nvcc'], 'ERT_NUM_EXPERIMENTS': ['5'], 'ERT_ALIGN': ['32'], 'ERT_GNUPLOT': ['gnuplot'], 'ERT_GPU_BLOCKS': ['56,112,448,896,1792']}
TIMESTAMP_DATA  1560474155.23
