64 16777216 54484.146 58786.521 59101.964 36.3352332589 36.5302047386 39.4148354275 4.54190415736 4.56627559232 4.92685442844
128 8388608 27303.317 29148.473 29346.572 73.1766438683 73.6739673464 78.6528482235 9.14708048354 9.2092459183 9.83160602794
192 4194304 14604.758 14616.536 17148.094 93.9237174697 110.191138037 110.280001627 11.7404646837 13.7738922546 13.7850002034
256 4194304 14568.851 15185.125 16366.16 131.214875573 141.420215375 147.402403113 16.4018594466 17.6775269219 18.4253003892
320 2097152 8569.452 9276.983 9309.261 144.17656568 144.678208422 156.623466705 18.02207071 18.0847760527 19.5779333381
384 2097152 9711.35 10126.751 10180.513 158.205459391 159.045357786 165.848490272 19.7756824239 19.8806697232 20.731061284
448 2097152 10523.813 11171.55 12682.724 148.158092221 168.199416554 178.552031664 18.5197615276 21.0249270692 22.319003958
512 2097152 12138.751 12713.505 12995.184 165.252269456 168.913580323 176.911417657 20.656533682 21.1141975403 22.1139272072
576 1048576 6477.893 6915.493 7563.19 159.715616294 174.674394436 186.474143985 19.9644520368 21.8342993045 23.3092679981
640 1048576 7430.122 7663.518 7949.514 168.837652214 175.138530372 180.640005642 21.1047065267 21.8923162965 22.5800007052
704 1048576 7723.863 7998.604 8601.318 171.647532157 184.581585487 191.14722879 21.4559415197 23.0726981858 23.8934035987
768 1048576 8527.926 9042.448 9060.783 177.756462769 178.11689224 188.863357398 22.2195578462 22.26461153 23.6079196747
832 1048576 9087.201 9366.827 9710.991 179.675839881 186.27764386 192.009669864 22.4594799851 23.2847054824 24.001208733
896 1048576 5278.984 5511.955 5703.307 329.466429214 340.904124217 355.948832578 41.1833036517 42.6130155272 44.4936040723
960 1048576 6085.494 6275.81 6949.665 289.692513236 320.797780685 330.830318788 36.2115641545 40.0997225856 41.3537898484
1024 1048576 6464.749 6666.615 7382.366 290.893684762 322.125043669 332.183608057 36.3617105952 40.2656304586 41.5229510071
1088 524288 3640.461 3755.518 4031.042 283.016323819 303.779848213 313.380829516 35.3770404774 37.9724810266 39.1726036895
1152 524288 3598.086 3743.919 4328.702 279.058145375 322.645749547 335.722812629 34.8822681718 40.3307186934 41.9653515786
1216 524288 3973.72 4253.879 5211.806 244.650014985 299.74252112 320.875254422 30.5812518732 37.46781514 40.1094068027
1280 524288 4157.754 4448.04 5621.411 238.761634757 301.745775667 322.813057242 29.8452043446 37.7182219584 40.3516321552
1408 524288 2871.605 3156.122 3614.464 408.468588427 467.787686281 514.135825784 51.0585735534 58.4734607851 64.266978223
1536 524288 3415.591 3588.276 4049.332 397.747760865 448.854195162 471.547306454 49.7184701082 56.1067743953 58.9434133068
1664 524288 3959.35 4224.089 5238.166 333.099497801 413.066690593 440.686088373 41.6374372252 51.6333363241 55.0857610466
1792 524288 4573.438 4778.4 5631.06 333.693512767 393.237944082 410.861192827 41.7116890958 49.1547430102 51.3576491034
1920 524288 3417.123 3791.67 4278.528 470.551068031 530.970764861 589.169871848 58.8188835039 66.3713456076 73.646233981
2112 262144 2171.359 2226.071 2661.944 415.9727838 497.421805504 509.955403966 51.996597975 62.177725688 63.7444254957
2304 262144 2643.923 2790.381 3068.771 393.629746892 432.901296275 456.881517351 49.2037183615 54.1126620343 57.1101896689
2496 262144 2067.937 2228.901 2627.461 498.056050309 587.115734615 632.815626395 62.2570062886 73.3894668269 79.1019532994
2688 262144 2415.868 2484.874 3072.076 458.740650947 567.145917258 583.34567286 57.3425813684 70.8932396572 72.9182091075
2944 262144 2145.852 2260.645 2654.131 581.54773521 682.77145328 719.29651812 72.6934669012 85.34643166 89.912064765
3200 262144 2726.056 2768.791 3349.582 500.874915139 605.940137771 615.439154588 62.6093643923 75.7425172214 76.9298943235
3520 262144 2418.997 2536.944 3213.426 574.307222261 727.44757472 762.916927966 71.7884027826 90.93094684 95.3646159958
3840 262144 3196.15 3360.918 3907.111 515.282499013 599.022624176 629.903452591 64.4103123766 74.877828022 78.7379315739
4224 131072 1556.27 1573.258 2011.84 550.389820264 703.823693253 711.506522647 68.798727533 87.9779616566 88.9383153309
4608 131072 1527.298 1570.589 1941.94 622.037525361 769.112448897 790.912809419 77.7546906702 96.1390561121 98.8641011774
5056 131072 1528.617 1529.215 2014.158 658.04175442 866.719240918 867.058304337 82.2552193026 108.339905115 108.382288042
5504 131072 1574.552 1644.504 2157.033 668.900557386 877.371277905 916.349905243 83.6125696733 109.671409738 114.543738155
6016 131072 1664.332 1693.58 2372.151 664.822055594 931.197997142 947.562327709 83.1027569493 116.399749643 118.445290964
6592 131072 1849.206 1859.282 2587.803 667.768469238 929.419661999 934.483907147 83.4710586548 116.17745775 116.810488393
7232 131072 2084.741 2121.149 2864.941 661.732792403 893.772859898 909.381744783 82.7165990504 111.721607487 113.672718098
7936 131072 2323.496 2428.268 3256.084 638.919261297 856.731952157 895.364047969 79.8649076621 107.09149402 111.920505996
8704 65536 1166.15 1168.031 1595.54 715.024811663 976.729802548 978.305267761 89.3781014578 122.091225319 122.28815847
9536 65536 1397.238 1414.931 1982.036 630.61548428 883.366462393 894.552389786 78.826935535 110.420807799 111.819048723
10432 65536 1415.801 1470.425 1932.198 707.662001513 929.896529235 965.773511955 88.4577501892 116.237066154 120.721688994
11456 65536 1505.68 1521.582 2118.782 708.690574113 986.841873787 997.264247383 88.5863217641 123.355234223 124.658030923
12544 65536 1619.317 1620.54 2264.075 726.198190431 1014.57981167 1015.34607986 90.7747738039 126.822476458 126.918259982
13760 65536 1596.292 1648.412 2307.189 781.709136096 1094.1140443 1129.83759863 97.713642012 136.764255538 141.229699829
15104 65536 1845.812 1850.615 2626.752 753.672782204 1069.75869535 1072.54232175 94.2090977755 133.719836919 134.067790219
16576 32768 1025.816 1030.24 1447.978 750.235663802 1054.4385153 1058.9859546 93.7794579752 131.804814412 132.373244325
18176 32768 1121.706 1125.39 1571.292 758.091007909 1058.46180968 1061.93809786 94.7613759887 132.30772621 132.742262233
19968 32768 1345.659 1411.017 1626.046 804.788331941 927.432375372 972.477312603 100.598541493 115.929046921 121.559664075
21952 32768 1620.254 1711.043 1773.194 811.330442129 840.800770057 887.914038169 101.416305266 105.100096257 110.989254771
24128 32768 1648.982 1937.375 1985.767 796.293124017 816.183035293 958.926542558 99.5366405021 102.022879412 119.86581782
26496 32768 1898.754 2030.55 2131.85 814.523468349 855.158383689 914.516496608 101.815433544 106.894797961 114.314562076
29120 32768 2037.232 2136.963 2414.018 790.552647081 893.046964313 936.765336496 98.8190808851 111.630870539 117.095667062
32000 32768 2276.945 2278.703 2857.908 733.806686569 920.327045692 921.037618388 91.7258358212 115.040880712 115.129702298
35200 16384 1306.866 1318.546 1399.908 823.935287176 874.776913358 882.595155127 102.991910897 109.34711417 110.324394391
38720 16384 1706.605 1710.17 1814.03 699.424463763 741.901074162 743.450862971 87.4280579704 92.7376342703 92.9313578713
42560 16384 1637.829 1839.632 1933.938 721.122435156 758.089704898 851.496755766 90.1403043945 94.7612131122 106.437094471
46784 16384 1768.369 1843.908 2032.245 754.347094961 831.396204149 866.91075901 94.2933868702 103.924525519 108.363844876
51456 16384 1968.391 2047.571 2183.755 772.115098992 823.468494133 856.593130125 96.514387374 102.933561767 107.074141266
56576 16384 2055.889 2069.68 2379.857 778.988976228 895.733817788 901.742442321 97.3736220286 111.966727224 112.71780529
62208 16384 2201.001 2268.588 2703.251 754.066767755 898.546472079 926.138490623 94.2583459694 112.31830901 115.767311328
68416 8192 1315.605 1322.419 1512.326 741.194520229 847.634330723 852.02453928 92.6493150286 105.95429134 106.50306741
75200 8192 1395.663 1481.483 1629.779 755.977835032 831.650987558 882.789613252 94.497229379 103.956373445 110.348701656
82688 8192 1513.924 1592.017 1830.146 740.247057885 850.970933099 894.866711935 92.5308822356 106.371366637 111.858338992
90944 8192 1617.229 1618.576 1913.558 778.668060231 920.578641967 921.345397591 97.3335075289 115.072330246 115.168174699
100032 8192 1734.102 1958.683 2091.558 783.590169625 836.748104721 945.114121315 97.9487712031 104.59351309 118.139265164
110016 8192 1871.874 2084.875 2246.8 802.25304611 864.561253792 962.939890185 100.281630764 108.070156724 120.367486273
120960 8192 2045.39 2219.93 2458.962 805.953341288 892.734743888 968.914798645 100.744167661 111.591842986 121.114349831
133056 4096 1216.966 1218.97 1405.912 775.293725354 894.193254961 895.665739224 96.9117156693 111.77415687 111.958217403
146304 4096 1307.269 1314.015 1481.834 808.810142027 912.107067271 916.813882988 101.101267753 114.013383409 114.601735374
160896 4096 1417.487 1501.394 1571.666 838.638764216 877.890834784 929.856874878 104.829845527 109.736354348 116.23210936
176960 4096 1549.068 1665.369 1854.47 781.709232287 870.471541142 935.824844358 97.7136540359 108.808942643 116.978105545
194624 4096 1635.583 1721.954 2095.587 760.81776037 925.901509564 974.796025637 95.1022200462 115.737688696 121.849503205
214080 4096 1765.241 1828.006 2276.209 770.466754151 959.375056756 993.486645733 96.3083442689 119.921882094 124.185830717
235456 4096 1942.581 2282.567 2602.723 741.091369308 845.03786833 992.93442693 92.6364211635 105.629733541 124.116803366
258944 4096 2264.913 2382.718 3205.105 661.840797103 890.272893393 936.578688894 82.7300996379 111.284111674 117.072336112
284800 2048 1563.565 1696.072 2126.03 548.694421057 687.789669306 746.077585518 68.5868026321 85.9737086633 93.2596981897
313280 2048 2164.002 2253.977 2498.167 513.654563526 569.30256165 592.973056402 64.2068204407 71.1628202062 74.1216320502
344576 2048 2354.071 2636.022 4600.481 306.79037605 535.421667953 599.550011873 38.3487970062 66.9277084941 74.9437514841
379008 2048 2527.116 2901.997 3135.304 495.140748074 534.947750807 614.303723296 61.8925935093 66.8684688509 76.787965412
416896 2048 2835.212 3195.802 3360.677 508.113697329 534.32785135 602.285125768 63.5142121662 66.7909814187 75.285640721
458560 2048 3026.398 3467.855 3652.032 514.305942555 541.620615626 620.626156903 64.2882428193 67.7025769532 77.5782696129
504384 2048 3280.983 3581.936 4191.109 492.937994216 576.771015451 629.676186679 61.617249277 72.0963769314 78.7095233349
554816 1024 1945.393 2139.292 2295.081 495.086303272 531.13982009 584.078984555 61.885787909 66.3924775113 73.0098730693
610240 1024 2086.439 2107.152 2412.673 518.002862385 593.109334305 598.997392207 64.7503577982 74.1386667882 74.8746740259
671232 1024 2292.752 2320.045 2655.098 517.75231498 592.524341554 599.57777204 64.7190393726 74.0655426942 74.947221505
738304 1024 2482.111 2664.734 3010.268 502.296337735 567.428715962 609.177668525 62.7870422168 70.9285894952 76.1472085656
812096 1024 2658.9 3154.029 3337.287 498.360676801 527.316840777 625.511530332 62.2950846002 65.9146050972 78.1889412915
893248 1024 2917.866 3233.446 3736.372 489.611822377 565.765410649 626.95542016 61.2014777972 70.7206763311 78.36942752
982528 1024 3179.062 3480.415 3956.542 508.579801251 578.154428136 632.95945282 63.5724751563 72.269303517 79.1199316025
1080768 512 1882.783 1893.571 2244.843 492.999480142 584.454679545 587.80349727 61.6249350177 73.0568349431 73.4754371587
1188800 512 2032.804 2038.797 2389.045 509.547204008 597.083083799 598.843371028 63.693400501 74.6353854749 74.8554213785
1307648 512 2200.032 2220.446 2555.635 523.952580083 603.046213238 608.641852482 65.4940725104 75.3807766548 76.0802315603
1438400 512 2414.153 2935.191 3898.449 377.822462215 501.814566752 610.119408339 47.2278077769 62.726820844 76.2649260424
1582208 512 2874.091 3180.943 3905.782 414.816032231 509.339837903 563.719447992 51.8520040289 63.6674797379 70.4649309991
1740416 512 3214.211 3601.898 4901.857 363.573638317 494.790797518 554.470750053 45.4467047896 61.8488496898 69.3088437567
1914432 512 3094.108 3374.991 3860.625 507.787823992 580.854398723 633.584337715 63.473477999 72.6067998404 79.1980422144
2105856 256 1801.568 1941.925 2071.28 520.546846395 555.221376727 598.477699426 65.0683557993 69.4026720908 74.8097124283
2316416 256 1998.548 2138.995 2483.833 477.48982802 554.468333026 593.433328597 59.6862285025 69.3085416282 74.1791660746
2548032 256 2398.477 2458.779 2608.569 500.11802793 530.58545888 543.925325946 62.5147534913 66.32318236 67.9906657433
2802816 256 2323.066 2702.537 2911.988 492.804843976 530.998018529 617.736126309 61.600605497 66.3747523161 77.2170157886
3083072 256 2967.119 2987.909 3336.211 473.151387607 528.306874138 532.008613069 59.1439234509 66.0383592673 66.5010766336
3391360 256 3187.165 3257.337 3372.116 514.921882877 533.06621943 544.80276986 64.3652353596 66.6332774288 68.1003462325
3730496 256 3314.074 3593.582 3676.038 519.584931385 531.506989962 576.33412893 64.9481164232 66.4383737452 72.0417661163
4103488 256 3502.952 3949.61 3951.047 531.754204898 531.947674834 599.775805092 66.4692756123 66.4934593542 74.9719756365
4513792 128 2170.381 2170.471 2292.925 503.954883827 532.387095704 532.409172399 62.9943604784 66.548386963 66.5511465498
4965120 128 2325.556 2382.532 2388.329 532.200848376 533.495759973 546.566378105 66.5251060469 66.6869699966 68.3207972631
5461632 128 2287.154 2626.096 2894.68 483.016358285 532.416862141 611.317730245 60.3770447856 66.5521077676 76.4147162806
6007744 128 2804.772 2884.231 2899.519 530.426758369 533.238309969 548.344915023 66.3033447962 66.6547887461 68.5431143779
6608512 128 3193.443 3287.02 3553.847 476.041616873 514.684751538 529.766484637 59.5052021092 64.3355939422 66.2208105797
7269312 128 3512.919 3870.851 5136.694 362.284354879 480.75833247 529.742892449 45.2855443599 60.0947915588 66.2178615562
7996224 128 4122.68 4361.674 6004.66 340.907452545 469.322866404 496.529768015 42.6134315681 58.6653583005 62.0662210019
8795840 64 2424.146 2575.716 3009.959 374.047460447 437.108563211 464.438825054 46.7559325559 54.6385704014 58.0548531318
9675392 64 2918.593 3058.163 3296.228 375.717388482 404.965391315 424.331236318 46.9646735602 50.6206739144 53.0414045398
10642880 64 3530.679 3581.565 3927.053 346.8984605 380.361277821 385.843244316 43.3623075624 47.5451597277 48.2304055396
11707136 64 4287.139 4434.11 4647.612 322.426529581 337.951338149 349.536930806 40.3033161977 42.2439172686 43.6921163508
12877824 64 5166.88 5310.462 5401.941 305.142442689 310.398882809 319.024531632 38.1428053361 38.7998603511 39.878066454
14165568 64 5845.852 5928.085 6111.753 296.673099191 305.864828861 310.167398011 37.0841373989 38.2331036077 38.7709247514
15582080 64 6214.572 6490.752 6794.25 293.557970343 307.284308505 320.940241742 36.6947462928 38.4105385632 40.1175302177
17140288 32 3534.139 3734.872 3857.053 284.408441367 293.71245708 310.394818087 35.5510551709 36.714057135 38.7993522609
18854272 32 3920.034 3949.037 4120.361 292.856234684 305.561433838 307.822179093 36.6070293355 38.1951792298 38.4777723867
20739648 32 4422.727 4549.029 4665.56 284.496924699 291.784790117 300.117432525 35.5621155874 36.4730987646 37.5146790657
22813568 32 4881.494 4898.801 5053.511 288.921573931 298.046063108 299.10276485 36.1151967414 37.2557578885 37.3878456063
25094912 32 5405.603 5474.785 5642.92 284.617603652 293.358436541 297.112897118 35.5772004565 36.6698045677 37.1391121398
27604352 32 6203.739 6239.445 6242.216 283.021050217 283.146742699 284.776411129 35.3776312771 35.3933428374 35.5970513911
30364736 32 6987.407 7118.83 7397.158 262.714829668 272.986305896 278.120782717 32.8393537085 34.123288237 34.7650978396
33401152 32 7878.19 7966.628 8221.045 260.024574491 268.32854854 271.340717601 32.5030718114 33.5410685675 33.9175897002
36741248 16 4540.858 4694.451 4788.167 245.546977789 250.448867397 258.9202164 30.6933722237 31.3061084246 32.36502705
40415360 16 5642.974 5848.175 5945.698 217.51718974 221.144463016 229.186156094 27.1896487174 27.643057877 28.6482695118
44456896 16 7228.554 7808.259 8006.827 177.675959778 182.194349854 196.805705816 22.2094949722 22.7742937318 24.600713227
48902528 16 9298.801 10169.141 10361.781 151.024316766 153.885258942 168.288459555 18.8780395957 19.2356573677 21.0360574444
53792768 16 11664.83 12538.495 12911.269 133.322958107 137.286697965 147.569109537 16.6653697634 17.1608372456 18.4461386921
59172032 16 14420.698 15806.009 15813.227 119.741848011 119.796529535 131.304672215 14.9677310014 14.9745661919 16.4130840269
65089216 16 17550.857 18418.935 19288.209 107.985915748 113.082266266 118.675396421 13.4982394685 14.1352832832 14.8344245526
71598080 8 10544.833 11509.409 11510.128 99.5270669449 99.5332844632 108.63797274 12.4408833681 12.4416605579 13.5797465925
78757888 8 12399.078 13576.051 13578.463 92.8033024062 92.8197903794 101.63063802 11.6004128008 11.6024737974 12.7038297525
86633664 8 14377.331 15404.534 15851.077 87.4475989234 89.9825093054 96.4114009756 10.9309498654 11.2478136632 12.051425122
95297024 8 16533.963 18203.739 18247.963 83.5574022152 83.7603958176 92.219414305 10.4446752769 10.4700494772 11.5274267881
104826688 8 19259.844 20881.896 21371.729 78.4787701547 80.3196705893 87.0841429453 9.80984626934 10.0399588237 10.8855178682
115309312 8 22201.627 23085.79 23928.59 77.1022860937 79.9170828462 83.0997202142 9.63778576172 9.98963535578 10.3874650268
126840192 8 25202.317 25877.528 27020.235 75.1082687475 78.4249203401 80.526051315 9.38853359343 9.80311504252 10.0657564144
139524160 4 14103.179 14685.067 15286.751 73.0170380874 76.0087291396 79.1447999065 9.12712976093 9.50109114245 9.89309998831
153476544 4 15972.431 16524.29 16890.276 72.6934451515 74.3034860802 76.8707250637 9.08668064394 9.28793576002 9.60884063296
168824192 4 17929.573 18582.26 18758.771 71.9979755603 72.681877016 75.3277022269 8.99974694504 9.085234627 9.41596277837
185706560 4 20089.998 20926.721 20928.201 70.9880643826 70.9930848698 73.9498570383 8.87350804783 8.87413560873 9.24373212979
204277184 4 22349.725 23416.395 23543.31 69.4132418933 69.7894561481 73.1202496675 8.67665523667 8.72368201852 9.14003120844
224704896 4 25550.495 26109.749 26395.406 68.1042438976 68.8493469623 70.3563343098 8.5130304872 8.60616837029 8.79454178872
247175360 4 28152.701 29401.392 29412.404 67.2302366036 67.2554170224 70.2384783613 8.40377957545 8.4069271278 8.77980979516
271892864 2 15793.475 16331.858 16422.587 66.2241251028 66.5920225366 68.8620747492 8.27801563785 8.32400281707 8.60775934365
299082112 2 17790.821 18096.532 18345.944 65.2094243828 66.1081608344 67.2441394357 8.15117804786 8.26352010429 8.40551742947
328990272 2 19714.674 20316.052 20333.393 64.7192078568 64.7744496815 66.7503346999 8.08990098209 8.09680621018 8.34379183749
361889280 2 21931.767 22391.584 22552.448 64.1862524192 64.6473746565 66.0027584645 8.02328155241 8.08092183206 8.25034480806
398078208 2 24569.843 24734.893 25016.844 63.6496287062 64.3751655607 64.8076111842 7.95620358827 8.04689569508 8.10095139802
437886016 2 27024.886 27437.787 27750.285 63.1180567695 63.8369291226 64.812264666 7.88975709619 7.97961614033 8.10153308325
481674560 2 29875.01 30238.633 30761.705 62.6330120518 63.7164464412 64.4919697098 7.82912650648 7.96455580515 8.06149621373
529841984 2 33455.729 33692.542 34041.368 62.2586006532 62.9031770889 63.3484308771 7.78232508165 7.86289713611 7.91855385964
582826176 1 19363.787 23540.959 23552.143 49.4924114549 49.5159246486 60.1975404914 6.18655143186 6.18949058108 7.52469256143
641108736 1 21725.504 25924.627 26574.713 48.2495322527 49.4594376228 59.0189977641 6.03119153159 6.18242970285 7.37737472051
705219584 1 23883.557 28847.614 29006.076 48.6256454682 48.8927496049 59.0548203519 6.07820568353 6.11159370061 7.38185254399
775741504 1 26156.963 31519.251 32270.455 48.0775064374 49.2233463289 59.3143404301 6.00968830467 6.15291829111 7.41429255376
853315648 1 28911.141 35226.733 35726.377 47.7695036359 48.4470500287 59.0302297651 5.97118795449 6.05588125359 7.37877872063
938647168 1 31741.975 38228.556 38866.709 48.3008308216 49.1071212839 59.1423292344 6.0376038527 6.13839016049 7.3927911543
1032511872 1 35068.264 42325.355 42783.732 48.266564123 48.7892834921 58.8858274821 6.03332051538 6.09866043652 7.36072843526

META_DATA
ERT_VERSION  1.1.0
WARNING: There was an error initializing an OpenFabrics device.
HOSTNAME  ('kcadmin-UniServer-R5200-G3', [], ['127.0.1.1'])
FLOPS          2
CONFIG  {'ERT_WORKING_SET_MIN': ['1'], 'ERT_CFLAGS': ['-O3', '-march=native', '-fstrict-aliasing', '-ftree-vectorize'], 'ERT_CC': ['gcc'], 'ERT_MPI_CFLAGS': ['-I/usr/local/include'], 'ERT_MPI_LDFLAGS': ['-L/usr/local/lib', '-lmpi'], 'ERT_MEMORY_MAX': ['1073741824'], 'ERT_PROCS_THREADS': ['1-8'], 'ERT_LDFLAGS': [], 'ERT_LDLIBS': [], 'ERT_RUN': ['export', 'OMP_NUM_THREADS=ERT_OPENMP_THREADS;', 'mpirun', '-np', 'ERT_MPI_PROCS', 'ERT_CODE'], 'ERT_FLOPS': ['1,2,4,8,16'], 'ERT_OPENMP_CFLAGS': ['-fopenmp'], 'ERT_MPI': ['True'], 'ERT_TRIALS_MIN': ['1'], 'ERT_DRIVER': ['driver1'], 'ERT_RESULTS': ['Results.p100.01'], 'ERT_OPENMP': ['True'], 'ERT_MPI_PROCS': ['1,2,4,8'], 'ERT_KERNEL': ['kernel1'], 'ERT_GPU': [False], 'ERT_OPENMP_THREADS': ['1,2,4,8'], 'ERT_LD': ['gcc'], 'ERT_NUM_EXPERIMENTS': ['3'], 'ERT_OPENMP_LDFLAGS': ['-fopenmp'], 'ERT_ALIGN': ['32'], 'ERT_GNUPLOT': ['gnuplot']}
TIMESTAMP_DATA  1560424380.14
TIMESTAMP_DATA  1560424373.65
OPENMP_THREADS 1
MPI_PROCS      8
TIMESTAMP_DATA  1560424376.83
UNAME  ('Linux', 'kcadmin-UniServer-R5200-G3', '4.4.0-141-generic', '#167-Ubuntu SMP Wed Dec 5 10:40:15 UTC 2018', 'x86_64', 'x86_64')
