1024 1048576 570796.013 571147.919 571243.048 3.75931690638 3.75994304901 3.76226112147 1.87965845319 1.8799715245 1.88113056074
1120 524288 285984.039 286123.037 286155.939 4.10407389797 4.10454583564 4.10654078496 2.05203694899 2.05227291782 2.05327039248
1232 524288 286718.13 286761.045 286945.82 4.50205419267 4.50495509946 4.50562938591 2.25102709633 2.25247754973 2.25281469295
1352 524288 282828.093 282895.088 283097.029 5.00773447538 5.01130918187 5.01249623742 2.50386723769 2.50565459093 2.50624811871
1480 524288 283462.048 283538.103 283600.807 5.4721017772 5.47331192379 5.47478045456 2.7360508886 2.7366559619 2.73739022728
1624 524288 283307.076 283385.992 283439.159 6.00794692592 6.00907409707 6.01074794193 3.00397346296 3.00453704854 3.00537397096
1784 524288 283723.116 283807.039 283824.921 6.59089264399 6.59130792031 6.59325757581 3.295446322 3.29565396015 3.29662878791
1960 524288 280854.94 280964.851 281044.006 7.31276567414 7.31482586767 7.3176884836 3.65638283707 3.65741293383 3.6588442418
2152 262144 145612.955 145651.102 145674.944 7.7451052667 7.74637308271 7.74840244125 3.87255263335 3.87318654136 3.87420122063
2360 262144 146450.996 146469.831 146491.051 8.44638407298 8.44760775344 8.44869419666 4.22319203649 4.22380387672 4.22434709833
2592 262144 147547.007 147610.903 147682.905 9.20184022653 9.20632872221 9.21031557082 4.60092011327 4.6031643611 4.60515778541
2848 262144 144707.918 144757.032 144788.027 10.3128156032 10.3150237565 10.318524685 5.15640780159 5.15751187825 5.15926234251
3128 262144 145535.231 145549.059 145575.047 11.2654805737 11.267492042 11.2685626204 5.63274028687 5.63374602099 5.63428131021
3440 262144 143634.081 143694.878 143738.031 12.5474845276 12.5512526619 12.5565653182 6.2737422638 6.27562633095 6.27828265911
3784 262144 144119.978 144149.065 144209.862 13.7570743393 13.7628765889 13.7656542801 6.87853716967 6.88143829445 6.88282714004
4160 131072 72524.071 72545.052 72558.165 15.0295840585 15.0323007557 15.036649556 7.51479202926 7.51615037784 7.51832477799
4576 131072 73983.908 74012.995 74022.055 16.2055882399 16.2075719811 16.2139440377 8.10279411994 8.10378599055 8.10697201883
5032 131072 72785.139 72857.857 72999.001 18.0702282213 18.1052347999 18.1233233339 9.03511411067 9.05261739993 9.06166166695
5528 131072 72060.823 72074.89 72134.018 20.0894400753 20.1059208276 20.1098457063 10.0447200376 10.0529604138 10.0549228532
6080 131072 71473.837 71500.063 71562.052 22.2720768264 22.2913862328 22.2995656439 11.1360384132 11.1456931164 11.1497828219
6688 131072 72347.164 72412.014 72463.036 24.1946676372 24.2117153654 24.2334180784 12.0973338186 12.1058576827 12.1167090392
7352 131072 71513.891 71532.965 71589.947 26.9211358405 26.9425807808 26.9497668362 13.4605679202 13.4712903904 13.4748834181
8080 131072 71438.074 71514.845 71615.219 29.5764440796 29.6179558244 29.6497847912 14.7882220398 14.8089779122 14.8248923956
8888 65536 36026.955 36054.85 36092.043 32.2776944492 32.3109910595 32.3360088578 16.1388472246 16.1554955297 16.1680044289
9776 65536 35959.959 35990.0 36000.013 35.5933169246 35.603219561 35.6329625404 17.7966584623 17.8016097805 17.8164812702
10752 65536 36568.88 36612.034 36641.121 38.4618730415 38.4924296749 38.5378536067 19.2309365207 19.2462148374 19.2689268033
11824 65536 36333.799 36385.059 36393.166 42.5847899026 42.5942782723 42.6543706041 21.2923949513 21.2971391361 21.327185302
13000 65536 35905.838 35932.064 35965.919 47.3764065364 47.4210443352 47.4556811625 23.6882032682 23.7105221676 23.7278405812
14296 65536 35937.071 35959.959 35978.079 52.0818610688 52.1081047951 52.1412919823 26.0409305344 26.0540523976 26.0706459912
15720 65536 35917.997 35941.124 35969.973 57.282551755 57.3285309608 57.365443847 28.6412758775 28.6642654804 28.6827219235
17288 32768 18372.059 18420.935 18458.843 61.3790565313 61.5053670186 61.668992463 30.6895282657 30.7526835093 30.8344962315
19016 32768 18111.944 18115.997 18146.992 68.6743332449 68.7918294533 68.8072233439 34.3371666224 34.3959147266 34.4036116719
20912 32768 18472.195 18493.891 18508.911 74.0448118206 74.104948061 74.1919859551 37.0224059103 37.0524740305 37.0959929776
23000 32768 18638.849 18697.023 18708.944 80.5672409945 80.6186097113 80.8702297014 40.2836204972 40.3093048556 40.4351148507
25296 32768 18007.04 18011.093 18018.961 92.0030103845 92.0432011539 92.063918112 46.0015051922 46.0216005769 46.031959056
27824 32768 18252.134 18275.976 18316.031 99.5561573356 99.7743520784 99.9046831455 49.7780786678 49.8871760392 49.9523415728
30600 32768 18013.954 18024.206 18035.889 111.189506655 111.261577903 111.324898465 55.5947533277 55.6307889513 55.6624492324
33656 16384 9010.792 9012.938 9032.965 122.090565833 122.361854481 122.390996041 61.0452829165 61.1809272404 61.1954980206
37016 16384 9012.938 9025.812 9033.918 134.265142544 134.385724852 134.577680219 67.132571272 67.1928624261 67.2888401096
40712 16384 9011.984 9013.891 9027.958 147.768832775 147.999439532 148.030757267 73.8844163874 73.9997197659 74.0153786336
44776 16384 9012.938 9034.872 9038.925 162.322396524 162.395213568 162.790420615 81.161198262 81.197606784 81.3952103077
49248 16384 9014.13 9025.097 9034.157 178.628560916 178.807880292 179.025426081 89.314280458 89.403940146 89.5127130405
54168 16384 9016.037 9016.991 9034.872 196.458458294 196.848042102 196.86887088 98.2292291468 98.4240210509 98.4344354399
59584 16384 9214.878 9222.984 9230.137 211.529743491 211.693798016 211.880017511 105.764871746 105.846899008 105.940008755
65536 16384 9219.17 9227.991 9241.819 232.365906322 232.714102994 232.936766325 116.182953161 116.357051497 116.468383162
72088 8192 4651.785 4652.023 4653.215 253.82231253 253.887350084 253.900339762 126.911156265 126.943675042 126.950169881
79296 8192 4616.976 4627.943 4634.142 280.350853297 280.726375411 281.393202824 140.175426649 140.363187706 140.696601412
87224 8192 4613.876 4623.89 4646.063 307.589030971 309.064016661 309.734812119 153.794515485 154.532008331 154.867406059
95944 8192 4627.943 4636.049 4640.818 338.721858086 339.070293692 339.664186875 169.360929043 169.535146846 169.832093438
105536 8192 4621.029 4631.996 4637.003 372.892108114 373.295189374 374.181123728 186.446054057 186.647594687 187.090561864
116088 8192 4621.029 4630.089 4642.963 409.649138277 410.788171027 411.593563252 204.824569138 205.394085513 205.796781626
127696 8192 4613.161 4630.089 4633.188 451.561918921 451.864157255 453.522273339 225.78095946 225.932078627 226.76113667
140464 4096 2294.064 2296.925 2318.859 496.227277295 500.965894838 501.5906653 248.113638647 250.482947419 250.79533265
154504 4096 2300.978 2312.183 2314.091 546.952029112 547.403370754 550.069043685 273.476014556 273.701685377 275.034521842
169952 4096 2300.978 2305.031 2328.157 598.003821907 604.003496699 605.067403513 299.001910954 302.00174835 302.533701756
186944 4096 2300.978 2302.885 2318.144 660.634217719 665.01160414 665.562751143 330.31710886 332.50580207 332.781375572
205632 4096 2290.964 2293.11 2305.031 730.808975671 734.608171435 735.296296232 365.404487836 367.304085718 367.648148116
226192 4096 2301.931 2306.938 2311.945 801.474457221 803.213984945 804.961080067 400.737228611 401.606992472 402.480540034
248808 4096 2320.051 2321.959 2324.82 876.728149276 877.808409192 878.530315066 438.364074638 438.904204596 439.265157533
273688 2048 1165.152 1189.947 1190.901 941.325977558 942.080654012 962.128587515 470.662988779 471.040327006 481.064293757
301056 2048 1194.954 1204.014 1209.974 1019.13377973 1024.17860257 1031.94380369 509.566889867 512.089301287 515.971901847
331160 2048 1209.021 1210.928 1223.087 1109.02279233 1120.15855608 1121.92539253 554.511396164 560.079278041 560.962696264
364272 2048 1300.097 1305.819 1310.825 1138.25881563 1142.62245533 1147.65137678 569.129407816 571.311227666 573.825688391
400696 2048 1305.819 1314.878 1317.024 1246.18140292 1248.21528385 1256.87466333 623.09070146 624.107641926 628.437331667
440760 2048 1366.138 1373.053 1379.013 1309.16311884 1314.84579255 1321.50116606 654.58155942 657.422896276 660.75058303
484832 2048 1487.97 1488.924 1492.023 1330.99280105 1333.76308797 1334.61821945 665.496400525 666.881543987 667.309109727
533312 1024 759.84 765.085 773.191 1412.6172912 1427.58383186 1437.43811329 706.3086456 713.791915931 718.719056644
586640 1024 825.882 828.028 830.889 1445.96777668 1450.96388045 1454.73411456 722.983888341 725.481940224 727.367057279
645304 1024 842.81 844.955 850.916 1553.12932416 1564.086362 1568.06705189 776.564662082 782.043180998 784.033525943
709832 1024 918.865 921.965 924.11 1573.12001385 1576.77996019 1582.0995859 786.560006926 788.389980097 791.049792951
780808 1024 953.913 955.82 959.873 1665.94412386 1673.00829026 1676.35285817 832.972061929 836.504145132 838.176429087
858888 1024 1059.055 1060.963 1060.963 1657.93022377 1657.93022377 1660.91716105 828.965111884 828.965111884 830.458580527
944776 1024 1358.986 1363.993 1365.9 1416.5760656 1418.55658204 1423.78306178 708.288032799 709.278291018 711.891530891
1039248 1024 1384.974 1385.927 1386.881 1534.6521468 1535.70852144 1536.7652418 767.326073398 767.854260722 768.382620901
1143168 512 710.011 710.964 711.918 1644.2961577 1646.50254021 1648.71252981 822.148078852 823.251270107 824.356264903
1257480 512 748.873 750.065 751.019 1714.54985826 1716.73057668 1719.46313994 857.27492913 858.365288342 859.731569972
1383224 512 859.976 859.976 861.168 1644.76777586 1647.04756412 1647.04756412 822.383887929 823.523782059 823.523782059
1521544 512 929.832 934.124 936.031 1664.5400163 1667.93814954 1675.63716456 832.270008151 833.96907477 837.818582282
1673696 512 1013.041 1013.041 1014.233 1689.81358721 1691.80191522 1691.80191522 844.906793607 845.900957612 845.900957612
1841064 512 1214.027 1217.842 1219.034 1546.51103743 1548.02473227 1552.88929818 773.255518714 774.012366136 776.444649089
2025168 512 1237.869 1239.061 1240.015 1672.37656964 1673.66419571 1675.2758426 836.188284819 836.832097855 837.637921299
2227680 256 670.91 670.91 671.864 1697.62356667 1700.0375013 1700.0375013 848.811783337 850.018750652 850.018750652
2450448 256 737.906 738.859 739.813 1695.87365456 1698.06333279 1700.2563687 847.936827279 849.031666394 850.128184349
2695488 256 808.001 809.193 811.1 1701.50395266 1705.51383415 1708.0298861 850.751976328 852.756917077 854.014943051
2965032 256 894.07 895.977 896.931 1692.54533961 1694.3474933 1697.96143926 846.272669804 847.173746648 848.98071963
3261528 256 974.894 975.132 976.086 1710.81476017 1712.48850002 1712.9065683 855.407380087 856.244250009 856.453284152
3587680 256 1374.96 1379.967 1381.874 1329.27615687 1331.11310633 1335.96043521 664.638078436 665.556553164 667.980217606
3946448 256 1603.842 1605.988 1608.133 1256.47653272 1258.15471598 1259.83817359 628.238266362 629.077357988 629.919086793
4341088 128 1272.917 1275.063 1276.97 870.277710518 871.57930863 873.048696812 435.138855259 435.789654315 436.524348406
4775192 128 1849.89 1858.95 1862.049 656.507509738 657.601953791 660.822617561 328.253754869 328.800976896 330.411308781
5252704 128 2187.967 2202.034 2204.18 610.064615413 610.659156035 614.585240088 305.032307706 305.329578017 307.292620044
5777968 128 2572.06 2577.066 2588.034 571.538012252 573.970479607 575.087598268 285.769006126 286.985239804 287.543799134
6355760 128 2965.927 2968.073 2974.987 546.918208382 548.192231121 548.58887626 273.459104191 274.096115561 274.29443813
6991336 128 3237.963 3238.916 3252.983 550.19716242 552.586734574 552.749372368 275.09858121 276.293367287 276.374686184
7690464 128 3632.069 3638.029 3639.936 540.877307733 541.16082747 542.04883883 270.438653866 270.580413735 271.024419415
8459504 64 2032.042 2035.141 2038.002 531.312781832 532.059701023 532.871127664 265.656390916 266.029850512 266.435563832
9305448 64 2249.002 2252.102 2256.87 527.765154395 528.882503546 529.611509461 263.882577198 264.441251773 264.80575473
10235992 64 2480.03 2482.891 2486.944 526.834128955 527.694117865 528.302873756 263.417064478 263.847058933 264.151436878
11259584 64 2722.979 2726.078 2727.032 528.496457687 528.681406768 529.283094728 264.248228844 264.340703384 264.641547364
12385536 64 3008.127 3015.041 3019.094 525.107402419 525.813283468 527.021833852 262.55370121 262.906641734 263.510916926
13624088 64 3326.178 3327.847 3331.184 523.502533634 524.027476023 524.290421018 261.751266817 262.013738011 262.145210509
14986496 64 3659.01 3660.917 3661.871 523.85009958 523.986609912 524.259700848 261.92504979 261.993304956 262.129850424
16485144 64 4033.089 4034.996 4040.956 522.17802718 522.949324361 523.196594967 261.08901359 261.474662181 261.598297484
18133656 32 2225.876 2230.883 2233.982 519.500149956 520.221806343 521.392020041 259.750074978 260.110903172 260.69601002
19947016 32 2449.989 2450.943 2455.95 519.802530182 520.8644281 521.067247241 259.901265091 260.43221405 260.53362362
21941712 32 2690.792 2699.137 2701.044 519.898812459 520.266132471 521.879642871 259.94940623 260.133066236 260.939821435
24135880 32 2976.894 2980.947 2984.047 517.651471307 518.189796732 518.895304972 258.825735654 259.094898366 259.447652486
26549464 32 3264.904 3277.063 3283.978 517.410803605 518.502603093 520.433585796 258.705401802 259.251301547 260.216792898
29204408 32 3613.949 3622.055 3627.062 515.315732678 516.028086818 517.185525308 257.657866339 258.014043409 258.592762654
32124848 32 3954.887 3959.894 3967.047 518.267182617 519.203360494 519.860686791 259.133591309 259.601680247 259.930343395
35337328 16 2177.0 2183.914 2192.974 515.6442785 517.783436527 519.42788057 257.82213925 258.891718264 259.713940285
38871056 16 2405.882 2415.18 2418.995 514.210981007 515.02322477 517.013632423 257.105490503 257.511612385 258.506816211
42758160 16 2638.102 2643.108 2657.89 514.792229927 517.671286985 518.653607783 257.396114963 258.835643492 259.326803892
47033976 16 2907.991 2911.091 2920.151 515.414179609 517.018269783 517.569425765 257.707089805 258.509134891 258.784712883
51737368 16 3199.1 3210.068 3213.882 515.138942873 515.750998421 517.519232284 257.569471437 257.875499211 258.759616142
56911104 16 3517.151 3526.926 3536.94 514.895736993 516.357680314 517.792761243 257.447868496 258.178840157 258.896380622
62602208 16 3883.123 3902.912 3910.78 512.243249684 513.275896561 515.891630525 256.121624842 256.637948281 257.945815263
68862424 8 2119.064 2122.879 2128.124 517.732417848 519.011580029 519.945968597 258.866208924 259.505790014 259.972984299
75748664 8 2341.032 2346.992 2362.967 512.905437952 516.396572293 517.711258966 256.452718976 258.198286147 258.855629483
83323528 8 2572.06 2577.066 2578.974 516.940631429 517.323362304 518.330228688 258.470315715 258.661681152 259.165114344
91655880 8 2833.128 2840.042 2849.102 514.721508742 516.363518568 517.623658373 257.360754371 258.181759284 258.811829187
100821464 8 3111.124 3118.038 3121.853 516.726259693 517.358487613 518.50823818 258.363129846 258.679243807 259.25411909
110903608 8 3422.976 3433.943 3442.049 515.523668606 516.74058888 518.396193254 257.761834303 258.37029444 259.198096627
121993968 8 3772.02 3783.941 3787.041 515.416518596 515.838774442 517.469018722 257.708259298 257.919387221 258.734509361
134193360 8 4154.205 4165.888 4175.186 514.251044145 515.398820132 516.848292273 257.125522073 257.699410066 258.424146136
147612696 4 2281.189 2287.149 2290.964 515.460551977 516.320348171 517.669324199 257.730275989 258.160174086 258.834662099
162373960 4 2503.157 2515.078 2519.131 515.650706533 516.481667765 518.94135286 257.825353267 258.240833883 259.47067643
178611352 4 2755.88 2763.987 2774.954 514.924145049 516.96727083 518.488038666 257.462072524 258.483635415 259.244019333
196472480 4 3038.168 3050.089 3057.957 513.996710876 515.322615176 517.344610305 256.998355438 257.661307588 258.672305152
216119728 4 3348.112 3350.973 3358.841 514.748338489 515.956954592 516.397845711 257.374169245 257.978477296 258.198922856
237731696 4 3681.898 3692.15 3700.972 513.879480309 515.107340709 516.541622826 256.939740155 257.553670355 258.270811413
261504864 4 4054.07 4055.977 4075.05 513.377482976 515.791611244 516.034235225 256.688741488 257.895805622 258.017117613
287655344 2 2223.015 2228.975 2238.035 514.121260838 516.210983075 517.594967195 257.060630419 258.105491538 258.797483598
316420872 2 2440.929 2444.983 2453.089 515.954980843 517.665557593 518.525318844 257.977490421 258.832778796 259.262659422
348062952 2 2689.838 2694.845 2708.912 513.952394172 516.635208333 517.596899144 256.976197086 258.317604166 258.798449572
382869240 2 2964.973 2975.941 3001.928 510.164454311 514.619396016 516.523071205 255.082227155 257.309698008 258.261535603
421156160 2 3254.175 3263.95 3272.057 514.851862299 516.130651511 517.681022072 257.42593115 258.065325756 258.840511036
463271776 2 3582.954 3589.153 3606.081 513.878391528 516.302064582 517.195337702 256.939195764 258.151032291 258.597668851
509598952 2 3947.973 3952.98 3968.0 513.708620968 515.660541667 516.314525961 256.854310484 257.830270834 258.15726298
560558840 1 2163.887 2172.947 2175.093 515.434365335 515.943407732 518.103616316 257.717182668 257.971703866 259.051808158
616614720 1 2374.172 2384.901 2387.047 516.633916299 517.098797812 519.435592703 258.31695815 258.549398906 259.717796352
678276192 1 2616.167 2629.042 2641.916 513.472943122 515.987338354 518.526678152 256.736471561 257.993669177 259.263339076
746103808 1 2885.103 2897.024 2902.031 514.194237071 515.082932002 517.21121083 257.097118535 257.541466001 258.605605415
820714184 1 3170.967 3177.881 3185.034 515.356623509 516.516624757 517.642841442 257.678311754 258.258312379 258.821420721
902785600 1 3499.985 3499.985 3514.051 513.814739741 515.879696627 515.879696627 256.90736987 257.939848314 257.939848314
993064160 1 3844.976 3869.057 3877.163 512.263301801 513.336536526 516.551551947 256.1316509 256.668268263 258.275775974

META_DATA
ERT_VERSION  1.1.0
TIMESTAMP_DATA  1560475468.53
FLOPS          8
HOSTNAME  ce1
UNAME  ('Linux', 'ce1', '3.10.0-514.el7.x86_64', '#1 SMP Tue Nov 22 16:42:41 UTC 2016', 'x86_64', 'x86_64')
CONFIG  {'ERT_WORKING_SET_MIN': ['128'], 'ERT_CFLAGS': ['-O3'], 'ERT_CC': ['nvcc'], 'ERT_BLOCKS_THREADS': ['114688'], 'ERT_GPU_THREADS': ['64,128,256,512,1024'], 'ERT_GPU_LDFLAGS': [], 'ERT_MEMORY_MAX': ['1073741824'], 'ERT_LDFLAGS': [], 'ERT_LDLIBS': [], 'ERT_RUN': ['./ERT_CODE'], 'ERT_FLOPS': ['1,2,4,8,16,32,64,128,256,512,1024'], 'ERT_MPI': [False], 'ERT_TRIALS_MIN': ['1'], 'ERT_DRIVER': ['driver1'], 'ERT_RESULTS': ['Results.summitdev.ornl.gov.01'], 'ERT_GPU': ['True'], 'ERT_GPU_CFLAGS': ['-x', 'cu'], 'ERT_KERNEL': ['kernel1'], 'ERT_OPENMP': [False], 'ERT_LD': ['nvcc'], 'ERT_NUM_EXPERIMENTS': ['5'], 'ERT_ALIGN': ['32'], 'ERT_GNUPLOT': ['gnuplot'], 'ERT_GPU_BLOCKS': ['56,112,448,896,1792']}
TIMESTAMP_DATA  1560475448.81
GPU_THREADS    256
TIMESTAMP_DATA  1560475488.23
TIMESTAMP_DATA  1560475508.0
TIMESTAMP_DATA  1560475429.03
GPU_BLOCKS     448
