16 67108864 815179.053 818458.55 837741.482 2.56342045147 2.6238147894 2.63437049823 2.56342045147 2.6238147894 2.63437049823
32 33554432 407094.458 408095.44 428126.684 5.01600046962 5.26220936946 5.27514832442 5.01600046962 5.26220936946 5.27514832442
48 16777216 203883.751 204366.514 208413.261 7.72797627306 7.88100117028 7.89966207753 7.72797627306 7.88100117028 7.89966207753
64 16777216 202560.084 202633.822 203135.983 10.5716555791 10.5978539358 10.6017118753 10.5716555791 10.5978539358 10.6017118753
80 8388608 104238.483 105045.64 118778.961 11.2997896993 12.7770869881 12.8760246827 11.2997896993 12.7770869881 12.8760246827
96 8388608 105325.006 106362.894 113244.04 14.2224944995 15.1426185903 15.2918361666 14.2224944995 15.1426185903 15.2918361666
112 8388608 110360.182 113741.882 117010.511 16.0587982733 16.5202839883 17.0265050125 16.0587982733 16.5202839883 17.0265050125
128 8388608 120550.871 126279.021 127966.712 16.7815802597 17.0058623435 17.8139206311 16.7815802597 17.0058623435 17.8139206311
144 4194304 60158.702 60274.576 68489.195 17.637228062 20.0409464846 20.0795481259 17.637228062 20.0409464846 20.0795481259
160 4194304 64067.369 65669.478 65992.961 20.3381884926 20.4383729074 20.9494677392 20.3381884926 20.4383729074 20.9494677392
176 4194304 71346.427 71927.979 73455.99 20.0990417255 20.5260182272 20.6933278943 20.0990417255 20.5260182272 20.6933278943
192 4194304 77622.035 78665.382 79726.32 20.2017694533 20.4742250664 20.7494268348 20.2017694533 20.4742250664 20.7494268348
208 4194304 83958.209 84946.905 85398.271 20.4316837281 20.5402476288 20.7821305955 20.4316837281 20.5402476288 20.7821305955
224 4194304 77803.235 78549.53 85820.761 21.8950306442 23.9218260377 24.1512861515 21.8950306442 23.9218260377 24.1512861515
240 4194304 92953.899 94332.541 104067.249 19.3458166651 21.3422208143 21.6587571007 19.3458166651 21.3422208143 21.6587571007
256 4194304 99656.69 99852.797 100471.171 21.3741277884 21.5064946854 21.5488157192 21.3741277884 21.5064946854 21.5488157192
272 2097152 53432.47 53481.136 56418.33 20.2212771629 21.3318334898 21.3512624065 20.2212771629 21.3318334898 21.3512624065
288 2097152 55238.904 55272.539 56145.549 21.5147874322 21.8546058107 21.8679130926 21.5147874322 21.8546058107 21.8679130926
304 2097152 56901.318 57400.316 59425.189 21.4566993805 22.2136131794 22.4084161987 21.4566993805 22.2136131794 22.4084161987
320 2097152 57178.007 57647.232 58409.981 22.9785604621 23.2825971592 23.4736632216 22.9785604621 23.2825971592 23.4736632216
352 2097152 46469.283 46681.956 53044.495 27.8331428737 31.6266740837 31.7714178633 27.8331428737 31.6266740837 31.7714178633
384 2097152 54928.113 58934.722 60072.266 26.8112532329 27.3287576719 29.3221930999 26.8112532329 27.3287576719 29.3221930999
416 2097152 62175.516 65856.739 72232.521 24.1557464677 26.4943343763 28.0629832489 24.1557464677 26.4943343763 28.0629832489
448 2097152 64716.557 68465.935 68509.224 27.4276671416 27.44500885 29.0350457303 27.4276671416 27.44500885 29.0350457303
480 2097152 49768.667 50580.633 53200.016 37.8433329794 39.8030985496 40.4524782631 37.8433329794 39.8030985496 40.4524782631
528 1048576 34267.13 34267.825 34551.477 32.0477256587 32.3130007813 32.313656148 32.0477256587 32.3130007813 32.313656148
576 1048576 36661.074 37036.222 37511.708 32.2022007636 32.6156256435 32.9493770968 32.2022007636 32.6156256435 32.9493770968
624 1048576 30298.581 30431.25 30515.186 42.8843149768 43.002599236 43.1908955736 42.8843149768 43.002599236 43.1908955736
672 1048576 35447.558 35837.138 37648.32 37.4329091975 39.3247402736 39.7569317469 37.4329091975 39.3247402736 39.7569317469
736 1048576 30781.638 30829.929 35342.305 43.6729826196 50.0651127675 50.1436561628 43.6729826196 50.0651127675 50.1436561628
800 1048576 39193.487 39260.003 44977.242 37.301566868 42.7336085532 42.8061325597 37.301566868 42.7336085532 42.8061325597
880 1048576 38297.544 39577.543 54933.809 33.5948625008 46.6298213611 48.1883057566 33.5948625008 46.6298213611 48.1883057566
960 1048576 48184.233 48632.392 51609.805 39.0093688593 41.3976330837 41.7826702772 39.0093688593 41.3976330837 41.7826702772
1056 524288 24304.532 24600.491 24981.498 44.32465403 45.0111445337 45.5592502666 44.32465403 45.0111445337 45.5592502666
1152 524288 24141.797 24422.091 25436.239 47.4897075782 49.4617578814 50.0360247417 47.4897075782 49.4617578814 50.0360247417
1264 524288 24364.68 24422.005 24922.807 53.1802081523 54.2707310067 54.3984186946 53.1802081523 54.2707310067 54.3984186946
1376 524288 24365.732 24422.629 24800.228 58.1785206168 59.0780204703 59.2159749602 58.1785206168 59.0780204703 59.2159749602
1504 524288 25481.428 25787.547 26377.61 59.7877633341 61.1558091974 61.8904993865 59.7877633341 61.1558091974 61.8904993865
1648 524288 27948.212 28168.795 28440.878 60.7594901958 61.3463674254 61.8305474425 60.7594901958 61.3463674254 61.8305474425
1808 524288 32592.009 33038.086 33598.596 56.4257330277 57.3830278183 58.1684120178 56.4257330277 57.3830278183 58.1684120178
1984 524288 36581.411 36687.264 40577.151 51.2696119055 56.7056399736 56.8697250087 51.2696119055 56.7056399736 56.8697250087
2176 262144 18235.27 18507.036 18633.796 61.2248136665 61.6441599833 62.5628624089 61.2248136665 61.6441599833 62.5628624089
2384 262144 21291.555 21297.044 21749.451 57.4682364166 58.6890176871 58.7041478182 57.4682364166 58.6890176871 58.7041478182
2608 262144 21239.585 21267.336 22038.72 62.0427640081 64.2931067624 64.3771101931 62.0427640081 64.2931067624 64.3771101931
2864 262144 23117.999 24115.916 26236.239 57.232320227 62.2643084343 64.9520242647 57.232320227 62.2643084343 64.9520242647
3136 262144 26553.798 28741.307 31974.064 51.4219014511 57.2057202548 61.9183428299 51.4219014511 57.2057202548 61.9183428299
3440 262144 24644.828 29323.838 35536.999 50.7513512888 61.5045929527 73.1817126092 50.7513512888 61.5045929527 73.1817126092
3776 262144 29043.673 29584.922 38630.273 51.2476701368 66.9162314506 68.1632618574 51.2476701368 66.9162314506 68.1632618574
4144 131072 15082.89 15328.17 17725.706 61.2852732636 70.8711304742 72.0236463967 61.2852732636 70.8711304742 72.0236463967
4544 131072 16608.568 17735.756 19809.598 60.1315754111 67.1627606965 71.7209536668 60.1315754111 67.1627606965 71.7209536668
4992 131072 17299.936 17358.644 20968.355 62.4094187646 75.3873890149 75.6432190269 62.4094187646 75.3873890149 75.6432190269
5488 131072 18018.652 18480.606 21163.793 67.9767691926 77.8462714913 79.8420587733 67.9767691926 77.8462714913 79.8420587733
6032 131072 20205.247 20449.279 20472.593 77.2375344931 77.3255921639 78.2595039793 77.2375344931 77.3255921639 78.2595039793
6624 131072 20938.106 21396.303 21772.775 79.7528958068 81.1561630998 82.9321360776 79.7528958068 81.1561630998 82.9321360776
7280 131072 23348.256 23411.306 23611.9 80.824004845 81.5165253916 81.7366539068 80.824004845 81.5165253916 81.7366539068
8000 131072 26783.989 26861.643 27043.574 77.54714669 78.0723651193 78.2987179393 77.54714669 78.0723651193 78.2987179393
8800 65536 13666.357 13937.345 14269.641 80.831297718 82.7584880765 84.3994928568 80.831297718 82.7584880765 84.3994928568
9680 65536 16185.637 18974.004 19046.844 66.6135009034 66.8692259156 78.3890655647 66.6135009034 66.8692259156 78.3890655647
10640 65536 17195.156 19970.505 20282.871 68.7578242745 69.8332906454 81.1045901532 68.7578242745 69.8332906454 81.1045901532
11696 65536 18826.952 19080.184 22247.079 68.9087368279 80.3460863899 81.4267817754 68.9087368279 80.3460863899 81.4267817754
12864 65536 20616.29 21031.577 24379.777 69.1601981429 80.1704127085 81.7853361589 69.1601981429 80.1704127085 81.7853361589
14144 65536 21965.437 22189.807 26606.691 69.6772991425 83.5465746953 84.3999765632 69.6772991425 83.5465746953 84.3999765632
15552 65536 24238.361 24296.088 29088.828 70.0761042693 83.8995867977 84.0994052362 70.0761042693 83.8995867977 84.0994052362
17104 32768 13532.769 13703.189 16025.861 69.9449311335 81.8005023502 82.8306271983 69.9449311335 81.8005023502 82.8306271983
18800 32768 14369.935 14536.053 16942.448 72.7212974182 84.7600651979 85.7399007024 72.7212974182 84.7600651979 85.7399007024
20672 32768 15983.627 16244.87 16252.325 83.3579313729 83.3961855035 84.7592471971 83.3579313729 83.3961855035 84.7592471971
22736 32768 17526.651 17691.052 18002.23 82.7689956189 84.2248666727 85.0149007931 82.7689956189 84.2248666727 85.0149007931
25008 32768 18993.397 19160.311 19198.485 85.3673760195 85.5374575079 86.2891608068 85.3673760195 85.5374575079 86.2891608068
27504 32768 20253.819 20907.518 21393.978 84.2527810396 86.2131097532 88.9956676319 84.2527810396 86.2131097532 88.9956676319
30240 32768 22613.645 22860.974 22944.801 86.3728842102 86.6895977398 87.6377355353 86.3728842102 86.6895977398 87.6377355353
33264 16384 12284.784 12298.888 13163.715 82.8029740844 88.6254718313 88.7272215775 82.8029740844 88.6254718313 88.7272215775
36576 16384 13405.097 13913.85 16201.564 73.9757203687 86.1388018413 89.4079593755 73.9757203687 86.1388018413 89.4079593755
40224 16384 14819.869 15311.459 20131.004 65.4741329345 86.0832420999 88.938710052 65.4741329345 86.0832420999 88.938710052
44240 16384 16835.426 16883.493 21200.406 68.3787055776 85.8623461389 86.1074926171 68.3787055776 85.8623461389 86.1074926171
48656 16384 18322.349 18672.551 23768.43 67.0788860686 85.3852164067 87.017216406 67.0788860686 85.3852164067 87.017216406
53520 16384 19560.837 20026.551 25871.936 67.7855480162 87.5709132341 89.6558444815 67.7855480162 87.5709132341 89.6558444815
58864 16384 21844.973 22224.33 26044.859 74.058974633 86.7902677831 88.2974564446 74.058974633 86.7902677831 88.2974564446
64736 16384 23962.279 24020.146 24515.994 86.5259327442 88.3120880281 88.5253547044 86.5259327442 88.3120880281 88.5253547044
71200 8192 13004.428 13432.868 13498.778 86.4182520818 86.8422737423 89.7033533501 86.4182520818 86.8422737423 89.7033533501
78320 8192 14217.082 14499.087 15013.343 85.4702966554 88.5017711805 90.2572609485 85.4702966554 88.5017711805 90.2572609485
86144 8192 15627.6 16001.33 19263.757 73.266253099 88.2041240322 90.3135027771 73.266253099 88.2041240322 90.3135027771
94752 8192 17663.016 18309.931 20811.06 74.5957566794 84.7855061824 87.8908091347 74.5957566794 84.7855061824 87.8908091347
104224 8192 19280.512 19633.444 22834.251 74.7826594356 86.9743492787 88.566424792 74.7826594356 86.9743492787 88.566424792
114640 8192 21206.808 21513.076 25095.138 74.8456438056 87.3079126388 88.5688105442 74.8456438056 87.3079126388 88.5688105442
126096 8192 23155.769 23507.469 28240.752 73.1551647067 87.8851255318 89.2199634571 73.1551647067 87.8851255318 89.2199634571
138704 4096 12623.784 13201.373 15278.126 74.3718940399 86.0715902808 90.0097124602 74.3718940399 86.0715902808 90.0097124602
152560 4096 14136.206 14456.753 16693.114 74.8674884746 86.4489778583 88.4092605894 74.8674884746 86.4489778583 88.4092605894
167808 4096 15622.936 15669.584 18371.706 74.8261013974 87.7293957517 87.9913440086 74.8261013974 87.7293957517 87.9913440086
184576 4096 17334.112 19388.748 21515.006 70.2786972032 77.9857777305 87.2295386115 70.2786972032 77.9857777305 87.2295386115
203024 4096 18827.014 19082.25 25506.752 65.2051899042 87.1580976038 88.3396914667 65.2051899042 87.1580976038 88.3396914667
223312 4096 20101.476 20867.244 26516.471 68.9900214851 87.6671545126 91.0068446715 68.9900214851 87.6671545126 91.0068446715
245632 4096 22274.823 22709.539 29266.616 68.7546979808 88.6067015275 90.3359521196 68.7546979808 88.6067015275 90.3359521196
270192 2048 12202.477 12440.16 16506.848 67.0452912634 88.962395339 90.6952278623 67.0452912634 88.962395339 90.6952278623
297200 2048 13398.206 13934.406 17259.995 70.5290586701 87.3615423578 90.8577760336 70.5290586701 87.3615423578 90.8577760336
326912 2048 14721.161 14742.4 18022.378 74.2982725143 90.8285999566 90.9596431966 74.2982725143 90.8285999566 90.9596431966
359600 2048 16174.122 16594.629 16915.473 87.0754013204 88.7589351952 91.0665568122 87.0754013204 88.7589351952 91.0665568122
395552 2048 17765.42 18273.505 21522.718 75.2777131587 88.6628477678 91.1985752096 75.2777131587 88.6628477678 91.1985752096
435104 2048 19987.378 20028.911 23445.557 76.0138044065 88.9806731879 89.1655715922 76.0138044065 88.9806731879 89.1655715922
478608 2048 21913.621 22119.18 22220.294 88.2246818156 88.6279856667 89.4593535226 88.2246818156 88.6279856667 89.4593535226
526464 1024 11887.135 12223.589 12344.326 87.34363237 88.2063583781 90.7029550855 87.34363237 88.2063583781 90.7029550855
579104 1024 13045.858 13049.109 13396.034 88.5340386565 90.8878140262 90.9104630757 88.5340386565 90.8878140262 90.9104630757
637008 1024 14539.596 14602.128 14998.231 86.983083805 89.3426207468 89.7268661385 86.983083805 89.3426207468 89.7268661385
700704 1024 16001.76 16058.808 16487.852 87.0363096418 89.3616632069 89.6802471728 87.0363096418 89.3616632069 89.6802471728
770768 1024 17297.926 17539.727 17812.094 88.6214088024 89.9975731663 91.2556143436 88.6214088024 89.9975731663 91.2556143436
847840 1024 19003.449 19454.445 19892.609 87.2875106528 89.253449276 91.3716410111 87.2875106528 89.253449276 91.3716410111
932624 1024 20897.67 21520.586 22584.826 84.5706737789 88.7528783835 91.3984167613 84.5706737789 88.7528783835 91.3984167613
1025872 1024 22943.652 23208.501 23982.13 87.6063075298 90.5265642102 91.5715534737 87.6063075298 90.5265642102 91.5715534737
1128448 512 12706.941 12967.197 13027.971 88.6961409417 89.1118375081 90.9369731078 88.6961409417 89.1118375081 90.9369731078
1241280 512 13960.63 14770.565 17790.314 71.4473460109 86.0543059795 91.0468023291 71.4473460109 86.0543059795 91.0468023291
1365408 512 15329.345 15698.524 24667.172 56.6817222501 89.0642834957 91.2092324884 56.6817222501 89.0642834957 91.2092324884
1501936 512 16838.284 17897.699 25865.975 59.4596748818 85.9318543685 91.3384323486 59.4596748818 85.9318543685 91.3384323486
1652128 512 18509.71 20344.237 22778.569 74.2706476425 83.1576564901 91.3995449956 74.2706476425 83.1576564901 91.3995449956
1817328 512 20354.406 21604.363 25172.877 73.9265468941 86.1374099297 91.4270783436 73.9265468941 86.1374099297 91.4270783436
1999056 512 22721.451 23468.939 27298.717 74.9864304612 87.2230885256 90.0925448819 74.9864304612 87.2230885256 90.0925448819
2198960 256 13088.534 13175.156 14964.808 75.23434447 85.4538284025 86.019375432 75.23434447 85.4538284025 86.019375432
2418848 256 14442.489 14814.088 16624.845 74.4939381991 83.5994882709 85.7504669728 74.4939381991 83.5994882709 85.7504669728
2660720 256 16163.777 18438.812 21450.41 63.5087459867 73.8815841281 84.2803411604 63.5087459867 73.8815841281 84.2803411604
2926784 256 18315.487 24502.8 25216.812 59.4251726983 61.1568232202 81.8167383701 59.4251726983 61.1568232202 81.8167383701
3219456 256 20154.947 22989.606 25134.064 65.5827673551 71.7002923843 81.7844607579 65.5827673551 71.7002923843 81.7844607579
3541392 256 21970.425 25316.019 27433.431 66.0942739536 71.6223472577 82.5287951417 66.0942739536 71.6223472577 82.5287951417
3895520 256 25541.151 28258.513 31765.349 62.7887400198 70.5807216395 78.0899122361 62.7887400198 70.5807216395 78.0899122361
4285072 128 14194.69 15157.197 15823.937 69.3239888405 72.3734363286 77.2809009566 69.3239888405 72.3734363286 77.2809009566
4713568 128 15210.183 15305.932 16710.938 72.2085982247 78.8369769316 79.3332603559 72.2085982247 78.8369769316 79.3332603559
5184912 128 16873.232 17488.9 17564.082 75.5711270307 75.8959952884 78.665277168 75.5711270307 75.8959952884 78.665277168
5703392 128 18867.633 19067.563 19241.552 75.8810075196 76.573411715 77.3848183288 75.8810075196 76.573411715 77.3848183288
6273728 128 19919.477 20502.167 21456.183 74.8536852058 78.3368103479 80.6283401919 74.8536852058 78.3368103479 80.6283401919
6901088 128 21971.444 22463.125 23882.423 73.9740070763 78.6479409254 80.4079389593 73.9740070763 78.6479409254 80.4079389593
7591184 128 24653.348 25124.813 26345.625 73.7634086874 77.3475648953 78.8267420717 73.7634086874 77.3475648953 78.8267420717
8350288 128 26437.314 26945.005 28445.147 75.1507358355 79.3346940555 80.8582039764 75.1507358355 79.3346940555 80.8582039764
9185312 64 14896.192 15023.974 15686.011 74.9534050435 78.2562547033 78.927549806 74.9534050435 78.2562547033 78.927549806
10103840 64 16517.257 16708.488 16771.292 77.113410225 77.4032647359 78.2994125477 77.113410225 77.4032647359 78.2994125477
11114224 64 17051.2 18104.441 18208.238 78.1306061575 78.5785472194 83.4322905133 78.1306061575 78.5785472194 83.4322905133
12225632 64 19900.028 20096.445 20257.456 77.2496258168 77.8685432175 78.6371203096 77.2496258168 77.8685432175 78.6371203096
13448192 64 21791.544 22566.706 24037.518 71.6117436085 76.2791244766 78.9925016786 71.6117436085 76.2791244766 78.9925016786
14793008 64 22885.823 23631.104 26951.444 70.2561623043 80.1276581915 82.7370299945 70.2561623043 80.1276581915 82.7370299945
16272304 64 25129.31 26698.034 29313.397 71.0547096265 78.0152917627 82.8854796252 71.0547096265 78.0152917627 82.8854796252
17899520 32 13915.174 14558.315 16454.895 69.6187535685 78.6883152343 82.3251854414 69.6187535685 78.6883152343 82.3251854414
19689472 32 15466.559 16079.646 17996.367 70.0211441565 78.3677829723 81.4742444005 70.0211441565 78.3677829723 81.4742444005
21658416 32 17086.205 18486.291 20082.706 69.0215065639 74.9819757787 81.1261847789 69.0215065639 74.9819757787 81.1261847789
23824256 32 19305.281 20895.169 22126.349 68.9111603546 72.9715267677 78.9811028392 68.9111603546 72.9715267677 78.9811028392
26206672 32 24271.284 25117.117 25979.797 64.558895822 66.776254934 69.1033489617 64.558895822 66.776254934 69.1033489617
28827328 32 26091.959 28337.698 31451.94 58.6593066119 65.1058174168 70.7094853246 58.6593066119 65.1058174168 70.7094853246
31710048 32 28622.558 32010.195 35653.762 56.9208677614 63.399897189 70.9036233589 56.9208677614 63.399897189 70.9036233589
34881040 16 16112.312 17150.956 18949.171 58.9045969346 65.0805284557 69.2757985322 58.9045969346 65.0805284557 69.2757985322
38369136 16 18332.662 18590.388 23784.789 51.621746655 66.0455474087 66.9740353038 51.621746655 66.0455474087 66.9740353038
42206048 16 20829.466 21052.987 23551.106 57.3473507359 64.152109912 64.8405262046 57.3473507359 64.152109912 64.8405262046
46426640 16 23648.089 23672.949 23735.339 62.5924272664 62.7573894575 62.823363021 62.5924272664 62.7573894575 62.823363021
51069296 16 26580.673 27032.943 27129.467 60.237728666 60.4528138871 61.4814181718 60.237728666 60.4528138871 61.4814181718
56176224 16 30612.69 30653.18 30773.357 58.4154393036 58.6444593351 58.7220256697 58.4154393036 58.6444593351 58.7220256697
61793840 16 34565.413 35104.121 36131.748 54.7275731027 56.3296508692 57.2075583185 54.7275731027 56.3296508692 57.2075583185
67973216 8 19340.367 19720.104 20883.247 52.0786569253 55.1503914989 56.2332377664 52.0786569253 55.1503914989 56.2332377664
74770528 8 21983.047 22175.335 23636.375 50.6138715433 53.9486076761 54.4205017621 50.6138715433 53.9486076761 54.4205017621
82247568 8 24840.252 24941.883 26323.889 49.9911349725 52.7610961851 52.9769620695 49.9911349725 52.7610961851 52.9769620695
90472320 8 27749.639 28271.738 28782.562 50.2928516231 51.2015610784 52.1648991542 50.2928516231 51.2015610784 52.1648991542
99519552 8 30884.413 31698.911 36124.903 44.0779822163 50.2324143564 51.5571667818 44.0779822163 50.2324143564 51.5571667818
109471504 8 34571.518 35242.513 40783.125 42.9477648905 49.6997493907 50.6643666616 42.9477648905 49.6997493907 50.6643666616
120418640 8 38968.787 38999.361 44856.539 42.9524498089 49.4033284289 49.4420891264 42.9524498089 49.4033284289 49.4420891264
132460496 8 42854.144 45243.397 47421.513 44.6921197137 46.8436960204 49.4553790644 44.6921197137 46.8436960204 49.4553790644
145706544 4 23945.206 24396.407 25235.379 46.1911965737 47.7796731297 48.6799884703 46.1911965737 47.7796731297 48.6799884703
160277184 4 26657.731 27029.932 27131.933 47.2586111723 47.4369477511 48.099272665 47.2586111723 47.4369477511 48.099272665
176304896 4 29588.238 29754.363 29974.474 47.0546761888 47.4027680579 47.6689138434 47.0546761888 47.4027680579 47.6689138434
193935376 4 32711.2 33183.72 35497.403 43.7069440826 46.7543424306 47.4297185062 43.7069440826 46.7543424306 47.4297185062
213328912 4 36711.541 37740.8 37749.925 45.2088658719 45.2197965067 46.4875962575 45.2088658719 45.2197965067 46.4875962575
234661792 4 40307.032 40647.378 41994.821 44.7029964957 46.1848814947 46.5748590965 44.7029964957 46.1848814947 46.5748590965
258127968 4 44283.791 45159.335 46380.049 44.523966415 45.7275055977 46.6315935779 44.523966415 45.7275055977 46.6315935779
283940752 2 24581.866 25030.079 25500.873 44.5382010255 45.3759258211 46.203286927 44.5382010255 45.3759258211 46.203286927
312334816 2 27363.637 27695.438 28295.272 44.1536403679 45.1099298014 45.6569155628 44.1536403679 45.1099298014 45.6569155628
343568288 2 30098.902 30721.782 31317.993 43.8812650606 44.7328593114 45.6585809011 43.8812650606 44.7328593114 45.6585809011
377925104 2 33125.489 33877.148 34612.859 43.674531942 44.6230130116 45.6355652893 43.674531942 44.6230130116 45.6355652893
415717600 2 36880.784 37786.463 41659.443 39.9158097241 44.0070402991 45.0877183088 39.9158097241 44.0070402991 45.0877183088
457289360 2 40902.543 41865.339 46554.636 39.2905540063 43.6914517759 44.7198952887 39.2905540063 43.6914517759 44.7198952887
503018288 2 45542.265 46647.766 51224.068 39.2798391569 43.1333228691 44.1803487815 39.2798391569 43.1333228691 44.1803487815
553320112 1 29405.951 31077.422 50894.242 21.7439179858 35.6091384929 37.6332064214 21.7439179858 35.6091384929 37.6332064214
608652112 1 32618.579 34255.428 53976.816 22.5523532918 35.5360973449 37.3193517719 22.5523532918 35.5360973449 37.3193517719
669517312 1 35787.416 37736.683 56522.07 23.6904738981 35.4836333654 37.4163539497 23.6904738981 35.4836333654 37.4163539497
736469040 1 39475.815 41301.252 62148.836 23.7001716331 35.6632791665 37.3124172357 23.7001716331 35.6632791665 37.3124172357
810115936 1 43555.126 45644.905 68214.117 23.7521490163 35.4964452659 37.1995680141 23.7521490163 35.4964452659 37.1995680141
891127520 1 48144.409 50533.661 75201.614 23.6996913391 35.2686705204 37.0189410779 23.6996913391 35.2686705204 37.0189410779
980240272 1 53011.504 55903.26 72894.638 26.894715411 35.0691631222 36.9821717188 26.894715411 35.0691631222 36.9821717188

META_DATA
ERT_VERSION  1.1.0
TIMESTAMP_DATA  1560424972.81
HOSTNAME  ('kcadmin-UniServer-R5200-G3', [], ['127.0.1.1'])
OPENMP_THREADS 1
CONFIG  {'ERT_WORKING_SET_MIN': ['1'], 'ERT_CFLAGS': ['-O3', '-march=native', '-fstrict-aliasing', '-ftree-vectorize'], 'ERT_CC': ['gcc'], 'ERT_MPI_CFLAGS': ['-I/usr/local/include'], 'ERT_MPI_LDFLAGS': ['-L/usr/local/lib', '-lmpi'], 'ERT_MEMORY_MAX': ['1073741824'], 'ERT_PROCS_THREADS': ['1-8'], 'ERT_LDFLAGS': [], 'ERT_LDLIBS': [], 'ERT_RUN': ['export', 'OMP_NUM_THREADS=ERT_OPENMP_THREADS;', 'mpirun', '-np', 'ERT_MPI_PROCS', 'ERT_CODE'], 'ERT_FLOPS': ['1,2,4,8,16'], 'ERT_OPENMP_CFLAGS': ['-fopenmp'], 'ERT_MPI': ['True'], 'ERT_TRIALS_MIN': ['1'], 'ERT_DRIVER': ['driver1'], 'ERT_RESULTS': ['Results.p100.01'], 'ERT_OPENMP': ['True'], 'ERT_MPI_PROCS': ['1,2,4,8'], 'ERT_KERNEL': ['kernel1'], 'ERT_GPU': [False], 'ERT_OPENMP_THREADS': ['1,2,4,8'], 'ERT_LD': ['gcc'], 'ERT_NUM_EXPERIMENTS': ['3'], 'ERT_OPENMP_LDFLAGS': ['-fopenmp'], 'ERT_ALIGN': ['32'], 'ERT_GNUPLOT': ['gnuplot']}
TIMESTAMP_DATA  1560424987.35
TIMESTAMP_DATA  1560424958.05
MPI_PROCS      2
FLOPS          16
UNAME  ('Linux', 'kcadmin-UniServer-R5200-G3', '4.4.0-141-generic', '#167-Ubuntu SMP Wed Dec 5 10:40:15 UTC 2018', 'x86_64', 'x86_64')
