8 134217728 398072.817 400284.92 496072.187 4.32897409747 5.36488771048 5.39470055801 0.541121762184 0.67061096381 0.674337569752
16 67108864 198680.249 205320.385 263930.513 8.13654936517 10.4591838166 10.8087424835 1.01706867065 1.30739797707 1.35109281044
24 33554432 98741.327 98786.919 131687.708 12.2305472581 16.3039069576 16.3114349881 1.52881840726 2.03798836969 2.03892937351
32 33554432 99180.669 99441.344 131700.362 16.3058295011 21.5954809299 21.6522399945 2.03822868763 2.69943511624 2.70652999931
40 16777216 55342.222 57232.704 73175.172 18.3419764288 23.4512295627 24.252320046 2.2927470536 2.93140369534 3.03154000575
48 16777216 67116.688 67135.13 87805.535 18.3429522524 23.9906102215 23.9972022457 2.29286903155 2.99882627769 2.99965028072
56 16777216 71110.224 71860.697 95129.235 19.7525838613 26.1484826956 26.4244448449 2.46907298266 3.26856033695 3.30305560562
64 16777216 84769.6 86271.753 109770.463 19.5634015682 24.8920831364 25.3331813292 2.44542519603 3.11151039205 3.16664766614
72 8388608 43621.571 43884.299 51938.814 23.2573572435 27.5260076958 27.6917938604 2.90716965543 3.44075096198 3.46147423255
80 8388608 49066.012 49285.445 58244.477 23.0438549564 27.2327312861 27.3545214965 2.88048186955 3.40409141076 3.41931518706
88 8388608 51764.679 52429.425 56668.845 26.0530280439 28.1596643106 28.5212820116 3.25662850549 3.51995803883 3.56516025145
96 8388608 57387.25 57769.801 61348.908 26.2533236288 27.8798387414 28.0656894345 3.28166545361 3.48497984267 3.50821117931
104 8388608 63768.584 63972.149 64250.757 27.1565744198 27.2748452455 27.3619132581 3.39457180248 3.40935565569 3.42023915726
112 8388608 35617.802 35718.162 37995.828 49.4540661675 52.6076395532 52.7558716846 6.18175827093 6.57595494415 6.59448396058
120 8388608 41044.765 41051.674 43942.55 45.8158645777 49.0422368647 49.0504920664 5.72698307222 6.13027960809 6.1313115083
128 8388608 43860.895 44542.81 51916.855 41.3639009528 48.2116787872 48.9612363815 5.1704876191 6.0264598484 6.12015454769
136 4194304 24527.545 24876.377 29120.986 39.176238332 45.8608055345 46.5130402574 4.8970297915 5.73260069181 5.81413003217
144 4194304 26199.261 26322.354 30742.263 39.2931239968 45.8910153704 46.1066269007 4.91164049959 5.7363769213 5.76332836258
152 4194304 28818.186 30074.898 34124.526 37.3651612333 42.3964335972 44.2452698445 4.67064515416 5.29955419965 5.53065873057
160 4194304 32183.769 32356.947 35646.269 37.6526721492 41.4803436183 41.7035456599 4.70658401865 5.18504295229 5.21294320749
176 4194304 21046.172 22155.432 24267.405 60.8386025617 66.6380600478 70.1502870926 7.60482532022 8.32975750597 8.76878588657
192 4194304 24734.435 26389.919 29123.153 55.3035152478 61.0313633778 65.1162129234 6.91293940598 7.62892042223 8.13952661543
208 4194304 28937.882 30740.764 34172.188 51.0599574133 56.7595022687 60.2957211589 6.38249467667 7.09493778359 7.53696514486
224 4194304 33008.782 36542.007 38852.624 48.3634822708 51.4215924703 56.9257051654 6.04543528386 6.42769905878 7.11571314567
240 4194304 24789.404 26383.501 29052.788 69.2968234236 76.3077621882 81.2147770878 8.66210292795 9.53847027352 10.151847136
264 2097152 15249.544 16201.618 17810.188 62.1720700534 68.3447946989 72.6117617681 7.77150875667 8.54309933736 9.07647022101
288 2097152 17964.123 19136.901 21048.575 57.3891368893 63.1220045503 67.2428902875 7.17364211116 7.89025056878 8.40536128594
312 2097152 14571.637 15510.178 17000.085 76.9774297011 84.3718781306 89.8061657726 9.62217871264 10.5464847663 11.2257707216
336 2097152 17284.874 18412.114 20234.927 69.6462183432 76.5412458341 81.5329139223 8.7057772929 9.56765572927 10.1916142403
368 2097152 15260.299 15347.018 17807.061 86.6793162555 100.573536305 101.145060919 10.8349145319 12.5716920382 12.6431326149
400 2097152 18525.218 18661.51 21842.43 76.810208388 89.9027784997 90.5642028072 9.6012760485 11.2378473125 11.3205253509
440 2097152 17298.716 17388.92 20224.51 91.2503571162 106.130441684 106.683857923 11.4062946395 13.2663052104 13.3354822404
480 2097152 21804.366 21818.171 25887.237 77.7705986931 92.2747337529 92.3331556625 9.72132483664 11.5343417191 11.5416444578
528 1048576 10609.451 10660.118 12538.162 88.3140811229 103.872795404 104.368855278 11.0392601404 12.9840994255 13.0461069098
576 1048576 10271.573 10273.636 12218.691 98.8616171732 117.578581916 117.602197054 12.3577021467 14.6973227395 14.7002746317
632 1048576 10611.422 10619.2 12540.523 105.68937707 124.811667922 124.903152848 13.2111721337 15.6014584903 15.612894106
688 1048576 11141.776 11195.913 12942.574 111.48018748 128.872078231 129.498257369 13.9350234351 16.1090097788 16.1872821712
752 1048576 11686.505 11759.03 13750.841 114.688134638 134.114659457 134.946958393 14.3360168298 16.7643324322 16.8683697992
824 1048576 12646.376 12661.609 14964.445 115.477269488 136.479751349 136.644145959 14.434658686 17.0599689186 17.0805182449
904 1048576 14344.011 14377.987 17021.937 111.375421493 131.856108091 132.168429598 13.9219276866 16.4820135113 16.5210536997
992 1048576 16385.279 16612.917 19473.863 106.829075669 125.22633948 126.966088524 13.3536344587 15.653292435 15.8707610655
1088 524288 8127.026 8141.745 9324.293 122.352513805 140.123608391 140.377388727 15.2940642256 17.5154510489 17.5471735909
1192 524288 9591.978 9600.003 11347.791 110.145013422 130.19814598 130.307074516 13.7681266777 16.2747682475 16.2883843145
1304 524288 9761.901 9776.67 14816.029 92.2880958184 139.857753611 140.069347558 11.5360119773 17.4822192014 17.5086684448
1432 524288 10442.294 10894.674 12336.139 121.720485802 137.825219185 143.796069331 15.2150607252 17.2281523981 17.9745086664
1568 524288 11293.45 11337.684 13349.227 123.165720981 145.017903833 145.585907584 15.3957151227 18.1272379791 18.1982384479
1720 524288 11120.658 11220.316 13144.517 137.209356571 160.739743872 162.180216315 17.1511695713 20.092467984 20.2725270393
1888 524288 13221.35 13245.561 15402.838 128.529007966 149.462260451 149.735956464 16.0661259957 18.6827825564 18.716994558
2072 262144 6967.981 6973.432 9530.458 113.984525822 155.780501767 155.902367702 14.2480657278 19.4725627209 19.4877959627
2272 262144 7791.578 7869.707 8901.442 133.81903022 151.362984162 152.880756119 16.7273787775 18.9203730202 19.1100945149
2496 262144 7732.13 7794.365 9100.552 143.795986002 167.893452257 169.2448068 17.9744982502 20.9866815321 21.15560085
2744 262144 9506.967 9709.597 14172.838 101.507282592 148.16745453 151.325472361 12.688410324 18.5209318162 18.9156840452
3016 262144 9454.685 9488.543 11136.996 141.981967848 166.648621185 167.245403522 17.7477459811 20.8310776481 20.9056754403
3312 262144 10728.623 10793.937 16955.187 102.41360688 160.871965067 161.851325748 12.80170086 20.1089956334 20.2314157185
3640 262144 11986.624 12875.415 18291.016 104.335829131 148.22111132 159.211494412 13.0419786413 18.5276389149 19.9014368016
4000 262144 12954.432 13732.737 20813.927 100.75715169 152.711873824 161.886835332 12.5946439612 19.088984228 20.2358544165
4400 131072 6609.895 7040.449 10849.08 106.316259075 163.829551212 174.501047293 13.2895323843 20.4786939015 21.8126309117
4840 131072 8214.843 8794.302 13611.529 93.2134046072 144.272616519 154.449325447 11.6516755759 18.0340770649 19.3061656808
5320 131072 9067.966 9088.986 14293.25 97.5709569202 153.439127313 153.794806906 12.196369615 19.1798909141 19.2243508632
5848 131072 9713.38 9927.275 11649.309 131.597342984 154.424866038 157.825402898 16.449667873 19.3031082548 19.7281753622
6432 131072 10838.219 10887.572 17143.777 98.3511514411 154.865585091 155.570782248 12.2938939301 19.3581981364 19.4463477809
7072 131072 11739.435 11765.818 18592.216 99.7128243347 157.56510665 157.919215703 12.4641030418 19.6956383313 19.7399019629
7776 131072 13004.92 13694.267 20271.029 100.558868719 148.852928309 156.743120604 12.5698585898 18.6066160387 19.5928900754
8552 65536 7035.45 7274.799 11022.052 101.698644136 154.08367214 159.325664172 12.712330517 19.2604590175 19.9157080215
9400 65536 7537.17 7579.981 11707.334 105.239741174 162.543520887 163.466765377 13.1549676468 20.3179401109 20.4333456722
10336 65536 8288.033 8296.587 13052.324 103.794557352 163.291265673 163.459797035 12.974319669 20.4114082092 20.4324746294
11368 65536 9032.451 9519.074 14224.195 104.752957619 156.530613797 164.963695458 13.0941197024 19.5663267246 20.6204619322
12504 65536 9802.815 10510.921 15440.863 106.142013435 155.925849695 167.189148015 13.2677516794 19.4907312119 20.8986435019
13752 65536 10571.816 10574.277 16689.495 108.002198029 170.461029534 170.500710947 13.5002747537 21.3076286918 21.3125888684
15120 65536 11639.739 12432.149 17308.186 114.501233116 159.409981331 170.262291964 14.3126541395 19.9262476664 21.2827864955
16632 32768 6419.737 7525.699 7798.422 139.771193711 144.836347029 169.788069511 17.4713992138 18.1045433786 21.2235086889
18288 32768 7009.009 7347.162 8516.544 140.728723764 163.12725485 170.997407479 17.5910904705 20.3909068563 21.3746759349
20112 32768 7677.771 7678.363 9645.677 136.647747172 171.658989292 171.672225181 17.0809683965 21.4573736615 21.4590281476
22120 32768 8427.617 8568.642 10335.79 140.255976563 169.181571596 172.012600952 17.5319970704 21.1476964494 21.501575119
24328 32768 9175.237 9626.743 11126.984 143.287687661 165.617780385 173.767697554 17.9109609576 20.7022225482 21.7209621942
26760 32768 10041.704 10144.097 12457.446 140.778724628 172.883141792 174.645992353 17.5973405785 21.610392724 21.8307490442
29432 32768 10930.879 11433.404 13587.738 141.955603795 168.703524515 176.459327013 17.7444504744 21.0879405643 22.0574158766
32368 32768 12228.967 12445.792 14711.483 144.191394437 170.440679709 173.462668433 18.0239243046 21.3050849637 21.6828335541
35600 16384 8334.185 8604.832 10613.468 109.911369215 135.568108709 139.970591006 13.7389211519 16.9460135886 17.4963238757
39160 16384 12098.615 12600.447 14696.804 87.3111514585 101.837250694 106.061303711 10.9138939323 12.7296563368 13.2576629639
43072 16384 13848.953 14129.866 16111.508 87.6009431271 99.8865308418 101.912635273 10.9501178909 12.4858163552 12.7390794091
47376 16384 15238.196 15503.666 18349.991 84.6004103217 100.132237627 101.87667674 10.5750512902 12.5165297034 12.7345845926
52112 16384 16755.156 16759.181 19468.402 87.7116681688 101.890779508 101.915256175 10.9639585211 12.7363474385 12.7394070219
57320 16384 18086.418 18175.672 22034.915 85.2402543872 103.339329627 103.84929509 10.6550317984 12.9174162034 12.9811618862
63048 16384 19941.916 20096.031 23583.947 87.6001317337 102.80422358 103.598714587 10.9500164667 12.8505279475 12.9498393234
69352 8192 11272.347 11335.81 13086.148 86.8294602812 100.236610176 100.800939503 10.8536825352 12.529576272 12.6001174378
76280 8192 11888.821 11974.108 17290.637 72.2802473963 104.372828439 105.121569246 9.03503092454 13.0466035549 13.1401961557
83904 8192 13075.468 13145.48 20541.605 66.9218951489 104.57458655 105.134526428 8.36523689361 13.0718233187 13.1418158035
92288 8192 14333.744 14430.361 22613.379 66.8651328932 104.782312237 105.488600327 8.35814161165 13.0977890297 13.1860750408
101512 8192 15788.965 16073.377 24848.574 66.9323160355 103.473750911 105.337658802 8.36653950444 12.9342188639 13.1672073502
111656 8192 17243.081 17737.401 27328.21 66.9407877062 103.136412375 106.093099255 8.36759846327 12.8920515469 13.2616374069
122816 8192 18943.156 19689.282 30074.14 66.9085581167 102.198614657 106.223975773 8.36356976459 12.7748268322 13.2779969716
135096 4096 10569.772 10633.275 16539.599 66.9125310716 104.079545766 104.704853804 8.36406638396 13.0099432207 13.0881067255
148600 4096 11595.781 12082.492 18262.114 66.6588325974 100.75166613 104.980526969 8.33235407467 12.5939582662 13.1225658712
163456 4096 13216.58 13282.258 20197.139 66.2980807331 100.813547817 101.314527056 8.28726009164 12.6016934771 12.664315882
179800 4096 14046.895 14519.447 22139.145 66.530193465 101.444745106 104.857450704 8.31627418313 12.6805931383 13.1071813379
197776 4096 15388.445 15749.579 24328.341 66.5964437115 102.871384181 105.285556273 8.32455546393 12.8589230226 13.1606945341
217552 4096 16903.385 17320.63 22667.962 78.6213592559 102.89383146 105.433674024 9.82766990698 12.8617289325 13.1792092531
239304 4096 18810.992 18972.919 23733.239 82.6005404488 103.32507971 104.214512876 10.3250675561 12.9156349637 13.0268141095
263232 2048 10223.282 10863.883 13298.062 81.0793536682 99.2461233244 105.464983945 10.1349192085 12.4057654156 13.1831229932
289552 2048 11209.389 11209.429 13979.758 84.837304909 105.804228922 105.804606478 10.6046631136 13.2255286152 13.2255758097
318504 2048 12520.645 12670.824 14914.3 87.4725856393 102.960342911 104.19530176 10.9340732049 12.8700428638 13.02441272
350352 2048 13790.488 14109.194 16468.343 87.1394160299 101.709693126 104.060261827 10.8924270037 12.7137116408 13.0075327284
385384 2048 15115.878 15356.345 19069.353 82.7785223757 102.793526975 104.428790971 10.347315297 12.8491908719 13.0535988713
423920 2048 16600.387 17067.267 17691.498 98.147501133 101.737221314 104.5985446 12.2684376416 12.7171526642 13.074818075
466312 2048 18193.258 18213.234 18918.553 100.959833027 104.869566382 104.984712029 12.6199791284 13.1086957978 13.1230890036
512936 2048 19910.493 19933.284 20252.535 103.739401314 105.400889086 105.521538618 12.9674251643 13.1751111357 13.1901923272
564224 1024 11167.056 11187.95 11462.236 100.811983979 103.283510563 103.476758064 12.6014979974 12.9104388203 12.934594758
620640 1024 12075.811 12212.54 12481.297 101.838031737 104.079144879 105.257586426 12.7297539671 13.0098931099 13.1571983033
682704 1024 13203.245 13281.628 14864.824 94.0594918581 105.27156701 105.896527104 11.7574364823 13.1589458762 13.237065888
750968 1024 14490.523 14607.334 17694.805 86.9171750692 105.288375278 106.137125899 10.8646468836 13.1610469097 13.2671407374
826064 1024 16040.134 16064.407 19632.893 86.1706459664 105.312264063 105.471629601 10.7713307458 13.1640330079 13.1839537001
908664 1024 17598.307 21215.455 21593.77 86.1796653387 87.7164252193 105.74561928 10.7724581673 10.9645531524 13.21820241
999528 1024 21100.093 22304.852 24155.892 84.7426103743 91.775248901 97.0153706905 10.5928262968 11.4719061126 12.1269213363
1099480 512 12855.426 13638.273 14847.506 75.8287297543 82.552059194 87.5791685161 9.47859121929 10.3190073993 10.9473960645
1209424 512 16779.631 17617.825 19481.746 63.5697732636 70.295293318 73.8067586826 7.94622165796 8.78691166475 9.22584483532
1330360 512 22254.859 22403.37 24763.866 55.0111456749 60.8073089004 61.2130878924 6.87639320936 7.60091361255 7.65163598655
1463392 512 27862.592 28564.85 30359.159 49.3595164477 52.4600482061 53.7822686418 6.16993955597 6.55750602576 6.72278358022
1609728 512 32352.04 33946.159 35782.967 46.0655336937 48.5581143952 50.9507737997 5.75819171172 6.0697642994 6.36884672497
1770696 512 37263.984 38592.52 40840.292 44.3971532819 46.9830087281 48.6580475131 5.54964416023 5.87287609101 6.08225593914
1947760 512 42329.284 42481.042 43690.65 45.6506424143 46.9505018262 47.1188277127 5.70633030179 5.86881272828 5.88985346409
2142536 256 23433.404 23456.128 23791.419 46.1081548772 46.7672427436 46.8125941925 5.76351935965 5.84590534294 5.85157427406
2356784 256 25691.733 25769.226 27448.583 43.9612277253 46.8261409171 46.9673808302 5.49515346566 5.85326761463 5.87092260378
2592456 256 28343.478 28615.454 29956.05 44.3094958114 46.3853368183 46.8304373937 5.53868697642 5.79816710229 5.85380467422
2851696 256 31172.888 32410.074 33095.447 44.1168947499 45.0498308643 46.8377633795 5.51461184374 5.63122885804 5.85472042244
3136864 256 34312.858 34537.533 36344.301 44.1905422256 46.5022897843 46.8067791963 5.5238177782 5.81278622303 5.85084739954
3450544 256 37681.214 38092.606 38951.098 45.3563216113 46.3785157676 46.8848622552 5.66954020141 5.79731447095 5.8606077819
3795592 256 41612.25 42080.643 43839.17 44.3289210083 46.1814023136 46.7012262975 5.54111512604 5.77267528921 5.83765328719
4175144 256 46123.291 46605.114 46821.961 45.6553651822 45.8677931353 46.3469470988 5.70692064777 5.73347414191 5.79336838735
4592656 128 25039.938 26506.384 26707.072 44.0227942621 44.3561044011 46.9537878249 5.50284928277 5.54451305014 5.86922347811
5051920 128 27793.163 28130.487 29400.912 43.9881429528 45.9747291257 46.5327217345 5.49851786911 5.74684114072 5.81659021681
5557112 128 30643.523 30658.651 32264.119 44.0929650675 46.4019330792 46.4248406425 5.51162063343 5.8002416349 5.80310508031
6112816 128 33782.021 33886.409 35910.866 43.5768075323 46.1801926548 46.322891576 5.44710094154 5.77252408185 5.790361447
6724096 128 38324.144 39074.186 39816.08 43.2329997328 44.0538563235 44.9160345499 5.4041249666 5.50673204043 5.61450431874
7396504 128 41342.087 43025.604 50654.394 37.3808642149 44.0087958788 45.8009056001 4.67260802686 5.50109948486 5.72511320002
8136152 128 45304.133 46621.891 55983.178 37.2050138347 44.6754704137 45.974942551 4.65062672934 5.58443380171 5.74686781888
8949760 64 24673.517 24982.126 26204.185 43.7170352751 45.8555560884 46.4291037228 5.46462940939 5.73194451105 5.80363796535
9844736 64 27347.14 27382.781 29629.173 42.5299149592 46.018927296 46.0789028761 5.31623936989 5.75236591199 5.75986285952
10829208 64 30351.259 30554.526 32106.709 43.1728653348 45.3660653744 45.6698888175 5.39660816685 5.6707581718 5.70873610218
11912128 64 33687.314 33916.647 35807.161 42.5823310594 44.9558703135 45.2619162216 5.32279138243 5.61948378918 5.6577395277
13103336 64 37726.196 38439.611 40642.681 41.2676272021 43.6327778655 44.4578883066 5.15845340026 5.45409723319 5.55723603832
14413664 64 42247.946 42808.944 43039.304 42.8666084377 43.0972787369 43.6695547755 5.35832605472 5.38715984211 5.45869434694
15855024 64 47367.387 49274.605 49575.361 40.9365263523 41.1863894596 42.8447334872 5.11706579403 5.14829868246 5.3555916859
17440520 32 26742.986 27019.096 27455.969 40.6539386754 41.3112740708 41.7377954728 5.08174233443 5.16390925884 5.2172244341
19184568 32 30398.677 30892.873 31056.632 39.5346266781 39.7441944619 40.3903219867 4.94182833477 4.96802430774 5.04879024834
21103024 32 35148.775 35387.774 35584.894 37.9541255905 38.1655409012 38.4250528219 4.74426569881 4.77069261265 4.80313160274
23213320 32 40487.026 40631.698 40706.934 36.4963001144 36.5638787727 36.6945322188 4.5620375143 4.57048484658 4.58681652735
25534648 32 47029.351 48344.305 48646.777 33.5935404724 33.8037225274 34.7488842021 4.19919255905 4.22546531593 4.34361052527
28088112 32 53987.293 54146.73 54308.755 33.1003568025 33.1994040637 33.2974496054 4.13754460031 4.14992550797 4.16218120068
30896920 32 62272.439 62292.458 65507.39 30.1859512339 31.7438570172 31.7540618571 3.77324390424 3.96798212715 3.96925773214
33986608 16 35211.29 35721.706 37041.912 29.360564757 30.445675131 30.8870097063 3.67007059463 3.80570939137 3.86087621328
37385264 16 40159.336 40827.472 42177.162 28.36436572 29.3020456422 29.7895475164 3.545545715 3.66275570528 3.72369343955
41123784 16 45944.429 47062.328 47623.501 27.6325986197 27.9620907831 28.6424516888 3.45407482747 3.49526134789 3.58030646109
45236160 16 53506.97 53740.611 54178.436 26.7183260883 26.9360004113 27.0536178745 3.33979076103 3.36700005141 3.38170223431
49759776 16 58561.401 58817.566 59311.738 26.8465043462 27.0720626556 27.1904839162 3.35581304328 3.38400783195 3.39881048952
54735752 16 66160.917 68261.383 77826.22 22.5058349744 25.6593697201 26.4739992041 2.8132293718 3.20742121501 3.30924990051
60209320 16 74267.244 74365.602 78707.432 24.4792415537 25.9084602045 25.9427728327 3.05990519421 3.23855752556 3.24284660408
66230248 16 83543.982 84515.323 111888.938 18.9417110742 25.0767300031 25.3682896753 2.36771388428 3.13459125039 3.17103620941
72853272 8 47704.226 48231.585 61096.427 19.0788955956 24.1678218122 24.4349913989 2.38486194946 3.02097772653 3.05437392486
80138592 8 51561.507 51739.158 54012.254 23.739380919 24.7823412975 24.867726849 2.96742261488 3.09779266218 3.10846585613
88152448 8 57508.593 57749.619 60115.131 23.4622988345 24.423350187 24.5257116271 2.93278735432 3.05291877337 3.06571395339
96967688 8 63968.475 66003.508 68243.615 22.7344786468 23.5060689199 24.2538689253 2.84180983085 2.93825861498 3.03173361566
106664456 8 73387.962 73497.714 73558.915 23.2008764131 23.2201956104 23.2549215088 2.90010955164 2.9025244513 2.9068651886
117330896 8 81136.694 81379.626 81420.188 23.0568656511 23.0683578713 23.1374270191 2.88210820638 2.88354473391 2.89217837739
129063984 8 89039.36 89273.596 90697.581 22.7682339621 23.1314054382 23.1922572669 2.84602924526 2.89142567977 2.89903215836
141970376 4 49226.473 49525.075 50868.826 22.3272895663 22.9330901165 23.072199546 2.79091119579 2.86663626456 2.88402494325
156167408 4 54769.378 55142.29 55913.372 22.3441945873 22.6566445463 22.8109083875 2.79302432341 2.83208056829 2.85136354844
171784144 4 61345.761 61771.403 62186.535 22.0992076822 22.2477244365 22.4020882551 2.76240096027 2.78096555456 2.80026103189
188962552 4 67938.868 68121.884 69651.641 21.7037300815 22.1911128588 22.2508920225 2.71296626019 2.77388910735 2.78136150281
207858800 4 75096.933 77062.925 77181.592 21.5449093095 21.5780857007 22.1429868514 2.69311366368 2.69726071259 2.76787335643
228644680 4 83461.969 83927.35 85343.043 21.4329999927 21.7945334864 21.9160590376 2.67912499909 2.7243166858 2.7395073797
251509144 4 92928.776 93231.846 94501.834 21.291366176 21.5813934651 21.6517771847 2.661420772 2.69767418313 2.70647214809
276660056 2 51223.07 51810.812 52188.491 21.2046794762 21.3592526595 21.6043322667 2.65058493452 2.66990658243 2.70054153334
304326056 2 56778.499 56996.832 58027.109 20.9781987243 21.357401478 21.4395280862 2.62227484054 2.66967518475 2.67994101077
334758656 2 62757.624 62937.123 63719.61 21.0144824176 21.275752055 21.3366048402 2.6268103022 2.65946900687 2.66707560503
368234520 2 69055.572 69055.688 69351.471 21.2387431551 21.3297140708 21.3297499006 2.65484289439 2.66621425885 2.66621873757
405057968 2 76330.351 76389.947 76702.364 21.1236236735 21.2100143491 21.2265743675 2.64045295918 2.65125179364 2.65332179594
445563760 2 83579.312 83636.036 84587.497 21.0699583651 21.3096546087 21.3241171452 2.63374479564 2.66370682609 2.66551464315
490120136 2 91715.6 92212.059 92848.018 21.1149423136 21.2605657575 21.3756497695 2.6393677892 2.65757071968 2.67195622119
539132144 1 59154.358 59476.297 59589.747 18.0947955359 18.129311043 18.2279771847 2.26184944199 2.26616388038 2.27849714809
593045352 1 65453.163 65578.125 65877.318 18.0045384361 18.0866821673 18.1212129351 2.25056730452 2.26083527091 2.26515161689
652349880 1 72157.916 72448.491 72748.439 17.9344021389 18.0086533479 18.0811729651 2.24180026736 2.25108166849 2.26014662064
717584864 1 79705.921 80158.231 80963.963 17.7260311233 17.9042090886 18.0058107352 2.21575389041 2.23802613608 2.2507263419
789343344 1 86858.712 90054.624 102252.838 15.4390500927 17.5303234623 18.1753407534 1.92988126158 2.19129043279 2.27191759417
868277672 1 95587.814 96777.653 130028.75 13.3551644848 17.9437637736 18.1671205913 1.6693955606 2.24297047171 2.27089007392
955105432 1 105127.718 105425.695 153210.627 12.4678744641 18.1190255753 18.1703826578 1.55848430801 2.26487819691 2.27129783222
1050615968 1 115452.274 115738.04 119175.21 17.6314515074 18.1550675646 18.2000047569 2.20393143843 2.26938344558 2.27500059462

META_DATA
ERT_VERSION  1.1.0
TIMESTAMP_DATA  1560424221.32
MPI_PROCS      1
FLOPS          2
CONFIG  {'ERT_WORKING_SET_MIN': ['1'], 'ERT_CFLAGS': ['-O3', '-march=native', '-fstrict-aliasing', '-ftree-vectorize'], 'ERT_CC': ['gcc'], 'ERT_MPI_CFLAGS': ['-I/usr/local/include'], 'ERT_MPI_LDFLAGS': ['-L/usr/local/lib', '-lmpi'], 'ERT_MEMORY_MAX': ['1073741824'], 'ERT_PROCS_THREADS': ['1-8'], 'ERT_LDFLAGS': [], 'ERT_LDLIBS': [], 'ERT_RUN': ['export', 'OMP_NUM_THREADS=ERT_OPENMP_THREADS;', 'mpirun', '-np', 'ERT_MPI_PROCS', 'ERT_CODE'], 'ERT_FLOPS': ['1,2,4,8,16'], 'ERT_OPENMP_CFLAGS': ['-fopenmp'], 'ERT_MPI': ['True'], 'ERT_TRIALS_MIN': ['1'], 'ERT_DRIVER': ['driver1'], 'ERT_RESULTS': ['Results.p100.01'], 'ERT_OPENMP': ['True'], 'ERT_MPI_PROCS': ['1,2,4,8'], 'ERT_KERNEL': ['kernel1'], 'ERT_GPU': [False], 'ERT_OPENMP_THREADS': ['1,2,4,8'], 'ERT_LD': ['gcc'], 'ERT_NUM_EXPERIMENTS': ['3'], 'ERT_OPENMP_LDFLAGS': ['-fopenmp'], 'ERT_ALIGN': ['32'], 'ERT_GNUPLOT': ['gnuplot']}
HOSTNAME  ('kcadmin-UniServer-R5200-G3', [], ['127.0.1.1'])
TIMESTAMP_DATA  1560424248.48
OPENMP_THREADS 1
TIMESTAMP_DATA  1560424234.84
UNAME  ('Linux', 'kcadmin-UniServer-R5200-G3', '4.4.0-141-generic', '#167-Ubuntu SMP Wed Dec 5 10:40:15 UTC 2018', 'x86_64', 'x86_64')
