32 33554432 249658.847 250055.02 261580.46 8.20964856473 8.58804453516 8.60167253756 4.10482428236 4.29402226758 4.30083626878
64 16777216 122699.337 130276.327 139580.086 15.3853154095 16.4840665795 17.5019987924 7.69265770477 8.24203328975 8.75099939619
96 8388608 61073.921 62780.212 62884.312 25.612313863 25.6547833257 26.3715299366 12.8061569315 12.8273916628 13.1857649683
128 8388608 60977.062 61144.964 62273.15 34.4849047784 35.1211859083 35.2178930497 17.2424523892 17.5605929541 17.6089465248
160 4194304 32634.786 33907.254 38946.135 34.4623999275 39.5837799192 41.1271972183 17.2311999637 19.7918899596 20.5635986092
192 4194304 30447.692 35006.654 35235.68 45.7097106115 46.0087598203 52.8976953655 22.8548553058 23.0043799102 26.4488476828
224 4194304 30921.561 31122.845 34267.691 54.8343975671 60.375206444 60.768219043 27.4171987835 30.187603222 30.3841095215
256 4194304 32835.231 33262.462 37413.404 57.3987774007 64.5617768162 65.4018133145 28.6993887004 32.2808884081 32.7009066572
288 2097152 17866.238 17895.477 18579.197 65.0167793581 67.5008300701 67.6112985845 32.5083896791 33.750415035 33.8056492923
320 2097152 19504.07 19738.383 19791.049 67.8173895684 67.9983400869 68.8152411266 33.9086947842 33.9991700435 34.4076205633
352 2097152 20962.362 21188.674 21277.654 69.3871141997 69.6784993719 70.4307562287 34.6935570999 34.8392496859 35.2153781144
384 2097152 23278.67 25451.148 32584.639 49.4285892196 63.2825181795 69.1883486471 24.7142946098 31.6412590898 34.5941743235
416 2097152 24680.66 25421.224 35198.261 49.5714962736 68.6367605273 70.6962643625 24.7857481368 34.3183802637 35.3481321812
448 2097152 20282.583 20518.586 21560.291 87.1531925056 91.5778597999 92.6434365879 43.5765962528 45.7889298999 46.321718294
480 2097152 25030.233 25368.764 25530.514 78.8572419654 79.360031888 80.4333671205 39.4286209827 39.680015944 40.2166835602
512 2097152 26281.169 26563.761 26973.567 79.6143738794 80.8426053826 81.7118769717 39.8071869397 40.4213026913 40.8559384858
544 1048576 14776.927 14840.455 15007.164 76.0204051878 76.874374 77.2048672907 38.0102025939 38.437187 38.6024336454
576 1048576 15773.164 15895.53 16179.451 74.6601075648 75.9936631242 76.5832113329 37.3300537824 37.9968315621 38.2916056664
608 1048576 18201.166 19104.538 19106.254 66.7356571309 66.7416514338 70.054216087 33.3678285655 33.3708257169 35.0271080435
640 1048576 19105.662 19543.678 20416.186 65.7408430742 68.6757774048 70.2502368146 32.8704215371 34.3378887024 35.1251184073
704 1048576 12860.613 13197.196 13809.477 106.911725042 111.871870964 114.799738395 53.4558625211 55.9359354821 57.3998691975
768 1048576 14689.164 14730.898 15283.29 105.383902026 109.33567906 109.646317244 52.6919510132 54.6678395302 54.8231586222
832 1048576 18246.36 18296.908 18722.96 93.1920200652 95.3620395315 95.6262215587 46.5960100326 47.6810197657 47.8131107794
896 1048576 20174.439 21390.329 21470.199 87.5188996618 87.845689143 93.1400467691 43.7594498309 43.9228445715 46.5700233845
960 1048576 13343.819 13745.283 14012.092 143.680609576 146.469586694 150.876291113 71.8403047882 73.2347933469 75.4381455564
1056 524288 9178.721 9332.808 9560.185 115.823726842 118.645562622 120.637314937 57.9118634211 59.3227813108 60.3186574687
1152 524288 10755.324 10938.726 10986.097 109.953475925 110.429637967 112.312706898 54.9767379625 55.2148189835 56.1563534488
1248 524288 7939.408 8055.326 8202.598 159.537606012 162.454362244 164.826250018 79.7688030061 81.2271811222 82.4131250088
1344 524288 10181.632 10415.493 10706.893 131.624192378 135.306715102 138.414563009 65.8120961889 67.6533575511 69.2072815046
1472 524288 7938.362 7964.832 8450.961 182.642408597 193.789884332 194.436065274 91.3212042985 96.8949421658 97.218032637
1600 524288 10750.903 10833.156 11336.621 147.99132828 154.86914432 156.054017044 73.9956641401 77.4345721598 78.027008522
1760 524288 9476.786 9674.196 9821.37 187.905939803 190.764561727 194.738359608 93.9529699013 95.3822808634 97.3691798042
1920 524288 13079.156 13138.204 13214.243 152.35575129 153.23752927 153.929345288 76.1778756452 76.6187646348 76.964672644
2112 262144 6214.09 6457.654 6682.952 165.689691621 171.470359979 178.191216413 82.8448458107 85.7351799895 89.0956082065
2304 262144 6001.946 6044.884 6078.091 198.739958319 199.831717532 201.261316246 99.3699791596 99.9158587659 100.630658123
2528 262144 5970.851 5979.794 6160.084 215.15941406 221.646442001 221.978418822 107.57970703 110.823221001 110.989209411
2752 262144 5971.577 6020.58 6149.363 234.632526328 239.651424946 241.618014136 117.316263164 119.825712473 120.809007068
3008 262144 6888.214 7008.331 8182.596 192.733247981 225.026230068 228.950248061 96.3666239907 112.513115034 114.475124031
3296 262144 7576.086 8033.053 8144.824 212.165818193 215.117869632 228.093140442 106.082909097 107.558934816 114.046570221
3616 262144 8827.946 8965.582 9310.921 203.613091337 211.455921991 214.752719149 101.806545668 105.727960996 107.376359574
3968 262144 10504.441 12218.764 12257.222 169.726450577 170.260656806 198.047167289 84.8632252887 85.1303284031 99.0235836443
4352 131072 4960.917 5959.226 6096.785 187.123326146 191.442762533 229.967703148 93.5616630732 95.7213812666 114.983851574
4768 131072 6393.57 6529.029 7159.937 174.568937129 191.43774549 195.493690067 87.2844685645 95.7188727451 97.7468450334
5216 131072 6145.966 6796.803 6955.301 196.590069071 201.174449811 222.478143224 98.2950345355 100.587224906 111.239071612
5728 131072 6822.591 7039.99 7715.186 194.62406117 213.290193878 220.086596426 97.3120305849 106.645096939 110.043298213
6272 131072 7061.954 7313.093 8103.68 202.891423156 224.825141428 232.820430153 101.445711578 112.412570714 116.410215076
6880 131072 6510.733 6537.933 8051.924 223.990032693 275.859468122 277.011930915 111.995016346 137.929734061 138.505965457
7552 131072 8101.604 8108.079 9002.919 219.896623306 244.165293407 244.360436279 109.948311653 122.082646703 122.18021814
8288 65536 4301.476 4303.441 4939.623 219.920576125 252.431655505 252.546971319 109.960288062 126.215827753 126.273485659
9088 65536 5230.146 5255.608 5271.113 225.983077198 226.6497684 227.753170944 112.991538599 113.3248842 113.876585472
9984 65536 4723.28 4747.179 5009.137 261.247166528 275.663261908 277.05807151 130.623583264 137.831630954 138.529035755
10976 65536 4914.335 4928.025 5036.573 285.639912695 291.931609925 292.744851948 142.819956347 145.965804962 146.372425974
12064 65536 5472.925 5540.56 5988.925 264.029455704 285.39580981 288.922762143 132.014727852 142.697904905 144.461381071
13248 65536 5643.956 5918.256 5996.598 289.571162849 293.404316407 307.663960527 144.785581425 146.702158203 153.831980263
14560 65536 6492.651 6788.52 7862.174 242.732903138 281.122883928 293.933605857 121.366451569 140.561441964 146.966802928
16000 65536 7757.956 7786.736 8901.542 235.594237493 269.32362931 270.322749961 117.797118746 134.661814655 135.161374981
17600 32768 3923.419 4118.697 4702.58 245.276762968 280.048180286 293.986851774 122.638381484 140.024090143 146.993425887
19360 32768 4779.804 5352.946 5710.826 222.170481118 237.024053671 265.445394832 111.085240559 118.512026835 132.722697416
21280 32768 4795.683 4904.95 5619.185 248.186539507 284.326258168 290.804475609 124.093269754 142.163129084 145.402237804
23392 32768 5222.103 5662.806 6263.884 244.739224417 270.717045931 293.563361734 122.369612209 135.358522965 146.781680867
25728 32768 5491.096 6141.171 6421.707 262.564176161 274.55842021 307.062598796 131.28208808 137.279210105 153.531299398
28288 32768 6058.9 6250.043 6931.493 267.457872063 296.61913814 305.976723168 133.728936032 148.30956907 152.988361584
31104 32768 6558.205 6600.278 7663.148 266.004485885 308.840285818 310.821595848 133.002242942 154.420142909 155.410797924
34208 16384 3835.553 3872.229 4270.48 262.482845956 289.478681142 292.246709666 131.241422978 144.739340571 146.123354833
37600 16384 3929.869 3996.543 4492.773 274.235266282 308.285635861 313.515997607 137.117633141 154.14281793 156.757998804
41344 16384 4638.689 4709.797 5183.303 261.370055349 287.647257833 292.056697916 130.685027674 143.823628916 146.028348958
45472 16384 5023.02 5217.022 5475.06 272.14797573 285.608628064 296.639570617 136.073987865 142.804314032 148.319785308
50016 16384 5253.059 5342.346 6172.901 265.503089714 306.779884343 311.994266198 132.751544857 153.389942171 155.997133099
55008 16384 5583.011 6310.332 6383.665 282.361643977 285.642996914 322.854843739 141.180821989 142.821498457 161.42742187
60480 16384 6116.284 6236.114 6702.071 295.700931846 317.795447614 324.021683754 147.850465923 158.897723807 162.010841877
66528 8192 3276.174 3465.59 3944.375 276.341562859 314.519245496 332.703559701 138.170781429 157.259622748 166.351779851
73152 8192 3779.454 3804.399 4271.123 280.610595387 315.03592762 317.115215055 140.305297693 157.51796381 158.557607527
80448 8192 4098.969 4250.734 4401.471 299.458983599 310.078219903 321.558916889 149.729491799 155.039109951 160.779458444
88480 8192 4620.97 4693.652 4880.353 297.039234662 308.854665834 313.712558186 148.519617331 154.427332917 156.856279093
97312 8192 4859.704 5115.44 5142.793 310.018273728 311.675986425 328.077555341 155.009136864 155.837993213 164.03877767
107040 8192 5281.807 5387.696 5415.775 323.821310893 325.508967098 332.034729781 161.910655446 162.754483549 166.01736489
117728 8192 5734.288 5784.478 5810.419 331.96496707 333.453693142 336.372284057 165.982483535 166.726846571 168.186142028
129472 8192 6495.582 6645.083 7051.285 300.834422095 319.223890507 326.57108293 150.417211047 159.611945253 163.285541465
142400 4096 3705.155 3952.33 4020.519 290.146819353 295.152682089 314.84264491 145.073409677 147.576341044 157.421322455
156640 4096 3955.226 4006.614 4553.687 281.792507917 320.269154952 324.430229777 140.896253959 160.134577476 162.215114889
172288 4096 4482.951 4914.138 5039.882 280.042924815 287.208722262 314.833531752 140.021462407 143.604361131 157.416765876
189504 4096 4916.77 5437.141 5706.569 272.040304428 285.52078528 315.739147448 136.020152214 142.76039264 157.869573724
208448 4096 5649.467 5728.792 6224.997 274.314351637 298.074361227 302.259667328 137.157175819 149.037180613 151.129833664
229280 4096 5604.593 5983.787 8019.963 234.198307399 313.891814665 335.129020073 117.099153699 156.945907333 167.564510037
252192 4096 6243.144 6300.41 8936.698 231.176757232 327.908320887 330.916099965 115.588378616 163.954160444 165.458049983
277408 2048 3554.76 3691.56 4919.117 230.989254372 307.800270888 319.645536689 115.494627186 153.900135444 159.822768344
305120 2048 3988.678 4162.35 5457.649 228.994484621 300.256230255 313.329759885 114.497242311 150.128115127 156.664879943
335616 2048 4166.75 4733.623 5864.623 234.402643785 290.408242481 329.917354293 117.201321892 145.204121241 164.958677146
369152 2048 4619.374 4690.965 6426.18 235.294777302 322.331672055 327.327164243 117.647388651 161.165836027 163.663582122
406048 2048 4967.668 5174.456 6982.004 238.208486847 321.419799105 334.799468886 119.104243424 160.709899553 167.399734443
446624 2048 5527.083 5973.264 6603.341 277.037321562 306.260011947 330.983251744 138.518660781 153.130005973 165.491625872
491264 2048 6112.42 6890.024 7013.359 286.912069381 292.0479441 329.201420059 143.45603469 146.02397205 164.60071003
540384 1024 3356.332 3599.583 4033.375 274.387189884 307.454066763 329.736877043 137.193594942 153.727033381 164.868438522
594400 1024 3529.847 3688.949 5203.42 233.948287857 329.994044374 344.867978697 116.974143928 164.997022187 172.433989349
653824 1024 3863.753 4082.746 5196.785 257.665374265 327.973268971 346.562410175 128.832687133 163.986634486 173.281205087
719200 1024 4277.764 4537.538 6669.881 220.831765964 324.608102456 344.320444045 110.415882982 162.304051228 172.160222023
791104 1024 4911.064 5156.019 6836.596 236.98650498 314.230997209 329.904271661 118.49325249 157.115498605 164.95213583
870208 1024 5393.564 5806.02 7324.302 243.325027286 306.954847555 330.428263019 121.662513643 153.477423777 165.214131509
957216 1024 5880.76 6427.877 7034.408 278.684200291 304.980690825 333.354594984 139.342100145 152.490345413 166.677297492
1052928 512 3373.649 3837.446 4042.446 266.719276398 280.96767277 319.594086996 133.359638199 140.483836385 159.797043498
1158208 512 3661.589 3888.253 4181.774 283.612885823 305.022587779 323.904455689 141.806442912 152.51129389 161.952227844
1274016 512 4042.895 4430.338 4831.263 270.03133218 294.467912832 322.687674055 135.01566609 147.233956416 161.343837028
1401408 512 4365.93 4700.382 5250.014 273.340564806 305.303226844 328.690975806 136.670282403 152.651613422 164.345487903
1541536 512 4722.681 5487.009 7524.556 209.784187133 287.685488396 334.245074778 104.892093567 143.842744198 167.122537389
1695680 512 5318.787 5974.033 6032.751 287.824960785 290.653955209 326.46096187 143.912480392 145.326977605 163.230480935
1865248 512 5859.582 6802.733 7315.043 261.107686175 280.771559313 325.964198811 130.553843087 140.385779656 162.982099406
2051744 512 6424.377 7161.471 7935.94 264.743162877 293.373506086 327.033400437 132.371581438 146.686753043 163.516700219
2256896 256 3583.556 4277.371 4831.588 239.161690111 270.149760682 322.453661112 119.580845055 135.074880341 161.226830556
2482560 256 3897.249 4452.518 4797.097 264.966649622 285.472337226 326.145627339 132.483324811 142.736168613 163.072813669
2730816 256 4290.672 5165.722 5225.482 267.569152855 270.664544472 325.864524718 133.784576428 135.332272236 162.932262359
3003872 256 5015.482 6179.842 6963.28 220.870403603 248.870839093 306.646991057 110.435201801 124.435419546 153.323495528
3304256 256 5449.732 6031.706 8359.646 202.374487149 280.481023445 310.4334437 101.187243575 140.240511723 155.21672185
3634656 256 6392.096 7955.886 9000.572 206.758400688 233.907810142 291.132028055 103.379200344 116.953905071 145.566014027
3998112 256 6997.413 8124.424 9692.222 211.203720261 251.960427472 292.541449819 105.601860131 125.980213736 146.270724909
4397920 128 4524.589 5334.725 5989.281 187.980413676 211.045090422 248.833102852 93.9902068378 105.522545211 124.416551426
4837696 128 5638.001 5815.651 6083.87 203.562892698 212.951254468 219.661219642 101.781446349 106.475627234 109.830609821
5321440 128 6313.595 6807.195 6969.757 195.457121389 200.124814994 215.770672652 97.7285606944 100.062407497 107.885336326
5853568 128 7329.777 8500.926 9279.594 161.484802891 176.27649129 204.441882475 80.7424014456 88.1382456452 102.220941237
6438912 128 8789.478 9610.697 9731.381 169.386181879 171.513207835 187.53803946 84.6930909395 85.7566039175 93.7690197302
7082784 128 9951.971 10974.608 11325.772 160.094402748 165.217081467 182.194331555 80.047201374 82.6085407333 91.0971657775
7791040 128 11151.669 11790.386 12689.199 157.181413894 169.163778014 178.852711643 78.5907069469 84.5818890069 89.4263558217
8570144 64 6422.345 6559.243 7203.597 152.282037987 167.241621022 170.806525031 76.1410189937 83.6208105112 85.4032625155
9427136 64 7007.385 7265.711 7706.821 156.572133698 166.077815096 172.200244171 78.2860668491 83.0389075481 86.1001220855
10369824 64 7588.419 7959.16 8821.574 150.464925194 166.768537383 174.916207447 75.2324625968 83.3842686917 87.4581037236
11406784 64 8700.501 8866.338 9971.555 146.42333638 164.675467143 167.814284718 73.2116681902 82.3377335716 83.9071423588
12547456 64 9148.585 9593.027 11803.715 136.065159825 167.421020289 175.55440191 68.0325799123 83.7105101445 87.7772009551
13802176 64 10580.671 11282.899 12600.612 140.205771593 156.580195214 166.972257998 70.1028857963 78.290097607 83.4861289988
15182368 64 11664.883 12134.267 12338.82 157.498294326 160.153316554 166.597736471 78.7491471632 80.0766582769 83.2988682355
16700576 64 12872.151 14089.968 16678.638 128.168362908 151.716010143 166.069659065 64.0841814541 75.8580050714 83.0348295324
18370624 32 7516.663 7760.883 8163.142 144.027867701 151.493062838 156.415145391 72.0139338505 75.7465314192 78.2075726955
20207680 32 8370.058 8461.753 8632.392 149.81844198 152.839668092 154.514045183 74.90922099 76.4198340462 77.2570225917
22228448 32 9307.005 9879.661 13009.173 109.355196675 143.994887274 152.854830528 54.6775983377 71.997443637 76.4274152641
24451264 32 10262.082 10900.302 11016.567 142.047962491 143.56307706 152.49156029 71.0239812457 71.7815385298 76.2457801448
26896384 32 12132.037 12329.034 13083.566 131.56723297 139.619095543 141.886195698 65.783616485 69.8095477715 70.9430978491
29586016 32 13448.428 13677.787 14294.366 132.465128149 138.436504677 140.797498711 66.2325640745 69.2182523386 70.3987493557
32544608 32 15158.068 15535.735 16090.108 129.449405312 134.068643164 137.40899645 64.7247026558 67.0343215818 68.704498225
35799040 16 8896.783 8950.284 9207.212 124.420864861 127.99250616 128.762191907 62.2104324306 63.9962530798 64.3810959534
39378944 16 9661.758 10401.451 10599.723 118.882937601 121.149078912 130.424112051 59.4414688006 60.5745394561 65.2120560254
43316832 16 10852.446 12036.654 12294.257 112.746839764 115.159796402 127.725917641 56.3734198821 57.5798982009 63.8629588205
47648512 16 13063.174 14256.646 14420.296 105.736552426 106.950287185 116.721432632 52.8682762129 53.4751435927 58.360716316
52413344 16 14681.029 16819.464 16834.966 99.6275851107 99.7194088944 114.24451297 49.8137925553 49.8597044472 57.1222564849
57654656 16 17422.524 19819.307 21447.822 86.0203423919 93.0884713578 105.894472695 43.0101711959 46.5442356789 52.9472363476
63420096 16 20731.97 23255.376 25392.538 79.9228132296 87.2676955212 97.8895431548 39.9614066148 43.6338477606 48.9447715774
69762080 8 12283.779 13666.012 18780.995 59.4320631042 81.6765915323 90.8672551012 29.7160315521 40.8382957662 45.4336275506
76738272 8 14271.627 15646.12 16733.638 73.3739042281 78.4739189013 86.031701361 36.6869521141 39.2369594506 43.0158506805
84412096 8 16417.221 17532.585 18293.041 73.8310014174 77.0333374115 82.2668791509 36.9155007087 38.5166687057 41.1334395754
92853280 8 18891.796 19935.736 21438.865 69.2971610204 74.5220783421 78.6400869457 34.6485805102 37.2610391711 39.3200434728
102138592 8 21543.081 22971.831 24028.68 68.0111213766 71.1400615824 75.8581129598 34.0055606883 35.5700307912 37.9290564799
112352448 8 24331.807 25780.913 25804.109 69.6648416731 69.7275215971 73.8802164591 34.8324208365 34.8637607985 36.9401082295
123587680 8 27704.582 28491.681 28552.099 69.2559548774 69.4028155096 71.374579122 34.6279774387 34.7014077548 35.687289561
135946432 4 15865.855 15948.452 16018.775 67.8935471657 68.1929165288 68.5479260966 33.9467735829 34.0964582644 34.2739630483
149541056 4 17779.407 17803.29 18005.112 66.4438215102 67.1970432431 67.2873087387 33.2219107551 33.5985216216 33.6436543693
164495136 4 19748.017 19959.361 20140.249 65.3398618855 65.9320249782 66.6376319202 32.6699309428 32.9660124891 33.3188159601
180944640 4 22003.064 22143.231 22578.262 64.1128675006 65.3724436149 65.7888883112 32.0564337503 32.6862218075 32.8944441556
199039104 4 24602.258 24753.691 25171.133 63.2594818835 64.3262789376 64.722223139 31.6297409417 32.1631394688 32.3611115695
218943008 4 27466.744 27863.86 28399.702 61.6747339109 62.8607832511 63.7696286098 30.8373669555 31.4303916256 31.8848143049
240837280 4 30605.5 30674.414 30895.663 62.3614466535 62.8112484887 62.9526797471 31.1807233268 31.4056242444 31.4763398736
264920992 4 33987.196 33992.904 34383.093 61.6398279236 62.3473633203 62.3578342856 30.8199139618 31.1736816601 31.1789171428
291413088 2 18924.622 18977.874 19091.291 61.0567589169 61.4216509183 61.5944853218 30.5283794585 30.7108254592 30.7972426609
320554368 2 20969.557 21100.685 28274.756 45.3484893733 60.7666278133 61.1466170697 22.6742446867 30.3833139066 30.5733085348
352609792 2 23337.704 23400.652 27878.411 50.5925236557 60.2734987042 60.4360723746 25.2962618278 30.1367493521 30.2180361873
387870752 2 25569.225 25585.408 26002.865 59.6658486671 60.6393694406 60.6777486607 29.8329243335 30.3196847203 30.3388743304
426657824 2 27740.914 28295.068 28709.064 59.4457310068 60.3155043133 61.5203700931 29.7228655034 30.1577521567 30.7601850465
469323584 2 30767.222 31298.02 36371.672 51.6141885366 59.9812491653 61.0160493528 25.8070942683 29.9906245826 30.5080246764
516255936 2 34578.621 35386.466 55541.907 37.1795614436 58.356314643 59.7196673633 18.5897807218 29.1781573215 29.8598336816
567881504 1 29482.952 29634.34 31267.871 36.3236437812 38.3259086587 38.522703154 18.1618218906 19.1629543293 19.261351577
624669632 1 32597.099 33677.845 34898.449 35.7992776126 37.09676982 38.3267009129 17.8996388063 18.54838491 19.1633504564
687136576 1 36005.294 36182.567 38151.736 36.0212482074 37.9816377318 38.1686413115 18.0106241037 18.9908188659 19.0843206557
755850208 1 39472.988 40028.151 41889.725 36.087618527 37.7659316814 38.2970859971 18.0438092635 18.8829658407 19.1485429986
831435200 1 43340.035 43753.335 46105.128 36.0669294747 38.0055691755 38.3679985491 18.0334647374 19.0027845877 19.1839992746
914578720 1 48116.626 48244.603 50142.688 36.4790463567 37.9142396508 38.0150811073 18.2395231783 18.9571198254 19.0075405537
1006036576 1 46615.175 52869.798 58117.236 34.6209367562 38.0571371201 43.1634795321 17.3104683781 19.0285685601 21.5817397661

META_DATA
ERT_VERSION  1.1.0
FLOPS          8
TIMESTAMP_DATA  1560424744.7
TIMESTAMP_DATA  1560424750.55
HOSTNAME  ('kcadmin-UniServer-R5200-G3', [], ['127.0.1.1'])
OPENMP_THREADS 1
CONFIG  {'ERT_WORKING_SET_MIN': ['1'], 'ERT_CFLAGS': ['-O3', '-march=native', '-fstrict-aliasing', '-ftree-vectorize'], 'ERT_CC': ['gcc'], 'ERT_MPI_CFLAGS': ['-I/usr/local/include'], 'ERT_MPI_LDFLAGS': ['-L/usr/local/lib', '-lmpi'], 'ERT_MEMORY_MAX': ['1073741824'], 'ERT_PROCS_THREADS': ['1-8'], 'ERT_LDFLAGS': [], 'ERT_LDLIBS': [], 'ERT_RUN': ['export', 'OMP_NUM_THREADS=ERT_OPENMP_THREADS;', 'mpirun', '-np', 'ERT_MPI_PROCS', 'ERT_CODE'], 'ERT_FLOPS': ['1,2,4,8,16'], 'ERT_OPENMP_CFLAGS': ['-fopenmp'], 'ERT_MPI': ['True'], 'ERT_TRIALS_MIN': ['1'], 'ERT_DRIVER': ['driver1'], 'ERT_RESULTS': ['Results.p100.01'], 'ERT_OPENMP': ['True'], 'ERT_MPI_PROCS': ['1,2,4,8'], 'ERT_KERNEL': ['kernel1'], 'ERT_GPU': [False], 'ERT_OPENMP_THREADS': ['1,2,4,8'], 'ERT_LD': ['gcc'], 'ERT_NUM_EXPERIMENTS': ['3'], 'ERT_OPENMP_LDFLAGS': ['-fopenmp'], 'ERT_ALIGN': ['32'], 'ERT_GNUPLOT': ['gnuplot']}
TIMESTAMP_DATA  1560424738.65
MPI_PROCS      4
UNAME  ('Linux', 'kcadmin-UniServer-R5200-G3', '4.4.0-141-generic', '#167-Ubuntu SMP Wed Dec 5 10:40:15 UTC 2018', 'x86_64', 'x86_64')
