1024 1048576 530260.086 530514.956 530864.954 4.04525413068 4.04792291662 4.0498685545 2.02262706534 2.02396145831 2.02493427725
1120 524288 265350.819 265379.906 265503.883 4.42330675819 4.42537318556 4.42585828235 2.2116533791 2.21268659278 2.21292914118
1232 524288 265892.029 266052.961 266144.991 4.85391675848 4.8555957699 4.85853463475 2.42695837924 2.42779788495 2.42926731737
1352 524288 263192.892 263279.915 263383.15 5.3825567505 5.38466731122 5.38644771607 2.69127837525 2.69233365561 2.69322385804
1480 524288 263787.031 263834.0 264011.145 5.87813245536 5.88207918615 5.88312652869 2.93906622768 2.94103959308 2.94156326434
1624 524288 263417.959 263447.046 263533.831 6.46174124035 6.46386987387 6.46458362393 3.23087062017 3.23193493694 3.23229181196
1784 524288 263770.103 263834.0 263880.968 7.08902804995 7.09029004601 7.09200763363 3.54451402498 3.54514502301 3.54600381682
1960 524288 261837.959 261958.122 262068.033 7.84227262087 7.84556304003 7.84916353553 3.92113631043 3.92278152002 3.92458176776
2152 262144 130303.86 130311.966 130321.98 8.65754016322 8.65820546365 8.65874407711 4.32877008161 4.32910273182 4.32937203856
2360 262144 130342.96 130373.955 130394.936 9.4890163526 9.49054341414 9.49280022488 4.7445081763 4.74527170707 4.74640011244
2592 262144 130110.979 130164.862 130197.048 10.4376751768 10.4402561115 10.444579746 5.21883758839 5.22012805576 5.22228987302
2848 262144 130057.096 130082.846 130124.092 11.4749866919 11.4786251217 11.4808977743 5.73749334597 5.73931256086 5.74044888716
3128 262144 129930.019 129948.139 130006.075 12.6145863876 12.6202104672 12.6219704778 6.3072931938 6.3101052336 6.31098523891
3440 262144 129588.127 129603.863 129657.03 13.910165303 13.915871628 13.9175614445 6.95508265152 6.957935814 6.95878072225
3784 262144 129654.884 129677.057 129697.084 15.2964564107 15.2988187571 15.3014350929 7.64822820535 7.64940937856 7.65071754644
4160 131072 64959.049 64977.169 64988.136 16.7802787881 16.7831110032 16.7877925676 8.39013939406 8.39155550159 8.3938962838
4576 131072 65355.062 65365.076 65371.037 18.3501899167 18.3518633712 18.3546753272 9.17509495834 9.1759316856 9.17733766361
5032 131072 65660.0 65678.12 65687.895 20.0814565302 20.0844452917 20.0899879379 10.0407282651 10.0422226458 10.0449939689
5528 131072 65995.932 66022.873 66038.132 21.9438677036 21.9489393017 21.9578993445 10.9719338518 10.9744696508 10.9789496722
6080 131072 66868.067 66871.881 66882.849 23.8302575897 23.8341661124 23.8355255581 11.9151287948 11.9170830562 11.9177627791
6688 131072 72569.132 72576.046 72585.821 24.153740329 24.1569935072 24.1592950567 12.0768701645 12.0784967536 12.0796475284
7352 131072 75732.946 75757.98 75782.061 25.4319117555 25.4399957338 25.4484050838 12.7159558777 12.7199978669 12.7242025419
8080 131072 79831.839 79869.032 79897.881 26.510384174 26.5199598262 26.5323152583 13.255192087 13.2599799131 13.2661576292
8888 65536 39942.026 39947.987 39963.007 29.1511581198 29.1621186319 29.1664708245 14.5755790599 14.581059316 14.5832354122
9776 65536 39919.853 39930.105 39966.106 32.0611638272 32.0900701864 32.0983113841 16.0305819136 16.0450350932 16.049155692
10752 65536 39937.973 39958.0 39965.868 35.2622428718 35.2691862456 35.2868720703 17.6311214359 17.6345931228 17.6434360352
11824 65536 39940.834 39943.933 39973.974 38.7701089714 38.7992671628 38.8022775889 19.3850544857 19.3996335814 19.4011387944
13000 65536 39946.079 39959.908 39971.828 42.6284231985 42.6411392138 42.6559012212 21.3142115992 21.3205696069 21.3279506106
14296 65536 39933.92 39947.987 39972.067 46.8778687877 46.9061260083 46.9226490162 23.4389343939 23.4530630042 23.4613245081
15720 65536 39944.887 39947.033 39962.053 51.5602098821 51.5795964121 51.5823674755 25.7801049411 25.789798206 25.7911837377
17288 32768 19968.033 19972.086 19987.106 56.6858637764 56.7284943596 56.7400087931 28.3429318882 28.3642471798 28.3700043965
19016 32768 19966.841 19976.854 19993.067 62.3332366165 62.3838256014 62.4151099315 31.1666183082 31.1919128007 31.2075549658
20912 32768 19968.987 19975.185 19983.053 68.582555028 68.6095689226 68.6308640493 34.291277514 34.3047844613 34.3154320247
23000 32768 19958.973 19973.04 19983.053 75.4303158782 75.4681310406 75.5213206611 37.7151579391 37.7340655203 37.7606603306
25296 32768 19958.019 19971.848 19989.967 82.9315354047 83.0067731339 83.0642888956 41.4657677024 41.5033865669 41.5321444478
27824 32768 19953.966 19975.185 19980.192 91.2640711361 91.2869474801 91.384021803 45.632035568 45.64347374 45.6920109015
30600 32768 19964.933 19970.894 19994.02 100.300069721 100.416215719 100.44619734 50.1500348604 50.2081078594 50.2230986701
33656 16384 10010.004 10020.971 10030.031 109.953778607 110.053188259 110.173762968 54.9768893037 55.0265941295 55.0868814838
37016 16384 10015.965 10017.872 10031.939 120.907861182 121.077638844 121.100691546 60.4539305911 60.5388194219 60.550345773
40712 16384 10013.103 10020.971 10028.124 133.030945369 133.125903268 133.230509663 66.5154726846 66.5629516341 66.6152548316
44776 16384 10010.004 10015.965 10018.11 146.456763601 146.488128503 146.575362807 73.2283818006 73.2440642514 73.2876814035
49248 16384 10005.951 10015.965 10018.826 161.072611102 161.118620522 161.27986875 80.5363055512 80.5593102612 80.6399343751
54168 16384 10020.018 10025.978 10032.892 176.91579098 177.03779362 177.143097348 88.4578954902 88.5188968099 88.5715486739
59584 16384 10015.965 10020.971 10025.024 194.757490057 194.836260079 194.933639644 97.3787450284 97.4181300395 97.4668198222
65536 16384 10004.044 10014.057 10019.064 214.339747505 214.446916769 214.661555667 107.169873753 107.223458385 107.330777833
72088 8192 5010.843 5012.035 5016.088 235.460341206 235.650747052 235.706804623 117.730170603 117.825373526 117.853402312
79296 8192 5003.929 5007.029 5010.128 259.311870675 259.472366547 259.6331131 129.655935337 129.736183274 129.81655655
87224 8192 5007.982 5014.896 5020.857 284.62830469 284.966630614 285.360054409 142.314152345 142.483315307 142.680027205
95944 8192 5005.121 5012.035 5014.896 313.455452715 313.634381244 314.067631132 156.727726358 156.817190622 157.033815566
105536 8192 5008.936 5010.843 5013.943 344.858691852 345.072041571 345.203417253 172.429345926 172.536020785 172.601708626
116088 8192 5005.121 5009.89 5012.989 379.411523145 379.64621818 380.007954253 189.705761573 189.82310909 190.003977127
127696 8192 5006.075 5007.982 5008.936 417.687761233 417.767329036 417.926472136 208.843880617 208.883664518 208.963236068
140464 4096 2511.978 2514.124 2518.892 456.82033529 457.686688485 458.077693356 228.410167645 228.843344242 229.038846678
154504 4096 2509.117 2516.031 2516.985 502.862260999 503.052930588 504.439118622 251.431130499 251.526465294 252.219559311
169952 4096 2512.932 2512.932 2516.985 553.140675848 554.032812667 554.032812667 276.570337924 277.016406333 277.016406333
186944 4096 2511.978 2514.839 2518.177 608.156316256 608.96353524 609.657110054 304.078158128 304.48176762 304.828555027
205632 4096 2517.939 2517.939 2519.131 668.697794597 669.014358172 669.014358172 334.348897298 334.507179086 334.507179086
226192 4096 2511.978 2517.939 2519.131 735.557167928 735.905382934 737.651708733 367.778583964 367.952691467 368.825854367
248808 4096 2599.955 2602.1 2604.961 782.443628139 783.303922217 783.950159137 391.221814069 391.651961108 391.975079569
273688 2048 1304.865 1305.819 1309.156 856.296765244 858.485018215 859.112665295 428.148382622 429.242509107 429.556332647
301056 2048 1310.825 1312.971 1316.071 936.97481063 939.187062014 940.724639826 468.487405315 469.593531007 470.362319913
331160 2048 1313.21 1313.925 1313.925 1032.35067451 1032.35067451 1032.91275577 516.175337253 516.175337253 516.456377883
364272 2048 1320.839 1323.938 1324.892 1126.17338772 1126.98488298 1129.62905547 563.086693859 563.492441489 564.814527736
400696 2048 1329.184 1332.998 1337.051 1227.51549193 1231.24777081 1234.78074969 613.757745965 615.623885407 617.390374847
440760 2048 1340.866 1342.058 1343.966 1343.30255378 1345.21232316 1346.40818695 671.651276892 672.606161582 673.204093474
484832 2048 1976.967 1987.934 1991.034 997.407312984 998.962677835 1004.50430988 498.703656492 499.481338918 502.252154942
533312 1024 998.974 1000.881 1006.126 1085.57275729 1091.26157455 1093.34474771 542.786378644 545.630787276 546.672373856
586640 1024 997.066 1004.934 1006.126 1194.12351932 1195.53992601 1204.97411405 597.06175966 597.769963003 602.487057025
645304 1024 996.113 998.974 1006.126 1313.53587125 1322.93992837 1326.73962894 656.767935626 661.469964183 663.369814469
709832 1024 1067.877 1068.115 1068.83 1360.11894876 1361.02941724 1361.33275274 680.059474379 680.514708622 680.666376371
780808 1024 1071.93 1073.122 1073.122 1490.13325978 1490.13325978 1491.7903072 745.066629889 745.066629889 745.895153601
858888 1024 1085.043 1086.95 1088.142 1616.51937339 1618.29212383 1621.13632732 808.259686695 809.146061916 810.568163658
944776 1024 1447.916 1449.108 1450.062 1334.3575985 1335.23605418 1336.33529017 667.178799251 667.61802709 668.167645084
1039248 1024 1446.009 1449.108 1450.062 1467.78544917 1468.75174521 1471.8994861 733.892724587 734.375872606 735.949743051
1143168 512 730.991 731.945 733.852 1595.15001935 1599.3060025 1601.39322098 797.575009675 799.65300125 800.696610492
1257480 512 810.146 811.1 812.054 1585.68213444 1587.54718284 1589.41662367 792.84106722 793.773591419 794.708311835
1383224 512 976.086 978.947 982.046 1442.31673058 1446.88259528 1451.12354444 721.15836529 723.441297639 725.561772221
1521544 512 1004.934 1007.08 1008.034 1545.64335727 1547.10753465 1550.41132651 772.821678634 773.553767327 775.205663257
1673696 512 1080.036 1081.944 1083.851 1581.27335215 1584.06045415 1586.85886767 790.636676074 792.030227073 793.429433834
1841064 512 1235.008 1237.154 1239.061 1521.51470832 1523.86003359 1526.5079546 760.757354158 761.930016797 763.253977302
2025168 512 1268.864 1269.817 1272.917 1629.14945122 1633.12668833 1634.35327348 814.574725611 816.563344167 817.17663674
2227680 256 684.977 685.215 685.93 1662.81130728 1664.54639785 1665.12475601 831.405653638 832.273198923 832.562378007
2450448 256 779.867 779.867 780.106 1608.28063878 1608.77351651 1608.77351651 804.140319392 804.386758255 804.386758255
2695488 256 820.875 821.114 822.067 1678.80459379 1680.75304525 1681.2424011 839.402296893 840.376522627 840.621200548
2965032 256 913.143 914.097 916.004 1657.30322575 1660.76071139 1662.49577996 828.651612875 830.380355695 831.24788998
3261528 256 1049.042 1049.995 1050.949 1588.94707165 1590.39075043 1591.83553757 794.473535823 795.195375216 795.917768783
3587680 256 1383.066 1384.02 1385.927 1325.3888264 1327.21504025 1328.13051582 662.694413198 663.607520123 664.065257912
3946448 256 1650.095 1656.055 1657.009 1219.41484687 1220.11731253 1224.52427042 609.707423436 610.058656264 612.26213521
4341088 128 1276.016 1278.877 1285.076 864.788174396 868.979994167 870.928364535 432.394087198 434.489997083 435.464182267
4775192 128 1842.022 1844.168 1851.082 660.397082355 662.87298771 663.645250708 330.198541178 331.436493855 331.822625354
5252704 128 2192.02 2205.133 2211.809 607.960372708 609.800961665 613.44888459 303.980186354 304.900480833 306.724442295
5777968 128 2581.12 2588.987 2593.994 570.224837837 571.327630459 573.068980908 285.112418918 285.66381523 286.534490454
6355760 128 2918.959 2926.826 2930.88 555.148815373 555.917762108 557.416037704 277.574407686 277.958881054 278.708018852
6991336 128 3267.05 3272.057 3277.063 546.154289985 546.989864785 547.828167919 273.077144992 273.494932393 273.91408396
7690464 128 3631.83 3638.983 3652.096 539.07640544 541.01895612 542.084509462 269.53820272 270.50947806 271.042254731
8459504 64 2034.903 2036.095 2037.048 531.561608759 531.810407668 532.121930136 265.78080438 265.905203834 266.060965068
9305448 64 2253.056 2254.009 2258.062 527.486554399 528.435043516 528.658561527 263.7432772 264.217521758 264.329280764
10235992 64 2485.991 2487.898 2492.905 525.574370463 526.632111124 527.036089833 262.787185232 263.316055562 263.518044916
11259584 64 2725.124 2732.038 2734.9 526.976032762 527.528076842 528.866485342 263.488016381 263.764038421 264.433242671
12385536 64 3005.981 3010.035 3010.988 526.521064846 526.687765425 527.398080028 263.260532423 263.343882712 263.699040014
13624088 64 3319.025 3323.078 3327.131 524.140246958 524.779515858 525.420346035 262.070123479 262.389757929 262.710173018
14986496 64 3654.957 3658.056 3659.01 524.259700848 524.396424768 524.841055038 262.129850424 262.198212384 262.420527519
16485144 64 4028.082 4031.181 4037.142 522.671343242 523.444229371 523.846940554 261.335671621 261.722114685 261.923470277
18133656 32 2224.207 2230.167 2232.075 519.943991129 520.388824693 521.783262079 259.971995565 260.194412347 260.89163104
19947016 32 2445.936 2449.036 2454.042 520.206672909 521.270011547 521.930673574 260.103336455 260.635005774 260.965336787
21941712 32 2690.077 2696.037 2699.137 520.266132471 520.864353123 522.018354121 260.133066236 260.432176561 261.009177061
24135880 32 2967.834 2973.08 2993.107 516.084563632 519.560967078 520.479352956 258.042281816 259.780483539 260.239676478
26549464 32 3262.043 3266.096 3268.003 519.94006615 520.243647462 520.890036091 259.970033075 260.121823731 260.445018045
29204408 32 3597.975 3600.836 3607.035 518.176871586 519.068936214 519.481684003 259.088435793 259.534468107 259.740842001
32124848 32 3948.927 3951.073 3965.139 518.516569533 520.362512158 520.645297317 259.258284766 260.181256079 260.322648659
35337328 16 2177.954 2178.907 2185.106 517.500979815 518.973272379 519.200357767 258.750489908 259.48663619 259.600178883
38871056 16 2393.961 2399.921 2405.167 517.167328506 518.297807303 519.588160375 258.583664253 259.148903651 259.794080188
42758160 16 2635.956 2642.87 2645.016 517.297861336 517.717905156 519.075857108 258.648930668 258.858952578 259.537928554
47033976 16 2903.938 2907.991 2918.959 515.624656598 517.569425765 518.291792731 257.812328299 258.784712883 259.145896366
51737368 16 3184.08 3192.186 3196.001 518.021044424 518.640134378 519.960483405 259.010522212 259.320067189 259.980241702
56911104 16 3505.945 3514.051 3525.972 516.497387954 518.249543902 519.447774566 258.248693977 259.124771951 259.723887283
62602208 16 3872.871 3876.925 3891.945 514.722241964 516.716381153 517.257263668 257.361120982 258.358190576 258.628631834
68862424 8 2115.011 2118.826 2125.025 518.487445559 520.004372233 520.942342144 259.24372278 260.002186116 260.471171072
75748664 8 2326.012 2329.111 2338.171 518.344733555 520.361040758 521.0543299 259.172366777 260.180520379 260.52716495
83323528 8 2559.185 2565.861 2570.868 518.570555937 519.582490244 520.937895463 259.285277968 259.791245122 260.468947731
91655880 8 2817.154 2823.114 2825.975 518.93384761 519.459745515 520.5587199 259.466923805 259.729872758 260.27935995
100821464 8 3103.018 3103.018 3103.971 519.703123515 519.862734925 519.862734925 259.851561758 259.931367462 259.931367462
110903608 8 3412.962 3414.869 3425.837 517.963267955 519.626881148 519.917223807 258.981633977 259.813440574 259.958611904
121993968 8 3753.185 3760.099 3768.921 517.894508269 519.10960004 520.065887506 258.947254135 259.55480002 260.032943753
134193360 8 4141.092 4149.914 4158.02 516.374081895 517.382712027 518.484921369 258.187040947 258.691356014 259.242460684
147612696 4 2264.023 2271.175 2277.136 518.590706923 519.951817011 521.594333626 259.295353462 259.975908506 260.797166813
162373960 4 2488.136 2496.004 2514.124 516.677649949 520.428524954 522.074227454 258.338824974 260.214262477 261.037113727
178611352 4 2743.006 2748.013 2752.066 519.206594609 519.972364032 520.921505822 259.603297305 259.986182016 260.460752911
196472480 4 3024.101 3026.009 3036.022 517.710293272 519.42338572 519.751106197 258.855146636 259.71169286 259.875553098
216119728 4 3319.025 3327.131 3332.138 518.873415207 519.654267896 520.923410941 259.436707603 259.827133948 260.461705471
237731696 4 3662.109 3670.931 3674.984 517.513428086 518.0848041 519.332867482 258.756714043 259.04240205 259.666433741
261504864 4 4029.989 4034.042 4049.063 516.672354073 518.596214913 519.117772282 258.336177037 259.298107456 259.558886141
287655344 2 2208.948 2213.001 2216.101 519.209808578 519.937124294 520.891110157 259.604904289 259.968562147 260.445555079
316420872 2 2428.055 2433.062 2438.068 519.133792823 520.201905254 521.274636695 259.566896411 260.100952627 260.637318347
348062952 2 2674.103 2679.11 2683.878 518.746309631 519.669520102 520.642551166 259.373154816 259.834760051 260.321275583
382869240 2 2943.039 2948.999 2956.152 518.064348518 519.320949244 520.372635225 259.032174259 259.660474622 260.186317613
421156160 2 3234.148 3250.122 3255.129 517.529302218 518.326585894 520.886687931 258.764651109 259.163292947 260.443343966
463271776 2 3563.881 3566.027 3571.987 518.783272168 519.650329064 519.96323783 259.391636084 259.825164532 259.981618915
509598952 2 3927.946 3930.807 3962.04 514.481380299 518.569293277 518.947003854 257.24069015 259.284646639 259.473501927
560558840 1 2156.973 2161.026 2177.0 514.982857143 518.789537932 519.764354955 257.491428571 259.394768966 259.882177477
616614720 1 2372.026 2375.841 2380.133 518.134675667 519.070695387 519.905532233 259.067337834 259.535347694 259.952766116
678276192 1 2601.862 2605.915 2619.982 517.771642706 520.566627845 521.377530399 258.885821353 260.283313922 260.6887652
746103808 1 2866.03 2871.037 2881.05 517.938812586 519.745170822 520.653173903 258.969406293 259.872585411 260.326586951
820714184 1 3154.993 3159.046 3167.868 518.149230965 519.596222404 520.26371152 259.074615483 259.798111202 260.13185576
902785600 1 3473.043 3482.819 3484.011 518.244976838 518.422346955 519.881613905 259.122488419 259.211173478 259.940806952
993064160 1 3823.042 3830.194 3839.016 517.353488498 518.545097194 519.515171426 258.676744249 259.272548597 259.757585713

META_DATA
ERT_VERSION  1.1.0
FLOPS          8
HOSTNAME  ce1
UNAME  ('Linux', 'ce1', '3.10.0-514.el7.x86_64', '#1 SMP Tue Nov 22 16:42:41 UTC 2016', 'x86_64', 'x86_64')
GPU_BLOCKS     112
TIMESTAMP_DATA  1560475390.49
TIMESTAMP_DATA  1560475409.86
TIMESTAMP_DATA  1560475371.24
TIMESTAMP_DATA  1560475332.75
TIMESTAMP_DATA  1560475352.0
GPU_THREADS    1024
CONFIG  {'ERT_WORKING_SET_MIN': ['128'], 'ERT_CFLAGS': ['-O3'], 'ERT_CC': ['nvcc'], 'ERT_BLOCKS_THREADS': ['114688'], 'ERT_GPU_THREADS': ['64,128,256,512,1024'], 'ERT_GPU_LDFLAGS': [], 'ERT_MEMORY_MAX': ['1073741824'], 'ERT_LDFLAGS': [], 'ERT_LDLIBS': [], 'ERT_RUN': ['./ERT_CODE'], 'ERT_FLOPS': ['1,2,4,8,16,32,64,128,256,512,1024'], 'ERT_MPI': [False], 'ERT_TRIALS_MIN': ['1'], 'ERT_DRIVER': ['driver1'], 'ERT_RESULTS': ['Results.summitdev.ornl.gov.01'], 'ERT_GPU': ['True'], 'ERT_GPU_CFLAGS': ['-x', 'cu'], 'ERT_KERNEL': ['kernel1'], 'ERT_OPENMP': [False], 'ERT_LD': ['nvcc'], 'ERT_NUM_EXPERIMENTS': ['5'], 'ERT_ALIGN': ['32'], 'ERT_GNUPLOT': ['gnuplot'], 'ERT_GPU_BLOCKS': ['56,112,448,896,1792']}
