64 16777216 84150.857 84151.135 84600.741 25.3837451376 25.5193664114 25.5194507169 6.34593628441 6.37984160285 6.37986267924
128 8388608 42084.182 42105.38 42108.339 50.9990110985 51.0025951078 51.0282853543 12.7497527746 12.7506487769 12.7570713386
192 4194304 21040.722 21047.015 21069.938 76.441266035 76.5245207456 76.5474082116 19.1103165088 19.1311301864 19.1368520529
256 4194304 21040.358 21042.9 21049.631 102.020013938 102.052647116 102.064976651 25.5050034844 25.513161779 25.5162441628
320 2097152 10518.39 10522.053 10523.654 127.53909241 127.558498327 127.602920219 31.8847731026 31.8896245818 31.9007300547
384 2097152 12139.126 12140.043 12144.13 132.624793707 132.669442439 132.679464403 33.1561984267 33.1673606098 33.1698661007
448 2097152 13756.65 13757.439 13761.337 136.545467348 136.584155816 136.591989474 34.136366837 34.1460389539 34.1479973685
512 2097152 15375.686 15379.979 25544.085 84.0697033384 139.628516268 139.667501535 21.0174258346 34.907129067 34.9168753836
576 1048576 8497.324 8497.702 15164.887 79.6550315212 142.151319498 142.157643042 19.9137578803 35.5378298745 35.5394107604
640 1048576 9308.669 9310.004 10587.362 126.771643399 144.165059435 144.185734824 31.6929108497 36.0412648587 36.046433706
704 1048576 10118.876 10120.28 10258.957 143.912778658 145.884798444 145.905040046 35.9781946644 36.4711996111 36.4762600115
768 1048576 10922.808 10925.832 10961.409 146.934827083 147.41328038 147.454092025 36.7337067707 36.853320095 36.8635230062
832 1048576 11735.051 11739.516 11783.552 148.073387719 148.628824561 148.685375462 37.0183469297 37.1572061404 37.1713438655
896 1048576 6474.238 6478.357 6652.435 282.460210735 290.050114867 290.234648773 70.6150526837 72.5125287168 72.5586621931
960 1048576 7282.457 7314.861 7683.46 262.02595185 275.229552551 276.454213187 65.5064879625 68.8073881377 69.1135532966
1024 1048576 8092.95 8110.287 8427.631 254.814626791 264.78516087 265.352392885 63.7036566978 66.1962902176 66.3380982213
1088 524288 4347.487 4451.162 4451.413 256.289561989 256.304014098 262.416124074 64.0723904971 64.0760035245 65.6040310184
1152 524288 4514.23 4855.878 4856.001 248.756034441 248.762335462 267.589279235 62.1890086102 62.1905838656 66.8973198087
1216 524288 5242.069 5663.653 9716.571 131.226171867 225.131803802 243.237625449 32.8065429666 56.2829509506 60.8094063623
1280 524288 5305.511 5667.233 10629.439 126.269813487 236.831144934 252.977946893 31.5674533717 59.2077862336 63.2444867233
1408 524288 3534.699 3892.52 6650.741 221.989550939 379.290281874 417.686204115 55.4973877347 94.8225704685 104.421551029
1536 524288 4401.169 4451.622 8113.839 198.501934288 361.803570923 365.951122531 49.625483572 90.4508927308 91.4877806328
1664 524288 5519.262 5866.106 10287.641 169.604524886 297.442709695 316.134741203 42.4011312214 74.3606774238 79.0336853007
1792 524288 5621.481 6072.066 6310.939 297.744629127 309.457801019 334.262126297 74.4361572818 77.3644502547 83.5655315743
1920 524288 3956.172 3967.756 4251.131 473.583599282 507.40668529 508.892414182 118.395899821 126.851671323 127.223103546
2112 262144 2683.023 2922.199 2934.672 377.315167078 378.92568439 412.704720012 94.3287917696 94.7314210976 103.176180003
2304 262144 3075.555 3184.04 3235.159 373.384909984 379.379515333 392.761485976 93.3462274961 94.8448788332 98.1903714939
2496 262144 2322.774 2348.672 2431.026 538.300638496 557.175649899 563.387935288 134.575159624 139.293912475 140.846983822
2688 262144 2865.56 2958.514 3033.291 464.606311758 476.349324019 491.801303759 116.15157794 119.087331005 122.95032594
2944 262144 2339.498 2358.298 2430.37 635.090077642 654.499080269 659.758577267 158.772519411 163.624770067 164.939644317
3200 262144 3046.816 3214.569 3238.882 517.994048564 521.911833282 550.647495615 129.498512141 130.47795832 137.661873904
3520 262144 2878.128 2936.06 4941.994 373.430999714 628.561323679 641.213233046 93.3577499285 157.14033092 160.303308261
3840 262144 3608.285 3609.839 3854.87 522.26558094 557.7162638 557.956458539 130.566395235 139.42906595 139.489114635
4224 131072 1846.88 1847.142 1926.096 574.891519426 599.464608568 599.549649138 143.722879856 149.866152142 149.887412285
4608 131072 1800.502 1801.236 1874.871 644.289421512 670.628142009 670.901533017 161.072355378 167.657035502 167.725383254
5056 131072 1802.135 1802.321 1875.087 706.847236422 735.385130618 735.461030389 176.711809105 183.846282654 183.865257597
5504 131072 2306.764 2307.952 2706.647 533.073051639 625.160564864 625.482527038 133.26826291 156.290141216 156.370631759
6016 131072 2341.962 2342.235 2704.365 583.152904286 673.313439514 673.39192694 145.788226072 168.328359878 168.347981735
6592 131072 2528.013 2759.021 2925.323 590.722203326 626.328414318 683.561851937 147.680550831 156.582103579 170.890462984
7232 131072 2857.684 2870.02 3363.012 563.728410128 660.561741033 663.413242332 140.932102532 165.140435258 165.853310583
7936 131072 2962.671 2978.067 3058.809 680.125756136 698.56547351 702.195682207 170.031439034 174.641368378 175.548920552
8704 65536 1703.048 1727.906 1899.672 600.551404664 660.250434919 669.88757099 150.137851166 165.06260873 167.471892748
9536 65536 1528.602 1567.439 1729.88 722.537165584 797.417055464 817.676930947 180.634291396 199.354263866 204.419232737
10432 65536 2498.263 2598.858 4723.655 289.46718251 526.132287335 547.317517811 72.3667956275 131.533071834 136.829379453
11456 65536 2417.23 2482.681 2524.003 594.912459296 604.814243956 621.190714992 148.728114824 151.203560989 155.297678748
12544 65536 2309.272 2416.827 2635.893 623.760967535 680.299900655 711.985061959 155.940241884 170.074975164 177.99626549
13760 65536 2204.27 2224.12 2561.03 704.228658001 810.905310865 818.207715026 176.0571645 202.726327716 204.551928756
15104 65536 2616.227 2851.335 3070.992 644.64885874 694.310380225 756.704784409 161.162214685 173.577595056 189.176196102
16576 32768 1691.186 1722.88 1889.858 574.81817999 630.528380386 642.344920074 143.704544998 157.632095097 160.586230018
18176 32768 1578.878 1723.665 1734.769 686.651845865 691.075316839 754.44862491 171.662961466 172.76882921 188.612156227
19968 32768 1830.44 1946.793 2021.427 647.375763755 672.194140825 714.922558511 161.843940939 168.048535206 178.730639628
21952 32768 1924.37 1936.431 2157.709 666.747124844 742.937017637 747.593379652 166.686781211 185.734254409 186.898344913
24128 32768 2003.928 2045.58 2051.454 770.796034422 773.009419333 789.076557641 192.699008606 193.252354833 197.26913941
26496 32768 1917.576 1917.7 2159.621 804.049347548 905.48149137 905.540044306 201.012336887 226.370372842 226.385011076
29120 32768 2067.823 2087.292 2341.408 815.068676625 914.298679821 922.906999293 203.767169156 228.574669955 230.726749823
32000 32768 2354.847 2374.375 2721.15 770.685923231 883.243801 890.568261972 192.671480808 220.81095025 222.642065493
35200 16384 1311.139 1419.596 1476.243 781.33044492 812.508347445 879.718778863 195.33261123 203.127086861 219.929694716
38720 16384 1599.773 1706.279 1771.18 716.345577525 743.592905967 793.098120796 179.086394381 185.898226492 198.274530199
42560 16384 1652.84 1706.818 1855.988 751.408996179 817.079548024 843.76351008 187.852249045 204.269887006 210.94087752
46784 16384 1688.106 1876.438 1885.169 813.199300434 816.98308817 908.129058246 203.299825109 204.245772043 227.032264562
51456 16384 1966.639 2074.968 2213.469 761.750089114 812.595764368 857.356234672 190.437522278 203.148941092 214.339058668
56576 16384 2106.931 2385.732 2404.367 771.048000576 777.070671811 879.897048361 192.762000144 194.267667953 219.97426209
62208 16384 2334.432 2590.596 2612.254 780.334433022 786.858214866 873.20245096 195.083608256 196.714553717 218.30061274
68416 8192 1336.555 1412.713 1439.865 778.495028353 793.457513309 838.669373127 194.623757088 198.364378327 209.667343282
75200 8192 1394.18 1485.926 1488.368 827.803876461 829.164305625 883.72864336 206.950969115 207.291076406 220.93216084
82688 8192 1521.779 1541.403 1659.002 816.611548389 878.913685778 890.247658826 204.152887097 219.728421445 222.561914706
90944 8192 1639.127 1816.982 1850.534 805.187311338 820.055727575 909.036637186 201.296827835 205.013931894 227.259159296
100032 8192 1746.824 1779.081 1963.804 834.56612167 921.219600457 938.230919658 208.641530417 230.304900114 234.557729914
110016 8192 2016.754 2071.499 2110.428 854.093171622 870.143863936 893.764010881 213.523292906 217.535965984 223.44100272
120960 8192 2060.434 2079.58 2329.707 850.66862056 952.985045057 961.840388967 212.66715514 238.246261264 240.460097242
133056 4096 1222.155 1241.278 1263.957 862.366957104 878.122992593 891.862940462 215.591739276 219.530748148 222.965735115
146304 4096 1312.026 1329.635 1381.223 867.725463593 901.392012094 913.489799745 216.931365898 225.348003023 228.372449936
160896 4096 1416.182 1417.749 1520.248 867.003299462 929.685037337 930.713730297 216.750824865 232.421259334 232.678432574
176960 4096 1535.323 1636.126 1675.143 865.392578425 886.029755655 944.202828981 216.348144606 221.507438914 236.050707245
194624 4096 1638.998 1661.723 1815.309 878.285629609 959.461840511 972.764950293 219.571407402 239.865460128 243.191237573
214080 4096 1769.213 1791.552 1988.148 882.098998666 978.89615261 991.256202617 220.524749667 244.724038152 247.814050654
235456 4096 1944.186 1970.343 7428.14 259.66871276 978.944047813 992.114721534 64.91717819 244.736011953 248.028680383
258944 4096 2141.951 2205.692 8071.101 262.82278564 961.725049554 990.344432716 65.7056964099 240.431262388 247.586108179
284800 2048 1656.1 1873.145 4364.991 267.249302461 622.771221662 704.390314595 66.8123256153 155.692805415 176.097578649
313280 2048 2135.711 2207.888 4802.054 267.217919665 581.186581928 600.827958464 66.8044799163 145.296645482 150.206989616
344576 2048 2305.709 2399.126 5280.675 267.273273966 588.290609164 612.125509334 66.8183184915 147.072652291 153.031377333
379008 2048 2534.936 3241.351 5805.025 267.426370774 478.941271093 612.408663572 66.8565926934 119.735317773 153.102165893
416896 2048 3181.569 3350.699 6401.588 266.747253338 509.626802049 536.71820916 66.6868133344 127.406700512 134.17955229
458560 2048 2996.284 3648.232 5062.183 371.037902028 514.841643843 626.863728538 92.7594755069 128.710410961 156.715932135
504384 2048 3580.11 3985.267 5135.329 402.302727634 518.398607672 577.065191852 100.575681909 129.599651918 144.266297963
554816 1024 2055.357 2180.88 2181.724 520.809766955 521.011320201 552.830076721 130.202441739 130.25283005 138.20751918
610240 1024 2101.826 2394.595 2400.806 520.563310821 521.913526087 594.612265716 130.140827705 130.478381522 148.653066429
671232 1024 2241.454 2621.102 2644.664 519.795004583 524.46762316 613.299731335 129.948751146 131.11690579 153.324932834
738304 1024 2607.929 2886.469 2908.803 519.817461684 523.83953959 579.78825037 129.954365421 130.959884897 144.947062593
812096 1024 3109.895 3183.47 3331.992 499.152641423 522.440170003 534.800245024 124.788160356 130.610042501 133.700061256
893248 1024 2941.575 3183.115 3509.495 521.263573249 574.71121967 621.902179615 130.315893312 143.677804918 155.475544904
982528 1024 3162.276 3263.814 3859.296 521.394923841 616.523289624 636.319329496 130.34873096 154.130822406 159.079832374
1080768 512 1912.21 2042.964 2118.615 522.372602856 541.716071355 578.757789155 130.593150714 135.429017839 144.689447289
1188800 512 2037.2 2046.115 2321.759 524.31419454 594.94759581 597.551148635 131.078548635 148.736898952 149.387787159
1307648 512 2325.979 2354.576 2543.56 526.439931435 568.693281508 575.685142471 131.609982859 142.173320377 143.921285618
1438400 512 2402.01 2405.036 2800.386 525.970919723 612.432246336 613.203775172 131.492729931 153.108061584 153.300943793
1582208 512 2609.053 2914.11 3089.762 524.370806554 555.977980241 620.984315765 131.092701639 138.99449506 155.246078941
1740416 512 2831.986 2941.277 3387.527 526.102370254 605.922524128 629.306071428 131.525592564 151.480631032 157.326517857
1914432 512 3073.605 3119.424 3316.432 591.110677982 628.442420139 637.810768788 147.777669495 157.110605035 159.452692197
2105856 256 1815.474 1830.502 1831.002 588.856960287 589.017806044 593.893535242 147.214240072 147.254451511 148.473383811
2316416 256 2004.415 2090.354 2134.086 555.743766652 567.370403291 591.69632636 138.935941663 141.842600823 147.92408159
2548032 256 2151.396 2160.001 4934.114 264.402562243 603.977675936 606.393422689 66.1006405608 150.994418984 151.598355672
2802816 256 2485.548 2713.342 4588.538 312.744885626 528.883492018 577.354286459 78.1862214065 132.220873005 144.338571615
3083072 256 2544.696 2553.568 3115.604 506.653882843 618.167545959 620.322767042 126.663470711 154.54188649 155.08069176
3391360 256 2745.6 2760.374 2811.853 617.520304226 629.036616053 632.421445221 154.380076057 157.259154013 158.105361305
3730496 256 3009.27 3017.966 3331.568 573.307809416 632.88120277 634.710063238 143.326952354 158.220300693 158.677515809
4103488 256 3275.957 3276.385 3806.647 551.925580701 641.251213151 641.334991882 137.981395175 160.312803288 160.33374797
4513792 128 1939.902 2036.489 2191.973 527.164683142 567.413205767 595.664498516 131.791170785 141.853301442 148.916124629
4965120 128 2092.18 2099.798 2106.105 603.517260535 605.329998409 607.534112744 150.879315134 151.332499602 151.883528186
5461632 128 2289.501 2311.409 2457.675 568.902638469 604.902806903 610.691059755 142.225659617 151.225701726 152.672764939
6007744 128 2498.544 2552.484 3104.998 495.324784106 602.543429851 615.551482784 123.831196027 150.635857463 153.887870696
6608512 128 2948.483 3182.023 3289.55 514.288906385 531.667769843 573.779489995 128.572226596 132.916942461 143.444872499
7269312 128 3197.169 3495.029 3701.952 502.692598932 532.454486644 582.059901119 125.673149733 133.113621661 145.51497528
7996224 128 3702.493 3967.674 4558.979 449.011356271 515.927806569 552.879733736 112.252839068 128.981951642 138.219933434
8795840 64 2374.911 2530.998 2756.753 408.403480471 444.831453838 474.067247152 102.100870118 111.207863459 118.516811788
9675392 64 2809.412 2940.488 3143.766 393.938408902 421.171647699 440.821843147 98.4846022255 105.292911925 110.205460787
10642880 64 3614.887 3665.887 4037.772 337.386221907 371.612283739 376.855110547 84.3465554766 92.9030709348 94.2137776368
11707136 64 4201.259 4536.409 4827.315 310.423787965 330.330313691 356.681986995 77.6059469912 82.5825784227 89.1704967487
12877824 64 4890.385 4901.926 5544.616 297.290465562 336.268126447 337.061698005 74.3226163904 84.0670316117 84.2654245013
14165568 64 5591.511 5872.076 6393.672 283.591761354 308.782226933 324.275979069 70.8979403385 77.1955567333 81.0689947672
15582080 64 6213.686 6233.523 6242.26 319.516687866 319.964527283 320.986004121 79.8791719666 79.9911318206 80.2465010301
17140288 32 3519.41 3529.71 3574.418 306.897075832 310.78429446 311.693844139 76.7242689579 77.6960736151 77.9234610347
18854272 32 3857.778 3872.974 4011.17 300.828289003 311.56248609 312.789747881 75.2070722507 77.8906215224 78.1974369702
20739648 32 4223.865 4298.062 4316.029 307.536736199 308.822318524 314.247134319 76.8841840497 77.205579631 78.5617835797
22813568 32 4658.134 4667.247 4826.029 302.540318759 312.83288671 313.444901327 75.6350796897 78.2082216776 78.3612253319
25094912 32 5144.312 5152.301 5340.816 300.717037996 311.719825375 312.203919202 75.1792594989 77.9299563438 78.0509798006
27604352 32 5796.052 5903.401 5967.555 296.047297092 299.264530395 304.807225332 74.0118242731 74.8161325988 76.201806333
30364736 32 6469.936 6626.656 6648.477 292.298988776 293.261503841 300.36512015 73.074747194 73.3153759604 75.0912800374
33401152 32 7494.974 7514.609 7670.39 278.691660789 284.469055942 285.21429534 69.6729151973 71.1172639854 71.3035738349
36741248 16 4275.079 4285.119 4335.496 271.184643233 274.37276211 275.017125064 67.7961608084 68.5931905275 68.7542812659
40415360 16 5403.978 5509.787 5710.378 226.48089496 234.726228074 239.322128995 56.62022374 58.6815570184 59.8305322487
44456896 16 7360.215 7444.427 7465.413 190.56154991 191.098747022 193.285205935 47.6403874776 47.7746867556 48.3213014837
48902528 16 9495.807 9504.701 9809.905 159.520494439 164.642832636 164.797041052 39.8801236098 41.160708159 41.199260263
53792768 16 11933.269 12154.297 12571.374 136.927640209 141.626338076 144.24954101 34.2319100522 35.406584519 36.0623852525
59172032 16 14855.405 15127.056 15371.831 123.180187448 125.173399504 127.462362958 30.795046862 31.2933498759 31.8655907395
65089216 16 18145.154 18470.474 18662.944 111.603770123 112.766727697 114.788494603 27.9009425308 28.1916819244 28.6971236508
71598080 8 10943.283 10946.448 10970.314 104.424474997 104.652146523 104.682413861 26.1061187492 26.1630366307 26.1706034652
78757888 8 13157.295 13374.631 13832.069 91.1017873031 94.2176429391 95.773957185 22.7754468258 23.5544107348 23.9434892962
86633664 8 15306.759 15649.095 15930.349 87.0124454901 88.5762802258 90.5572906714 21.7531113725 22.1440700564 22.6393226678
95297024 8 17873.291 17918.825 18572.895 82.0955690537 85.0922079991 85.3089889265 20.5238922634 21.2730519998 21.3272472316
104826688 8 19830.865 20683.9 21203.234 79.10241466 81.0885281789 84.5765935071 19.775603665 20.2721320447 21.1441483768
115309312 8 22769.991 23504.38 23967.91 76.9757977229 78.4938378294 81.0254598695 19.2439494307 19.6234594573 20.2563649674
126840192 8 25915.248 26427.283 26867.469 75.535327574 76.7934816455 78.3107717896 18.8838318935 19.1983704114 19.5776929474
139524160 4 14772.533 15356.854 15396.006 72.49888575 72.6837202463 75.5586926088 18.1247214375 18.1709300616 18.8896731522
153476544 4 16820.173 17032.022 17444.065 70.3856785675 72.0884667716 72.9964163864 17.5964196419 18.0221166929 18.2491040966
168824192 4 18989.131 19103.28 19527.489 69.163707428 70.6995623788 71.124557306 17.290926857 17.6748905947 17.7811393265
185706560 4 21160.054 23999.54 24008.845 61.8793815363 61.903373148 70.2102404843 15.4698453841 15.475843287 17.5525601211
204277184 4 23939.237 24133.807 27118.247 60.2626516382 67.7148645467 68.265228002 15.0656629096 16.9287161367 17.0663070005
224704896 4 26014.67 26573.985 26810.923 67.0487609845 67.6465787122 69.1009791014 16.7621902461 16.9116446781 17.2752447754
247175360 4 29716.665 29852.755 29972.507 65.9738900053 66.2385391231 66.5418841583 16.4934725013 16.5596347808 16.6354710396
271892864 2 16532.159 16735.325 17296.19 62.8792500545 64.9865751636 65.7852042192 15.7198125136 16.2466437909 16.4463010548
299082112 2 18353.479 18538.263 18628.04 64.2219174964 64.5329310518 65.1826527276 16.0554793741 16.133232763 16.2956631819
328990272 2 20489.003 20881.669 21613.973 60.88473822 63.0199189538 64.2276780378 15.221184555 15.7549797384 16.0569195095
361889280 2 22680.207 22801.296 23779.066 60.875272393 63.4857387054 63.8246873144 15.2188180982 15.8714346763 15.9561718286
398078208 2 24776.94 26236.27 32630.308 48.7985841874 60.6912808871 64.2659195203 12.1996460469 15.1728202218 16.0664798801
437886016 2 27874.893 34348.074 42376.705 41.3327101293 50.9939527905 62.8359026885 10.3331775323 12.7484881976 15.7089756721
481674560 2 30454.759 31098.233 40665.823 47.3788084899 61.9552319902 63.264274723 11.8447021225 15.4888079975 15.8160686808
529841984 2 33850.395 34533.029 34546.631 61.3480352397 61.3721992357 62.6098435779 15.3370088099 15.3430498089 15.6524608945
582826176 1 29028.766 29319.829 33656.486 34.6338103152 39.7564512399 40.155077622 8.6584525788 9.93911280997 10.0387694055
641108736 1 31913.575 32212.543 37144.192 34.5199990351 39.8049130117 40.1778074691 8.62999975878 9.95122825292 10.0444518673
705219584 1 35269.542 37245.002 40733.288 34.6262046904 37.8692198218 39.9902887313 8.65655117259 9.46730495544 9.99757218282
775741504 1 39050.792 40588.841 44845.043 34.5965329546 38.2243732458 39.729873033 8.64913323865 9.55609331146 9.93246825826
853315648 1 42469.946 44866.984 49258.168 34.6466660311 38.0375756035 40.184447044 8.66166650778 9.50939390087 10.046111761
938647168 1 47867.376 49174.874 54697.904 34.321138448 38.1758850262 39.2186598238 8.580284612 9.54397125654 9.80466495594
1032511872 1 52384.629 55014.273 60472.467 34.1481643869 37.5361452836 39.4204136484 8.53704109674 9.3840363209 9.85510341211

META_DATA
ERT_VERSION  1.1.0
TIMESTAMP_DATA  1560424522.55
HOSTNAME  ('kcadmin-UniServer-R5200-G3', [], ['127.0.1.1'])
CONFIG  {'ERT_WORKING_SET_MIN': ['1'], 'ERT_CFLAGS': ['-O3', '-march=native', '-fstrict-aliasing', '-ftree-vectorize'], 'ERT_CC': ['gcc'], 'ERT_MPI_CFLAGS': ['-I/usr/local/include'], 'ERT_MPI_LDFLAGS': ['-L/usr/local/lib', '-lmpi'], 'ERT_MEMORY_MAX': ['1073741824'], 'ERT_PROCS_THREADS': ['1-8'], 'ERT_LDFLAGS': [], 'ERT_LDLIBS': [], 'ERT_RUN': ['export', 'OMP_NUM_THREADS=ERT_OPENMP_THREADS;', 'mpirun', '-np', 'ERT_MPI_PROCS', 'ERT_CODE'], 'ERT_FLOPS': ['1,2,4,8,16'], 'ERT_OPENMP_CFLAGS': ['-fopenmp'], 'ERT_MPI': ['True'], 'ERT_TRIALS_MIN': ['1'], 'ERT_DRIVER': ['driver1'], 'ERT_RESULTS': ['Results.p100.01'], 'ERT_OPENMP': ['True'], 'ERT_MPI_PROCS': ['1,2,4,8'], 'ERT_KERNEL': ['kernel1'], 'ERT_GPU': [False], 'ERT_OPENMP_THREADS': ['1,2,4,8'], 'ERT_LD': ['gcc'], 'ERT_NUM_EXPERIMENTS': ['3'], 'ERT_OPENMP_LDFLAGS': ['-fopenmp'], 'ERT_ALIGN': ['32'], 'ERT_GNUPLOT': ['gnuplot']}
OPENMP_THREADS 4
FLOPS          4
MPI_PROCS      2
TIMESTAMP_DATA  1560424515.75
TIMESTAMP_DATA  1560424519.17
UNAME  ('Linux', 'kcadmin-UniServer-R5200-G3', '4.4.0-141-generic', '#167-Ubuntu SMP Wed Dec 5 10:40:15 UTC 2018', 'x86_64', 'x86_64')
