32 33554432 101264.913 104466.788 105192.281 20.4148405908 20.5566160223 21.2065915467 2.55185507385 2.56957700279 2.65082394333
64 16777216 50589.83 54863.136 55417.937 38.7506963314 39.1425610085 42.44892003 4.84383704143 4.89282012607 5.30611500375
96 8388608 25700.786 28247.066 28342.02 56.827732674 57.0187620902 62.6678396528 7.10346658424 7.12734526127 7.83347995661
128 8388608 25258.938 29468.647 29816.267 72.0238938027 72.8735068156 85.0187623882 9.00298672533 9.10918835195 10.6273452985
160 4194304 14119.794 17195.656 17520.18 76.607505174 78.0532757808 95.0564349593 9.57593814675 9.7566594726 11.8820543699
192 4194304 18182.065 18964.533 19217.312 83.810510856 84.927624424 88.5824979726 10.476313857 10.615953053 11.0728122466
224 4194304 18882.691 19555.816 20005.767 93.9253262322 96.0864119401 99.5116740511 11.740665779 12.0108014925 12.4389592564
256 4194304 21767.167 22018.135 22551.635 95.2251864665 97.5324952817 98.6570116359 11.9031483083 12.1915619102 12.3321264545
288 2097152 11612.203 11746.228 11753.195 102.777121625 102.838081468 104.025011619 12.8471402032 12.8547601834 13.0031264524
320 2097152 13064.311 13214.803 13374.095 100.356493654 101.566196636 102.736170319 12.5445617068 12.6957745795 12.8420212899
352 2097152 13790.181 13917.016 14205.922 103.928137012 106.085601109 107.061321965 12.9910171265 13.2607001386 13.3826652457
384 2097152 14551.523 15235.604 15364.353 104.827891939 105.713743676 110.683447774 13.1034864924 13.2142179595 13.8354309717
416 2097152 15295.994 16228.033 16726.014 104.318366827 107.519528953 114.071074034 13.0397958533 13.4399411192 14.2588842543
448 2097152 9075.068 9432.241 9706.35 193.589577132 199.215456009 207.056100516 24.1986971416 24.9019320011 25.8820125645
480 2097152 10885.194 11018.708 11236.135 179.177797348 182.713428834 184.954528142 22.3972246684 22.8391786042 23.1193160177
512 2097152 11609.936 11738.606 12418.901 172.920586773 182.941965 184.969464776 21.6150733467 22.867745625 23.121183097
544 1048576 6531.931 6803.901 7225.177 157.899341151 167.675968242 174.657492248 19.7374176439 20.9594960303 21.8321865311
576 1048576 7024.348 7026.682 7430.068 162.577186642 171.910377046 171.967498193 20.3221483303 21.4887971307 21.4959372742
608 1048576 7748.765 7959.779 8374.017 152.264846847 160.188921828 164.55117893 19.0331058559 20.0236152285 20.5688973662
640 1048576 7981.224 8111.696 9295.06 144.396838751 165.461979838 168.166847591 18.0496048439 20.6827474797 21.0208559489
704 1048576 5644.87 5817.346 6323.16 233.490060033 253.791850786 261.546325779 29.1862575042 31.7239813482 32.6932907224
768 1048576 6649.66 7026.095 7396.086 217.765550049 229.23298589 242.209787568 27.2206937561 28.6541232363 30.276223446
832 1048576 7754.534 8041.632 9019.527 193.450328825 216.974671808 225.007777901 24.1812911032 27.121833976 28.1259722377
896 1048576 8863.337 8970.077 9896.392 189.872045489 209.479605582 212.002340879 23.7340056861 26.1849506977 26.5002926099
960 1048576 6661.684 6863.905 7270.428 276.911609605 293.312031562 302.215764062 34.6139512007 36.6640039453 37.7769705078
1056 524288 3991.626 4316.471 6285.292 176.172603596 256.528135136 277.404810972 22.0215754495 32.066016892 34.6756013715
1152 524288 4716.885 4851.655 5177.998 233.286986978 248.978864326 256.092644192 29.1608733723 31.1223580407 32.011580524
1248 524288 3810.296 3940.801 4231.946 309.224845497 332.070268963 343.443881525 38.6531056871 41.5087836204 42.9304851907
1344 524288 4665.239 4665.95 5219.58 269.999912637 302.036272142 302.082303608 33.7499890796 37.7545340177 37.7602879509
1472 524288 4081.945 4241.435 4263.49 362.028261354 363.910768879 378.129512279 45.2535326692 45.4888461099 47.2661890349
1600 524288 5126.242 5163.017 5756.436 291.451446694 324.949850059 327.280998439 36.4314308367 40.6187312573 40.9101248049
1760 524288 4668.745 4686.657 4816.213 383.183584281 393.77615217 395.286904725 47.8979480351 49.2220190212 49.4108630906
1920 524288 5804.14 6079.873 6169.583 326.321231111 331.136179983 346.867222362 40.7901538888 41.3920224978 43.3584027952
2112 262144 2881.067 2943.776 2946.114 375.849765488 376.148272151 384.335475711 46.981220686 47.0185340189 48.0419344639
2304 262144 2719.229 2853.582 2998.697 402.828145691 423.313418714 444.228695707 50.3535182114 52.9141773392 55.5285869634
2528 262144 2912.596 2937.97 2946.384 449.83955384 451.127841333 455.057984012 56.2299442299 56.3909801666 56.8822480014
2752 262144 2910.691 3035.104 3149.98 458.04753554 475.384229338 495.703795422 57.2559419425 59.4230286672 61.9629744277
3008 262144 3085.455 3207.821 3322.017 474.729149189 491.629147636 511.126658467 59.3411436486 61.4536434545 63.8908323084
3296 262144 3463.075 3489.838 3624.238 476.804571885 495.167181972 498.993884914 59.6005714856 61.8958977465 62.3742356143
3616 262144 3810.884 3923.318 3944.394 480.637940327 483.219919466 497.476545599 60.0797425409 60.4024899333 62.1845681999
3968 262144 4354.932 4391.793 4489.567 463.379827943 473.69600161 477.705457628 57.9224784929 59.2120002013 59.7131822035
4352 131072 2089.821 2133.304 2219.647 513.978433508 534.78111324 545.908328034 64.2473041885 66.847639155 68.2385410042
4768 131072 2476.53 2537.778 2810.252 444.765306457 492.518491373 504.699152443 55.5956633071 61.5648114216 63.0873940554
5216 131072 2635.403 2717.237 2759.357 495.529612152 503.210836596 518.836437539 61.941201519 62.9013545745 64.8545546924
5728 131072 2762.881 2795.913 2901.404 517.529041802 537.055635136 543.476476909 64.6911302252 67.131954392 67.9345596137
6272 131072 2919.788 2994.802 3125.229 526.094941523 549.006968741 563.111831407 65.7618676903 68.6258710926 70.3889789259
6880 131072 2857.951 2962.547 3084.627 584.690051666 608.78383364 631.064255475 73.0862564582 76.0979792051 78.8830319344
7552 131072 3346.202 3461.4 3728.529 530.963146056 571.93952967 591.629401931 66.370393257 71.4924412088 73.9536752414
8288 65536 1816.648 1840.215 1983.203 547.762753485 590.32490008 597.983063312 68.4703441856 73.79061251 74.747882914
9088 65536 2075.637 2133.062 2159.065 551.712123535 558.437746301 573.887599807 68.9640154419 69.8047182876 71.7359499758
9984 65536 2011.315 2263.515 2280.05 573.944802965 578.137475563 650.630482048 71.7431003706 72.2671844454 81.328810256
10976 65536 2506.264 2655.957 2948.347 487.950119847 541.667757422 574.020243677 60.9937649809 67.7084696778 71.7525304597
12064 65536 2610.216 2657.672 2841.815 556.423485695 594.976584018 605.793776454 69.5529357119 74.3720730022 75.7242220567
13248 65536 2810.915 3176.222 3686.766 470.993237976 546.700405702 617.749685067 58.874154747 68.3375507128 77.2187106334
14560 65536 3146.21 3426.591 3718.57 513.21027169 556.940796261 606.573725212 64.1512839613 69.6175995326 75.8217156515
16000 65536 3681.15 3899.386 3927.711 533.937451101 537.815953589 569.700229548 66.7421813876 67.2269941986 71.2125286935
17600 32768 1938.89 1980.501 2075.067 555.853666412 582.394858675 594.89377943 69.4817083015 72.7993573343 74.3617224288
19360 32768 2347.138 2353.05 2551.154 497.334523906 539.205269756 540.563426607 62.1668154882 67.4006587195 67.5704283259
21280 32768 2460.321 2596.4 2683.377 519.720516349 537.13067324 566.839075064 64.9650645437 67.141334155 70.854884383
23392 32768 2523.458 2710.922 2762.297 554.979465278 565.496946057 607.506886186 69.3724331598 70.6871182572 75.9383607732
25728 32768 2914.952 2994.435 3414.622 493.791174543 563.081251722 578.43498212 61.7238968179 70.3851564652 72.304372765
28288 32768 3116.867 3200.369 3483.126 532.246714015 579.271442762 594.790335295 66.5308392519 72.4089303452 74.3487919119
31104 32768 3390.019 3545.746 3806.17 535.559826282 574.89502745 601.303928975 66.9449782853 71.8618784312 75.1629911219
34208 16384 1923.445 2067.125 2404.522 466.174875505 542.264132067 582.770884533 58.2718594382 67.7830165084 72.8463605666
37600 16384 2059.865 2072.879 2200.796 559.832351567 594.379507921 598.134732131 69.9790439459 74.2974384901 74.7668415163
41344 16384 2267.908 2447.825 2463.77 549.872833909 553.454675886 597.361176908 68.7341042386 69.1818344857 74.6701471136
45472 16384 2457.687 2510.424 2715.686 548.674072039 593.535791563 606.271871072 68.5842590049 74.1919739454 75.783983884
50016 16384 2729.52 2743.362 2902.743 564.612260886 597.41451839 600.444139629 70.5765326107 74.6768147988 75.0555174536
55008 16384 2854.913 2920.537 3131.361 575.628981775 617.181752534 631.368501947 71.9536227219 77.1477190667 78.9210627434
60480 16384 3099.67 3458.828 3664.779 540.77166454 572.971145139 639.361170705 67.5964580675 71.6213931424 79.9201463382
66528 8192 1763.304 1834.661 1870.84 582.623181031 594.112346641 618.154754937 72.8278976289 74.2640433301 77.2693443672
73152 8192 1903.253 2050.332 2282.298 525.138421013 584.550388913 629.723094092 65.6423026266 73.0687986141 78.7153867615
80448 8192 2073.512 2094.914 2556.343 515.60374801 629.171427562 635.665495063 64.4504685013 78.6464284453 79.4581868829
88480 8192 2378.288 2495.605 2565.711 565.011538712 580.883721583 609.537751525 70.626442339 72.6104651978 76.1922189407
97312 8192 2529.354 2685.562 2717.462 586.709145519 593.678272183 630.342691454 73.3386431899 74.2097840229 78.7928364318
107040 8192 2656.589 2677.458 2961.812 592.11839239 655.003126099 660.148543866 74.0147990487 81.8753907624 82.5185679832
117728 8192 2930.814 3081.951 3243.161 594.745543622 625.855359803 658.12963634 74.3431929528 78.2319199754 82.2662045425
129472 8192 3268.279 3390.404 3559.777 595.899475726 625.66857755 649.0477857 74.4874344657 78.2085721938 81.1309732125
142400 4096 2359.291 2427.103 2611.85 446.633918487 480.630941497 494.445492311 55.8292398109 60.0788676871 61.8056865389
156640 4096 3206.307 3501.268 3716.535 345.266459215 366.49433291 400.209611868 43.1583074019 45.8117916138 50.0262014835
172288 4096 3520.366 3819.428 4060.217 347.612774391 369.527399391 400.919477123 43.4515967989 46.1909249238 50.1149346403
189504 4096 3833.966 4166.004 4471.258 347.19910325 372.639288873 404.911459309 43.3998879063 46.5799111091 50.6139324136
208448 4096 4248.457 4401.331 4953.246 344.744843281 387.974913952 401.935577081 43.0931054101 48.496864244 50.2419471352
229280 4096 4765.744 4964.311 5455.2 344.306672533 378.352959756 394.117216535 43.0383340666 47.2941199695 49.2646520669
252192 4096 5037.041 5382.642 5979.128 345.528121157 383.818367263 410.152878247 43.1910151447 47.9772959078 51.2691097809
277408 2048 2878.511 3776.393 5267.094 215.728667079 300.885836829 394.739908237 26.9660833849 37.6107296036 49.3424885297
305120 2048 3619.464 3658.483 3817.241 327.40178574 341.609218903 345.291877471 40.9252232175 42.7011523629 43.1614846839
335616 2048 3419.654 3642.989 4138.641 332.158101174 377.350339515 401.994802983 41.5197626467 47.1687924394 50.2493503729
369152 2048 3741.513 4022.629 4540.695 332.998933423 375.885171613 404.127044861 41.6248666779 46.9856464516 50.5158806077
406048 2048 4101.347 4197.535 4957.236 335.504020386 396.226025036 405.518627904 41.9380025482 49.5282531295 50.6898284881
446624 2048 4695.457 5440.666 5573.38 328.233837276 336.24043527 389.604654882 41.0292296596 42.0300544088 48.7005818603
491264 2048 5672.956 5683.603 6153.619 326.997388691 354.039038969 354.703499199 40.8746735864 44.2548798711 44.3379373998
540384 1024 2784.499 3105.989 3146.047 351.776827237 356.313699759 397.452623255 43.9721034047 44.5392124698 49.6815779068
594400 1024 3252.232 3443.046 3656.231 332.947015656 353.56228177 374.306384046 41.618376957 44.1952852213 46.7882980058
653824 1024 3557.105 3799.382 4082.031 328.030716082 352.434041115 376.438579125 41.0038395103 44.0542551394 47.0548223907
719200 1024 3874.511 4143.726 4182.795 352.138127735 355.458251825 380.156773332 44.0172659669 44.4322814781 47.5195966665
791104 1024 4501.767 4551.57 4579.352 353.801365783 355.960908434 359.898900143 44.2251707228 44.4951135542 44.9873625179
870208 1024 4536.659 5019.905 5035.129 353.950411995 355.023846866 392.841071811 44.2438014994 44.3779808582 49.1051339763
957216 1024 5001.094 5518.918 5940.008 330.029583799 355.210635128 391.989906209 41.2536979748 44.401329391 48.9987382761
1052928 512 3039.652 3259.401 3365.865 320.333189834 330.796447568 354.711089296 40.0416487292 41.349555946 44.338886162
1158208 512 3122.976 3331.584 3349.552 354.078692315 355.98832027 379.767565297 44.2598365393 44.4985400338 47.4709456621
1274016 512 3674.965 3685.487 3935.946 331.455864486 353.981002782 354.994505798 41.4319830607 44.2476253477 44.3743132248
1401408 512 4039.259 4042.542 4315.265 332.55009646 354.98500498 355.273527149 41.5687620575 44.3731256224 44.4091908937
1541536 512 4440.622 4451.358 5030.989 313.761939054 354.618267953 355.475621208 39.2202423818 44.3272834942 44.434452651
1695680 512 4885.486 4886.239 5167.938 335.990160873 355.360497102 355.415268819 41.9987701091 44.4200621378 44.4269086023
1865248 512 5378.624 5655.25 6543.435 291.897749729 337.741735909 355.112004855 36.4872187162 42.2177169886 44.3890006068
2051744 512 5918.963 5969.71 6229.521 337.262825826 351.941024941 354.958437145 42.1578532282 43.9926281176 44.3698046431
2256896 256 3256.723 3530.552 3532.751 327.090913568 327.294641744 354.813950096 40.8863641961 40.9118302181 44.3517437621
2482560 256 3580.025 4650.703 4989.292 254.759737454 273.307222585 355.045207785 31.8449671817 34.1634028232 44.3806509731
2730816 256 4099.157 4429.228 4674.841 299.08563564 315.670765199 341.089104906 37.385704455 39.4588456499 42.6361381133
3003872 256 4320.568 4433.034 4770.236 322.412237885 346.936762497 355.967656104 40.3015297356 43.3670953121 44.4959570131
3304256 256 4880.395 5230.501 5297.07 319.380161486 323.444938066 346.647980747 39.9225201857 40.4306172583 43.3309975934
3634656 256 5869.685 6179.47 6498.221 286.377436532 301.149430615 317.043226681 35.7971795665 37.6436788268 39.6304033351
3998112 256 6564.587 7263.444 7453.36 274.645709318 281.826822648 311.829722723 34.3307136647 35.228352831 38.9787153404
4397920 128 3826.907 4334.315 4579.841 245.831136932 259.756736647 294.197773816 30.7288921166 32.4695920809 36.774721727
4837696 128 5038.185 5374.119 5472.586 226.300724374 230.447106958 245.812763128 28.2875905468 28.8058883698 30.726595391
5321440 128 5805.177 6107.801 6391.732 213.132941118 223.04077032 234.667890402 26.6416176398 27.88009629 29.3334863002
5853568 128 7420.373 7466.63 7909.527 189.456766252 200.694745555 201.945833181 23.6820957815 25.0868431943 25.2432291476
6438912 128 8825.635 9076.943 9418.204 175.018663006 181.598746626 186.769730677 21.8773328758 22.6998433283 23.3462163346
7082784 128 10160.795 10313.988 11628.6 155.925279397 175.799380802 178.449885467 19.4906599247 21.9749226003 22.3062356833
7791040 128 11055.105 11119.467 12488.636 159.705690838 179.370669475 180.414952187 19.9632113547 22.4213336844 22.5518690234
8570144 64 6202.986 6370.653 6652.772 164.890429433 172.192463159 176.846833444 20.6113036791 21.5240578949 22.1058541806
9427136 64 6785.02 6837.758 7294.3 165.42689607 176.472084563 177.843751087 20.6783620087 22.0590105704 22.2304688859
10369824 64 7525.317 7677.995 8013.29 165.642011209 172.875532219 176.382931377 20.7052514011 21.6094415274 22.0478664221
11406784 64 8255.169 8301.72 8816.058 165.614649087 175.875403169 176.867166741 20.7018311359 21.9844253962 22.1083958427
12547456 64 9111.024 9214.639 9703.081 165.522102516 174.295961893 176.278140415 20.6902628145 21.7869952366 22.0347675519
13802176 64 10020.267 10833.161 10997.314 160.646365831 163.080612205 176.31052426 20.0807957288 20.3850765257 22.0388155326
15182368 64 11408.18 11501.962 11755.166 165.31821873 168.957531246 170.346462275 20.6647773413 21.1196914057 21.2933077844
16700576 64 12697.162 12969.073 13953.322 153.201777183 164.828567778 168.358388119 19.1502221478 20.6035709723 21.0447985148
18370624 32 6943.557 7697.552 7759.141 151.527074453 152.739460026 169.325309204 18.9408843067 19.0924325032 21.1656636505
20207680 32 7678.154 8143.455 8805.159 146.878837736 158.813614123 168.43781982 18.359854717 19.8517017654 21.0547274775
22228448 32 8048.433 9148.992 10014.434 142.057022094 155.49479899 176.757472169 17.7571277618 19.4368498737 22.0946840211
24451264 32 9184.84 10122.575 10386.936 150.658567262 154.593163894 170.376500407 18.8323209077 19.3241454867 21.2970625509
26896384 32 10130.439 11235.762 12146.935 141.7121748 153.204435623 169.920432471 17.71402185 19.1505544528 21.2400540589
29586016 32 11290.475 11993.217 14196.296 133.380215797 157.881327754 167.708180922 16.6725269746 19.7351659692 20.9635226153
32544608 32 13131.169 13614.782 15700.571 132.661093154 152.984815475 158.619153557 16.5826366442 19.1231019344 19.8273941947
35799040 16 7331.858 7479.175 8605.854 133.115119081 153.167866777 156.245426466 16.6393898851 19.1459833471 19.5306783083
39378944 16 8567.958 9831.311 10824.503 116.414232413 128.17478849 147.07427464 14.5517790517 16.0218485612 18.3842843301
43316832 16 9987.263 10040.879 12936.825 107.146739946 138.049529727 138.790640038 13.3933424932 17.2561912159 17.3488300048
47648512 16 11838.203 13130.784 14496.886 105.177924694 116.120437592 128.799310503 13.1472405867 14.5150546989 16.0999138129
52413344 16 14446.264 15067.333 15371.118 109.115485809 111.315453637 116.101090773 13.6394357261 13.9144317047 14.5126363467
57654656 16 17323.698 17934.184 18127.571 101.775852485 102.87331679 106.498565837 12.7219815606 12.8591645987 13.3123207297
63420096 16 20703.911 21319.572 21885.443 92.7302715325 95.1915484983 98.0222080746 11.5912839416 11.8989435623 12.2527760093
69762080 8 12311.329 12446.161 12628.008 88.3902892681 89.6817323832 90.6639145132 11.0487861585 11.2102165479 11.3329893142
76738272 8 14240.984 14641.413 14749.514 83.2442582176 83.8588701787 86.216819849 10.4055322772 10.4823587723 10.7771024811
84412096 8 16594.758 16787.565 17028.471 79.3138465573 80.4520212431 81.3867569506 9.91423081967 10.0565026554 10.1733446188
92853280 8 19802.92 19852.315 20175.222 73.6374786855 74.8352260177 75.0218897011 9.20468483569 9.35440325222 9.37773621264
102138592 8 22486.519 22495.952 22785.938 71.7204388075 72.6449572794 72.675431533 8.96505485093 9.08061965993 9.08442894162
112352448 8 25475.384 25892.704 26704.993 67.3147215579 69.426475041 70.5637712075 8.41434019473 8.67830938012 8.82047140094
123587680 8 28755.655 29049.545 30897.983 63.9977981734 68.0700121121 68.7657046936 7.99972477168 8.50875151401 8.5957130867
135946432 4 16144.353 16225.755 16708.442 65.091135128 67.0274792144 67.3654407829 8.136391891 8.3784349018 8.42068009786
149541056 4 18040.485 18194.486 18533.285 64.5502644566 65.7522530727 66.3135413488 8.06878305708 8.21903163409 8.2891926686
164495136 4 20244.353 20400.096 21457.61 61.3284092683 64.5075929054 65.00385999 7.66605115854 8.06344911318 8.12548249875
180944640 4 22718.177 22867.422 24938.777 58.0444309679 63.3021562291 63.7180139938 7.25555387099 7.91276952863 7.96475174923
199039104 4 25319.781 25350.068 25692.023 61.9769347085 62.8129609751 62.888096544 7.74711683856 7.85162012189 7.861012068
218943008 4 28147.277 28351.77 28668.382 61.0967184685 61.7790022986 62.2278334064 7.63708980856 7.72237528733 7.7784791758
240837280 4 31432.988 31635.532 31990.477 60.2272432512 60.9029821278 61.2954212307 7.5284054064 7.61287276598 7.66192765384
264920992 4 35269.521 35549.342 35671.634 59.4132563706 59.6176417555 60.0906356511 7.42665704632 7.45220521944 7.51132945639
291413088 2 19720.855 19794.999 20263.556 57.5245703173 58.8862041367 59.1075971098 7.19057128966 7.36077551709 7.38844963872
320554368 2 21895.388 21952.855 22150.91 57.8855438445 58.4077775761 58.5610756019 7.23569298056 7.30097219701 7.32013445023
352609792 2 24300.142 24365.38 24601.979 57.3303134679 57.8870170709 58.0424249373 7.16628918348 7.23587713387 7.25530311716
387870752 2 26918.427 26966.553 27260.781 56.9126397369 57.533604981 57.6364662021 7.11407996711 7.19170062262 7.20455827527
426657824 2 39146.103 41890.207 47924.259 35.6110106157 40.7405792003 43.5964544415 4.45137632697 5.09257240004 5.44955680518
469323584 2 32982.013 33076.573 33104.872 56.7074941719 56.7560108479 56.9187313097 7.08843677148 7.09450135599 7.11484141371
516255936 2 36422.808 36482.314 36488.874 56.5932438474 56.6034200572 56.6958962637 7.07415548093 7.07542750715 7.08698703296
567881504 1 38945.118 39809.622 40367.089 28.1358660269 28.52986165 29.1631677172 3.51698325336 3.56623270625 3.64539596465
624669632 1 42473.418 43046.341 43166.017 28.9426579246 29.0231233358 29.4146156073 3.61783224058 3.62789041698 3.67682695092
687136576 1 47306.67 47998.515 51129.281 26.8783977619 28.6315764561 29.0503041537 3.35979972024 3.57894705701 3.63128801922
755850208 1 56022.462 58681.015 60870.021 24.8348923027 25.7613201817 26.98382688 3.10436153784 3.22016502271 3.37297836
831435200 1 56063.745 58468.403 63307.91 26.2663923039 28.4404963139 29.6603518013 3.28329903799 3.55506203924 3.70754397517
914578720 1 62616.839 63516.884 65099.199 28.0980022504 28.7979718904 29.2119095951 3.5122502813 3.5997464863 3.65148869939
1006036576 1 71241.324 72094.376 93923.145 21.4225487445 27.9088781072 28.2430622991 2.67781859306 3.4886097634 3.53038278738

META_DATA
ERT_VERSION  1.1.0
MPI_PROCS      1
FLOPS          2
CONFIG  {'ERT_WORKING_SET_MIN': ['1'], 'ERT_CFLAGS': ['-O3', '-march=native', '-fstrict-aliasing', '-ftree-vectorize'], 'ERT_CC': ['gcc'], 'ERT_MPI_CFLAGS': ['-I/usr/local/include'], 'ERT_MPI_LDFLAGS': ['-L/usr/local/lib', '-lmpi'], 'ERT_MEMORY_MAX': ['1073741824'], 'ERT_PROCS_THREADS': ['1-8'], 'ERT_LDFLAGS': [], 'ERT_LDLIBS': [], 'ERT_RUN': ['export', 'OMP_NUM_THREADS=ERT_OPENMP_THREADS;', 'mpirun', '-np', 'ERT_MPI_PROCS', 'ERT_CODE'], 'ERT_FLOPS': ['1,2,4,8,16'], 'ERT_OPENMP_CFLAGS': ['-fopenmp'], 'ERT_MPI': ['True'], 'ERT_TRIALS_MIN': ['1'], 'ERT_DRIVER': ['driver1'], 'ERT_RESULTS': ['Results.p100.01'], 'ERT_OPENMP': ['True'], 'ERT_MPI_PROCS': ['1,2,4,8'], 'ERT_KERNEL': ['kernel1'], 'ERT_GPU': [False], 'ERT_OPENMP_THREADS': ['1,2,4,8'], 'ERT_LD': ['gcc'], 'ERT_NUM_EXPERIMENTS': ['3'], 'ERT_OPENMP_LDFLAGS': ['-fopenmp'], 'ERT_ALIGN': ['32'], 'ERT_GNUPLOT': ['gnuplot']}
TIMESTAMP_DATA  1560424287.87
HOSTNAME  ('kcadmin-UniServer-R5200-G3', [], ['127.0.1.1'])
OPENMP_THREADS 4
TIMESTAMP_DATA  1560424292.31
TIMESTAMP_DATA  1560424283.47
UNAME  ('Linux', 'kcadmin-UniServer-R5200-G3', '4.4.0-141-generic', '#167-Ubuntu SMP Wed Dec 5 10:40:15 UTC 2018', 'x86_64', 'x86_64')
