1024 1048576 562427.044 562783.957 562942.982 3.8147445064 3.81582243291 3.8182439321 0.4768430633 0.476977804113 0.477280491512
1120 524288 281177.044 281335.831 281404.018 4.17337722591 4.17438872193 4.17674609311 0.521672153238 0.521798590241 0.522093261639
1232 524288 281211.853 281382.084 281510.115 4.58898477591 4.59107279908 4.59385199528 0.573623096989 0.573884099885 0.57423149941
1352 524288 281367.064 281379.938 281562.805 5.03502141201 5.03829363983 5.03852416785 0.629377676501 0.629786704978 0.629815520981
1480 524288 281302.929 281633.139 281716.108 5.50871049234 5.51033335605 5.51680171094 0.688588811542 0.688791669506 0.689600213868
1624 524288 281277.18 281434.059 281812.191 6.0426322153 6.05075103579 6.05412577017 0.755329026912 0.756343879473 0.756765721272
1784 524288 281198.025 281389.952 281479.12 6.64582006651 6.64792602118 6.65246345169 0.830727508314 0.830990752648 0.831557931461
1960 524288 281146.049 281395.197 281584.024 7.29874135189 7.30363908805 7.31011147875 0.912342668986 0.912954886007 0.913763934844
2152 262144 140774.965 140902.042 140963.078 8.00399503195 8.00746220555 8.01469050978 1.00049937899 1.00093277569 1.00183631372
2360 262144 140781.879 140861.034 140977.859 8.77669506954 8.78397414007 8.78891295378 1.09708688369 1.09799676751 1.09861411922
2592 262144 140865.803 140937.09 141031.981 9.63578960151 9.64227724583 9.64715684757 1.20447370019 1.20528465573 1.20589460595
2848 262144 140860.081 140895.128 140953.064 10.5934002541 10.5977562546 10.6003930525 1.32417503177 1.32471953182 1.32504913156
3128 262144 140847.921 140934.944 141025.066 11.6289459067 11.636382131 11.643571679 1.45361823834 1.45454776638 1.45544645987
3440 262144 140887.022 140954.018 141132.116 12.7791658704 12.795312582 12.8013971365 1.5973957338 1.59941407275 1.60017464206
3784 262144 140976.191 141057.968 141107.082 14.0595763436 14.0644716504 14.0726301223 1.75744704295 1.7580589563 1.75907876529
4160 131072 70492.029 70544.958 70582.151 15.4503514635 15.4584972607 15.4701042865 1.93129393294 1.93231215759 1.93376303582
4576 131072 70370.913 70542.097 70599.079 16.9913115156 17.0050366379 17.0464030217 2.12391393944 2.12562957974 2.13080037771
5032 131072 70460.796 70545.912 70600.033 18.6842491703 18.6985832432 18.7211709615 2.33553114628 2.3373229054 2.34014637019
5528 131072 70503.95 70516.109 70609.808 20.5230983208 20.5503685973 20.5539126815 2.56538729011 2.56879607467 2.56923908519
6080 131072 70310.831 70471.048 70594.788 22.5772406881 22.6168840287 22.6684210289 2.82215508601 2.82711050359 2.83355262861
6688 131072 70374.966 70544.958 70557.833 24.8479721876 24.8525071345 24.9125388139 3.10599652345 3.10656339182 3.11406735173
7352 131072 70555.925 70595.98 70646.048 27.2808280514 27.300176129 27.3156745943 3.41010350643 3.41252201613 3.41445932429
8080 131072 70497.036 70554.972 70630.074 29.9889749514 30.0208966138 30.0455684406 3.74862186892 3.75261207672 3.75569605508
8888 65536 35269.976 35303.116 35320.044 32.9831960572 32.9990116453 33.0300178259 4.12289950715 4.12487645566 4.12875222824
9776 65536 35291.91 35315.99 35340.071 36.2579880499 36.2827113724 36.3074674054 4.53224850624 4.53533892155 4.53843342568
10752 65536 35321.951 35343.885 35398.006 39.8125856016 39.8735493849 39.8983098074 4.9765732002 4.98419367311 4.98728872593
11824 65536 35212.994 35324.812 35336.018 43.8587994833 43.8727126984 44.012029423 5.48234993541 5.4840890873 5.50150367788
13000 65536 35278.082 35304.07 35345.793 48.2076042261 48.2645768604 48.3001315094 6.02595052826 6.03307210755 6.03751643868
14296 65536 35296.917 35330.057 35374.88 52.969941156 53.0371437555 53.086939916 6.6212426445 6.62964296944 6.6358674895
15720 65536 35444.975 35457.85 35458.088 58.1095021254 58.1098921677 58.1309999513 7.26368776568 7.26373652097 7.26637499392
17288 32768 17776.966 17797.947 17817.974 63.5867112613 63.6582617085 63.7333934261 7.94833890767 7.95728271356 7.96667417826
19016 32768 17802.0 17843.962 17854.214 69.8004726503 69.8405755403 70.0052003146 8.72505908129 8.73007194254 8.75065003932
20912 32768 17732.143 17836.809 17843.008 76.8081722544 76.8348661467 77.2883927228 9.6010215318 9.60435826834 9.66104909034
23000 32768 17807.961 17833.948 17841.101 84.4862657299 84.52015224 84.6434917507 10.5607832162 10.56501903 10.5804364688
25296 32768 17812.967 17834.187 17843.008 92.9102680445 92.9562225629 93.0669582445 11.6137835056 11.6195278204 11.6333697806
27824 32768 17815.828 17833.233 17849.207 102.159925872 102.251434947 102.351328493 12.769990734 12.7814293684 12.7939160616
30600 32768 17791.033 17860.174 17864.943 112.253456392 112.283430161 112.719795416 14.031682049 14.0354287702 14.089974427
33656 16384 8919.001 8927.107 8933.067 123.455897958 123.538320757 123.650598088 15.4319872447 15.4422900947 15.456324761
37016 16384 8922.1 8926.868 8949.995 135.524130237 135.875235077 135.947847256 16.9405162796 16.9844043846 16.993480907
40712 16384 8924.961 8937.836 8948.088 149.087806915 149.258815669 149.474133949 18.6359758643 18.6573519586 18.6842667436
44776 16384 8893.013 8898.973 8904.934 164.764833518 164.875201667 164.985699223 20.5956041898 20.6094002083 20.6232124028
49248 16384 8835.077 8866.787 8874.178 181.848782389 182.000364281 182.653582306 22.7310977986 22.7500455351 22.8316977883
54168 16384 8845.091 8851.051 8859.873 200.338878898 200.538560223 200.673687133 25.0423598623 25.0673200279 25.0842108917
59584 16384 8846.998 8870.84 8885.86 219.725329006 220.0973653 220.69051129 27.4656661257 27.5121706625 27.5863139112
65536 16384 8853.912 8858.919 8890.152 241.557585067 242.409220357 242.546305859 30.1946981334 30.3011525447 30.3182882324
72088 8192 4445.076 4450.798 4474.163 263.98005437 265.36584945 265.707446172 32.9975067962 33.1707311812 33.2134307715
79296 8192 4404.783 4410.028 4439.116 292.66765365 294.598053346 294.948846288 36.5834567062 36.8247566682 36.868605786
87224 8192 4421.949 4437.208 4449.844 321.152385567 322.066942997 323.17831255 40.1440481958 40.2583678746 40.3972890687
95944 8192 4446.03 4451.036 4464.865 352.070330458 353.164183799 353.561828418 44.0087913072 44.1455229749 44.1952285522
105536 8192 4442.93 4458.189 4470.825 386.752293816 387.848479282 389.180523663 48.344036727 48.4810599102 48.6475654579
116088 8192 4434.824 4455.09 4461.05 426.35383867 426.924212979 428.875146342 53.2942298338 53.3655266224 53.6093932927
127696 8192 4401.922 4406.929 4409.075 474.514782352 474.74585227 475.285855588 59.314347794 59.3432315338 59.4107319485
140464 4096 2198.935 2205.133 2218.008 518.79032357 521.819358742 523.2901782 64.8487904462 65.2274198427 65.411272275
154504 4096 2202.034 2223.015 2228.022 568.08091123 569.360426268 574.785297593 71.0101139037 71.1700532835 71.8481621991
169952 4096 2221.107 2222.061 2225.161 625.6836175 626.556509475 626.82562524 78.2104521875 78.3195636843 78.353203155
186944 4096 2199.173 2211.094 2212.048 692.320079854 692.618788708 696.373249399 86.5400099817 86.5773485885 87.0466561748
205632 4096 2205.849 2221.107 2222.061 758.096804723 758.422419091 763.668475947 94.7621005904 94.8028023864 95.4585594934
226192 4096 2219.915 2237.082 2238.989 827.589981014 828.295459889 834.700816923 103.448747627 103.536932486 104.337602115
248808 4096 2226.83 2237.082 2247.095 907.053389376 911.113287756 915.307920227 113.381673672 113.88916097 114.413490028
273688 2048 1150.846 1162.052 1169.92 958.207439825 964.69525288 974.088668684 119.775929978 120.58690661 121.761083585
301056 2048 1169.92 1177.073 1183.987 1041.50246244 1047.62013571 1054.02538293 130.187807805 130.952516964 131.753172867
331160 2048 1189.947 1193.047 1208.067 1122.81136725 1136.94712782 1139.90905477 140.351420906 142.118390977 142.488631847
364272 2048 1217.842 1223.087 1225.948 1217.06476294 1219.91167595 1225.16558962 152.133095368 152.488959493 153.145698703
400696 2048 1248.837 1250.029 1257.181 1305.50081174 1312.97019189 1314.22340626 163.187601467 164.121273986 164.277925782
440760 2048 1293.182 1301.05 1304.865 1383.5553563 1387.61228239 1396.05481672 172.944419538 173.451535298 174.50685209
484832 2048 1332.998 1338.005 1348.972 1472.1372067 1484.20362555 1489.77858331 184.017150838 185.525453193 186.222322914
533312 1024 716.925 728.13 730.038 1496.11797742 1500.03842171 1523.4828971 187.014747178 187.504802714 190.435362137
586640 1024 761.032 766.993 769.138 1562.05872028 1566.42722945 1578.69671709 195.257340035 195.803403682 197.337089636
645304 1024 808.954 815.153 820.875 1609.968134 1621.26937152 1633.69312965 201.24601675 202.65867144 204.211641206
709832 1024 878.096 880.003 885.01 1642.62091502 1651.96702284 1655.55467284 205.327614377 206.495877855 206.944334105
780808 1024 950.098 952.005 952.959 1678.03104226 1679.71258974 1683.08404396 209.753880282 209.964073718 210.385505495
858888 1024 1019.955 1020.908 1023.054 1719.36439719 1722.97858769 1724.58846126 214.920549648 215.372323461 215.573557657
944776 1024 1326.799 1327.038 1327.038 1458.06016708 1458.06016708 1458.32281152 182.257520885 182.257520885 182.29035144
1039248 1024 1358.986 1360.893 1361.132 1563.68368681 1563.95830091 1566.15292873 195.460460852 195.494787614 195.769116091
1143168 512 704.05 704.05 705.957 1658.18035943 1662.6717307 1662.6717307 207.272544928 207.833966338 207.833966338
1257480 512 751.972 753.164 753.88 1708.04308378 1709.66684547 1712.37695021 213.505385472 213.708355683 214.047118776
1383224 512 829.935 829.935 831.127 1704.21773808 1706.66543284 1706.66543284 213.02721726 213.333179104 213.333179104
1521544 512 915.051 916.004 917.196 1698.72203542 1700.93258981 1702.70406349 212.340254428 212.616573727 212.838007936
1673696 512 998.974 1001.835 1003.027 1708.69249183 1710.72552267 1715.62493518 213.586561478 213.840690333 214.453116898
1841064 512 1204.014 1205.921 1207.113 1561.78380649 1563.32756126 1565.80366673 195.222975811 195.415945157 195.725458342
2025168 512 1232.862 1233.101 1234.055 1680.45349032 1681.75358872 1682.07960988 210.05668629 210.21919859 210.259951235
2227680 256 669.003 669.956 669.956 1702.4583107 1702.4583107 1704.88347586 212.807288837 212.807288837 213.110434482
2450448 256 734.091 734.091 735.998 1704.6641105 1709.09243677 1709.09243677 213.083013813 213.636554596 213.636554596
2695488 256 806.808 808.001 808.954 1706.01771671 1708.0298861 1710.55549276 213.252214588 213.503735763 213.819436595
2965032 256 894.07 895.977 897.169 1692.09634305 1694.3474933 1697.96143926 211.512042882 211.793436662 212.245179908
3261528 256 974.894 975.132 977.039 1709.14603818 1712.48850002 1712.9065683 213.643254773 214.061062502 214.113321038
3587680 256 1367.807 1369.953 1370.192 1340.60931607 1340.84319681 1342.94689236 167.576164508 167.605399601 167.868361545
3946448 256 1607.895 1610.041 1613.14 1252.57657488 1254.98752889 1256.6625159 156.57207186 156.873441111 157.082814487
4341088 128 1268.864 1271.963 1276.016 870.928364535 873.703502382 875.837385252 108.866045567 109.212937798 109.479673156
4775192 128 1831.055 1845.837 1854.181 659.293322497 662.273620043 667.620116272 82.4116653121 82.7842025054 83.452514534
5252704 128 2192.974 2195.835 2198.935 611.519769343 612.383090715 613.182018574 76.4399711679 76.5478863394 76.6477523217
5777968 128 2573.967 2578.02 2582.073 572.857470722 573.758081008 574.661527518 71.6071838403 71.719760126 71.8326909397
6355760 128 2962.112 2968.073 2970.934 547.664323745 548.192231121 549.295421645 68.4580404681 68.5240288901 68.6619277056
6991336 128 3231.049 3237.009 3238.916 552.586734574 552.912276734 553.932179921 69.0733418218 69.1140345918 69.2415224901
7690464 128 3614.902 3618.956 3630.877 542.226790938 544.012909801 544.623003335 67.7783488672 68.0016137251 68.0778754168
8459504 64 2024.889 2026.081 2029.181 533.622437821 534.438905453 534.753515872 66.7028047276 66.8048631817 66.844189484
9305448 64 2241.85 2245.903 2249.002 529.611509461 530.34229172 531.301087941 66.2014386826 66.292786465 66.4126359926
10235992 64 2476.931 2480.03 2490.997 525.976938551 528.302873756 528.96385729 65.7471173189 66.0378592194 66.1204821612
11259584 64 2718.925 2722.025 2725.124 528.866485342 529.468594888 530.072271946 66.1083106677 66.183574361 66.2590339932
12385536 64 3005.981 3012.18 3015.041 525.813283468 526.312706412 527.398080028 65.7266604335 65.7890883015 65.9247600035
13624088 64 3323.793 3330.946 3334.045 523.053307319 523.539938504 524.666627555 65.3816634149 65.442492313 65.5833284443
14986496 64 3652.096 3655.195 3659.01 524.259700848 524.806881165 525.252208047 65.532462606 65.6008601456 65.6565260059
16485144 64 4028.082 4035.95 4045.01 521.654688616 522.825711914 523.846940554 65.206836077 65.3532139893 65.4808675692
18133656 32 2225.161 2230.883 2237.082 518.780261072 520.221806343 521.559556365 64.847532634 65.0277257929 65.1949445456
19947016 32 2444.029 2458.096 2460.957 518.744953284 519.348725192 522.337919886 64.8431191606 64.918590649 65.2922399857
21941712 32 2692.938 2695.084 2702.951 519.532010754 521.048534294 521.463757428 64.9415013443 65.1310667868 65.1829696785
24135880 32 2968.073 2969.98 2979.994 518.355513467 520.103273423 520.437442071 64.7944391834 65.0129091778 65.0546802589
26549464 32 3262.997 3265.858 3276.11 518.653432272 520.281560313 520.737743859 64.831679034 65.0351950391 65.0922179824
29204408 32 3598.928 3614.902 3618.956 516.469974214 517.049179203 519.344124695 64.5587467767 64.6311474004 64.9180155869
32124848 32 3960.848 3978.014 3992.081 515.017173249 516.838370101 519.078306464 64.3771466561 64.6047962627 64.884788308
35337328 16 2171.04 2176.046 2185.106 517.500979815 519.655602869 520.85382858 64.6876224769 64.9569503586 65.1067285725
38871056 16 2393.961 2401.114 2403.975 517.423763558 518.040289632 519.588160375 64.6779704448 64.755036204 64.9485200469
42758160 16 2630.949 2635.956 2646.923 516.925169338 519.075857108 520.063718453 64.6156461673 64.8844821385 65.0079648066
47033976 16 2904.892 2912.045 2914.906 516.34160141 516.848892102 518.121579735 64.5427001763 64.6061115127 64.7651974669
51737368 16 3190.041 3196.001 3204.107 516.710514349 518.021044424 518.988870676 64.5888142937 64.752630553 64.8736088345
56911104 16 3517.866 3521.919 3526.926 516.357680314 517.091769572 517.687520787 64.5447100393 64.6364711965 64.7109400983
62602208 16 3873.825 3880.978 3887.892 515.258823033 516.176761631 517.129879641 64.4073528791 64.5220952038 64.6412349551
68862424 8 2114.058 2124.786 2127.171 517.964368638 518.545766021 521.177178677 64.7455460797 64.8182207526 65.1471473347
75748664 8 2333.164 2334.118 2337.217 518.556310347 519.244795679 519.45710803 64.8195387934 64.9055994598 64.9321385038
83323528 8 2562.046 2565.145 2575.874 517.562756563 519.727519497 520.356171591 64.6953445704 64.9659399371 65.0445214489
91655880 8 2826.929 2828.121 2833.843 517.493058013 518.540076609 518.758723689 64.6866322517 64.8175095761 64.8448404612
100821464 8 3103.971 3108.025 3126.86 515.898832695 519.025240788 519.703123515 64.4873540868 64.8781550985 64.9628904394
110903608 8 3417.015 3424.168 3432.035 517.027864809 518.215732406 519.300538043 64.6284831011 64.7769665507 64.9125672553
121993968 8 3767.967 3771.067 3787.994 515.286847867 517.599790192 518.02563239 64.4108559834 64.699973774 64.7532040488
134193360 8 4153.013 4167.08 4177.094 514.016146153 515.251389462 516.996638344 64.2520182692 64.4064236828 64.624579793
147612696 4 2276.897 2278.09 2285.004 516.805033164 518.373535725 518.645142051 64.6006291455 64.7966919656 64.8306427563
162373960 4 2503.872 2508.879 2515.793 516.334881288 517.757803385 518.793165146 64.541860161 64.7197254232 64.8491456432
178611352 4 2760.172 2763.987 2770.185 515.810610483 516.96727083 517.681802438 64.4763263103 64.6209088538 64.7102253048
196472480 4 3033.876 3038.883 3060.102 513.63642127 517.222887489 518.076493568 64.2045526587 64.6528609361 64.759561696
216119728 4 3345.013 3353.834 3361.94 514.273849028 515.51681568 516.876264457 64.2842311285 64.43960196 64.6095330571
237731696 4 3684.998 3689.051 3695.965 514.575643438 515.540058405 516.107082826 64.3219554298 64.4425073007 64.5133853533
261504864 4 4052.162 4060.984 4070.044 514.00891784 515.155664735 516.277214978 64.25111473 64.3944580919 64.5346518723
287655344 2 2211.809 2220.154 2237.082 514.3402772 518.261965611 520.217331605 64.29253465 64.7827457014 65.0271664506
316420872 2 2434.015 2444.029 2452.135 516.155712471 517.867622684 519.998228441 64.5194640589 64.7334528355 64.9997785552
348062952 2 2688.169 2693.176 2696.991 516.224120881 516.955374621 517.918258859 64.5280151102 64.6194218276 64.7397823574
382869240 2 2954.006 2962.828 2969.027 515.817794853 516.897018659 518.440707297 64.4772243567 64.6121273324 64.8050884121
421156160 2 3248.93 3266.096 3268.003 515.490542695 515.79152603 518.516754747 64.4363178369 64.4739407537 64.8145943434
463271776 2 3587.008 3587.961 3618.956 512.05018906 516.473591547 516.610808785 64.0062736325 64.5591989434 64.5763510982
509598952 2 3941.059 3952.026 3973.961 512.938050474 515.785019633 517.220322761 64.1172563093 64.4731274541 64.6525403451
560558840 1 2156.019 2161.026 2167.94 517.135012962 518.789537932 519.994341423 64.6418766202 64.8486922416 64.9992926778
616614720 1 2380.133 2383.947 2391.1 515.758203337 517.305728693 518.134675667 64.4697754172 64.6632160866 64.7668344584
678276192 1 2614.021 2619.028 2627.134 516.362082787 517.960244793 518.952366488 64.5452603483 64.7450305991 64.869045811
746103808 1 2883.196 2888.918 2897.978 514.913369253 516.528200524 517.553304042 64.3641711566 64.5660250654 64.6941630052
820714184 1 3175.02 3185.034 3195.047 513.741540578 515.356623509 516.982056176 64.2176925723 64.4195779386 64.622757022
902785600 1 3491.879 3494.978 3516.197 513.501149111 516.618759832 517.077252677 64.1876436389 64.577344979 64.6346565846
993064160 1 3849.983 3859.043 3872.871 512.83100315 514.668616027 515.879763625 64.1038753937 64.3335770034 64.4849704531

META_DATA
ERT_VERSION  1.1.0
TIMESTAMP_DATA  1560474882.35
GPU_BLOCKS     1792
HOSTNAME  ce1
UNAME  ('Linux', 'ce1', '3.10.0-514.el7.x86_64', '#1 SMP Tue Nov 22 16:42:41 UTC 2016', 'x86_64', 'x86_64')
FLOPS          2
TIMESTAMP_DATA  1560474862.79
TIMESTAMP_DATA  1560474843.17
TIMESTAMP_DATA  1560474921.46
TIMESTAMP_DATA  1560474901.88
CONFIG  {'ERT_WORKING_SET_MIN': ['128'], 'ERT_CFLAGS': ['-O3'], 'ERT_CC': ['nvcc'], 'ERT_BLOCKS_THREADS': ['114688'], 'ERT_GPU_THREADS': ['64,128,256,512,1024'], 'ERT_GPU_LDFLAGS': [], 'ERT_MEMORY_MAX': ['1073741824'], 'ERT_LDFLAGS': [], 'ERT_LDLIBS': [], 'ERT_RUN': ['./ERT_CODE'], 'ERT_FLOPS': ['1,2,4,8,16,32,64,128,256,512,1024'], 'ERT_MPI': [False], 'ERT_TRIALS_MIN': ['1'], 'ERT_DRIVER': ['driver1'], 'ERT_RESULTS': ['Results.summitdev.ornl.gov.01'], 'ERT_GPU': ['True'], 'ERT_GPU_CFLAGS': ['-x', 'cu'], 'ERT_KERNEL': ['kernel1'], 'ERT_OPENMP': [False], 'ERT_LD': ['nvcc'], 'ERT_NUM_EXPERIMENTS': ['5'], 'ERT_ALIGN': ['32'], 'ERT_GNUPLOT': ['gnuplot'], 'ERT_GPU_BLOCKS': ['56,112,448,896,1792']}
GPU_THREADS    64
