1024 1048576 552217.96 552381.039 552455.902 3.88715848672 3.88768530485 3.88883340194 0.971789621681 0.971921326213 0.972208350485
1120 524288 275645.971 275774.002 275781.155 4.25846762445 4.25857808018 4.26055608845 1.06461690611 1.06464452004 1.06513902211
1232 524288 276109.934 276158.094 276192.904 4.67733100051 4.67792058269 4.67873652094 1.16933275013 1.16948014567 1.16968413023
1352 524288 273660.898 273703.098 273741.007 5.17889068772 5.17960798529 5.18040670904 1.29472267193 1.29490199632 1.29510167726
1480 524288 274564.981 274749.994 274908.066 5.64513258043 5.64838039632 5.65218650371 1.41128314511 1.41209509908 1.41304662593
1624 524288 273993.969 274082.899 274169.922 6.21106579299 6.21303784444 6.21505440508 1.55276644825 1.55325946111 1.55376360127
1784 524288 274571.896 274593.115 274749.994 6.80858826152 6.81247810602 6.8130045764 1.70214706538 1.7031195265 1.7032511441
1960 524288 272359.133 272487.879 272562.981 7.54030849112 7.54238672025 7.54595205735 1.88507712278 1.88559668006 1.88648801434
2152 262144 140906.096 140921.116 140949.011 8.00479384705 8.00637837696 8.00723182338 2.00119846176 2.00159459424 2.00180795585
2360 262144 141517.162 141536.951 141582.966 8.73918462762 8.74202581911 8.74324825706 2.1847961569 2.18550645478 2.18581206426
2592 262144 142508.984 142551.899 142636.061 9.52742585902 9.53305080839 9.53592158092 2.38185646475 2.3832627021 2.38398039523
2848 262144 140724.897 140911.102 140964.985 10.592504401 10.596554869 10.610576066 2.64812610025 2.64913871726 2.6526440165
3128 262144 140505.075 140580.893 140649.796 11.6599732857 11.6656881956 11.6719831223 2.91499332143 2.91642204891 2.91799578058
3440 262144 139628.887 139708.042 139849.901 12.8963317607 12.9094266456 12.9167449426 3.22408294018 3.2273566614 3.22918623565
3784 262144 139245.987 139317.036 139431.0 14.2285846906 14.240223945 14.24748989 3.55714617266 3.56005598626 3.56187247249
4160 131072 70228.815 70248.127 70278.883 15.5170229441 15.5238165994 15.5280854447 3.87925573604 3.88095414985 3.88202136117
4576 131072 71410.179 71420.908 71444.988 16.7901343059 16.7957952033 16.7983186823 4.19753357646 4.19894880082 4.19957967057
5032 131072 70405.96 70492.029 70541.143 18.6998473784 18.7128761466 18.7357520301 4.67496184461 4.67821903665 4.68393800752
5528 131072 69792.032 69821.119 69885.015 20.7359479282 20.7549241942 20.763574157 5.18398698204 5.18873104855 5.19089353925
6080 131072 69425.106 69447.994 69478.989 22.9398202671 22.9500584279 22.9576245804 5.73495506678 5.73751460697 5.73940614509
6688 131072 70026.875 70080.996 70089.102 25.014146593 25.0170398834 25.0363745633 6.25353664825 6.25425997085 6.25909364083
7352 131072 69411.993 69432.974 69496.155 27.7322204085 27.7574555283 27.7658457091 6.93305510211 6.93936388207 6.94146142728
8080 131072 69373.131 69447.994 69530.964 30.4630253652 30.4994197529 30.5323327557 7.6157563413 7.62485493821 7.63308318894
8888 65536 34824.133 34854.889 34865.141 33.4135443766 33.4233724285 33.4528913039 8.35338609415 8.35584310712 8.36322282596
9776 65536 34758.091 34765.005 34798.145 36.8226487935 36.8577502578 36.8650819172 9.20566219837 9.21443756444 9.2162704793
10752 65536 35352.945 35448.074 35518.169 39.6778939815 39.756353025 39.8633308767 9.91947349538 9.93908825625 9.96583271917
11824 65536 35145.998 35178.9 35194.159 44.0355835183 44.0546841431 44.0959260283 11.0088958796 11.0136710358 11.0239815071
13000 65536 34821.987 34832.001 34899.95 48.8234510365 48.918694048 48.9327619357 12.2058627591 12.229673512 12.2331904839
14296 65536 34812.212 34863.949 34909.01 53.6768390739 53.7462153814 53.8260916026 13.4192097685 13.4365538453 13.4565229006
15720 65536 34818.888 34832.001 34882.069 59.0690833161 59.1539900335 59.1762677774 14.767270829 14.7884975084 14.7940669444
17288 32768 17722.845 17745.972 17754.078 63.8155565161 63.8447061677 63.9280187803 15.953889129 15.9611765419 15.9820046951
19016 32768 17501.116 17512.083 17549.992 71.0104355603 71.1641542585 71.2087489735 17.7526088901 17.7910385646 17.8021872434
20912 32768 17835.855 17850.876 17858.028 76.7435705667 76.7743180783 76.8389758719 19.1858926417 19.1935795196 19.209743968
23000 32768 18025.875 18036.127 18043.995 83.536267883 83.5727093738 83.6202403489 20.8840669708 20.8931773435 20.9050600872
25296 32768 17481.089 17500.877 17515.898 94.6453705086 94.7266046153 94.8338319197 23.6613426271 23.6816511538 23.7084579799
27824 32768 17560.959 17584.085 17642.975 103.354092153 103.700230293 103.836792968 25.8385230382 25.9250575734 25.959198242
30600 32768 17475.128 17498.016 17523.05 114.443638522 114.607370344 114.757477027 28.6109096305 28.651842586 28.6893692567
33656 16384 8732.08 8739.948 8747.101 126.080607506 126.183795144 126.297492465 31.5201518766 31.545948786 31.5743731161
37016 16384 8736.849 8749.008 8765.936 138.369740322 138.637464727 138.830405333 34.5924350805 34.6593661819 34.7076013332
40712 16384 8737.087 8744.001 8751.154 152.442845366 152.567550713 152.688283406 38.1107113416 38.1418876782 38.1720708515
44776 16384 8738.041 8746.862 8774.042 167.222811106 167.742439289 167.911774275 41.8057027764 41.9356098221 41.9779435688
49248 16384 8729.935 8748.055 8754.969 184.324863286 184.470543909 184.853434075 46.0812158216 46.1176359774 46.2133585187
54168 16384 8736.134 8759.022 8764.029 202.52979811 202.645572074 203.176487906 50.6324495275 50.6613930185 50.7941219766
59584 16384 8903.027 8916.14 8924.007 218.786080289 218.979122356 219.301650102 54.6965200722 54.7447805889 54.8254125254
65536 16384 8910.894 8920.908 8923.054 240.666889161 240.724783621 240.995308439 60.1667222904 60.1811959052 60.2488271098
72088 8192 4484.892 4486.084 4487.991 263.166702429 263.278572581 263.348547078 65.7916756072 65.8196431453 65.8371367694
79296 8192 4467.01 4482.031 4489.183 289.403587245 289.865390043 290.840106469 72.3508968113 72.4663475108 72.7100266174
87224 8192 4469.872 4481.077 4490.852 318.219797936 318.913961086 319.713409243 79.554949484 79.7284902714 79.9283523108
95944 8192 4467.964 4475.117 4487.991 350.256160496 351.26377612 351.826132887 87.564040124 87.8159440301 87.9565332218
105536 8192 4465.103 4477.978 4498.959 384.333758987 386.134506244 387.247914326 96.0834397468 96.5336265609 96.8119785815
116088 8192 4467.964 4473.209 4491.091 423.501949081 425.194930977 425.694072736 105.87548727 106.298732744 106.423518184
127696 8192 4463.911 4483.938 4494.19 465.527995924 466.592371259 468.685702739 116.381998981 116.648092815 117.171425685
140464 4096 2219.915 2228.022 2249.956 511.423818066 516.458584341 518.344660944 127.855954516 129.114646085 129.586165236
154504 4096 2233.028 2236.843 2239.943 565.057578697 565.840681711 566.807387995 141.264394674 141.460170428 141.701846999
169952 4096 2237.797 2239.943 2240.896 621.290226766 621.554559201 622.150616879 155.322556692 155.3886398 155.53765422
186944 4096 2231.836 2242.088 2263.069 676.711690187 683.044219495 686.181801889 169.177922547 170.761054874 171.545450472
205632 4096 2241.85 2252.102 2254.963 747.035469762 747.984480277 751.405019961 186.75886744 186.996120069 187.85125499
226192 4096 2249.002 2262.115 2266.169 817.664024175 819.129382901 823.905387367 204.416006044 204.782345725 205.976346842
248808 4096 2259.016 2264.977 2274.036 896.307330227 899.89220023 902.26679935 224.076832557 224.973050057 225.566699837
273688 2048 1140.118 1160.145 1164.198 962.917002091 966.280980395 983.254407 240.729250523 241.570245099 245.81360175
301056 2048 1180.887 1183.033 1184.94 1040.66482354 1042.34233196 1044.23655777 260.166205884 260.585582989 261.059139443
331160 2048 1190.901 1199.961 1200.914 1129.4991648 1130.39620454 1138.9959031 282.374791201 282.599051136 284.748975775
364272 2048 1265.049 1270.056 1280.069 1165.60756647 1174.79710501 1179.44689257 291.401891617 293.699276252 294.861723143
400696 2048 1274.824 1276.016 1290.083 1272.20559917 1286.23059272 1287.43325824 318.051399794 321.55764818 321.858314559
440760 2048 1329.899 1331.091 1332.045 1355.32430211 1356.29567024 1357.51132981 338.831075527 339.073917561 339.377832452
484832 2048 1436.949 1442.909 1446.962 1372.44231155 1376.29737703 1382.00581371 343.110577887 344.074344259 345.501453427
533312 1024 732.183 735.998 741.959 1472.07996129 1484.00264131 1491.73495697 368.019990323 371.000660328 372.933739243
586640 1024 796.08 797.987 805.14 1492.21094468 1505.58683287 1509.19344789 373.05273617 376.396708217 377.298361974
645304 1024 821.114 822.067 824.928 1602.05810931 1607.63367463 1609.49952382 400.514527328 401.908418657 402.374880954
709832 1024 915.051 916.958 918.15 1583.33162991 1585.38988263 1588.69389356 395.832907477 396.347470658 397.173473391
780808 1024 949.144 949.86 950.098 1683.08404396 1683.50576295 1684.77573898 420.77101099 420.876440739 421.193934745
858888 1024 1046.181 1049.042 1051.188 1673.34732132 1676.7704477 1681.35592598 418.336830329 419.192611926 420.338981496
944776 1024 1342.058 1343.966 1347.065 1436.38298672 1439.69508752 1441.74189789 359.095746679 359.923771881 360.435474473
1039248 1024 1370.192 1372.814 1373.053 1550.10760983 1550.37747575 1553.34427876 387.526902458 387.594368939 388.33606969
1143168 512 704.05 706.196 706.911 1655.94258966 1657.61917655 1662.6717307 413.985647415 414.404794136 415.667932675
1257480 512 748.873 748.873 749.826 1717.27776844 1719.46313994 1719.46313994 429.319442111 429.865784986 429.865784986
1383224 512 859.022 859.022 859.976 1647.04756412 1648.87671794 1648.87671794 411.76189103 412.219179486 412.219179486
1521544 512 925.779 926.971 927.925 1679.08080502 1680.80884515 1682.97299463 419.770201255 420.202211288 420.743248659
1673696 512 1013.041 1013.994 1014.948 1688.62316493 1690.21187897 1691.80191522 422.155791233 422.552969741 422.950478806
1841064 512 1205.921 1209.021 1211.882 1555.63787233 1559.31909868 1563.32756126 388.909468084 389.829774669 390.831890315
2025168 512 1231.909 1235.008 1235.962 1677.86067209 1679.15676012 1683.38086011 419.465168023 419.78919003 420.845215028
2227680 256 670.195 671.148 673.056 1694.61703038 1699.43464035 1701.85119256 423.654257595 424.858660087 425.462798141
2450448 256 738.859 739.098 741.005 1693.1456279 1697.51423492 1698.06333279 423.286406974 424.37855873 424.515833197
2695488 256 806.093 806.093 807.047 1710.04892652 1712.07274595 1712.07274595 427.51223163 428.018186487 428.018186487
2965032 256 891.924 892.162 893.116 1699.77515127 1701.59274213 1702.04679322 424.943787817 425.398185531 425.511698306
3261528 256 974.894 975.847 977.039 1709.14603818 1711.23376513 1712.9065683 427.286509546 427.808441282 428.226642076
3587680 256 1372.099 1373.053 1375.198 1335.7292259 1337.81591825 1338.74608173 333.932306475 334.453979562 334.686520433
3946448 256 1604.08 1605.034 1607.895 1256.6625159 1258.90253789 1259.65124931 314.165628975 314.725634473 314.912812329
4341088 128 1271.963 1273.87 1275.063 871.57930863 872.395556846 873.703502382 217.894827158 218.098889212 218.425875595
4775192 128 1853.943 1858.95 1869.917 653.74514056 657.601953791 659.377959301 163.43628514 164.400488448 164.844489825
5252704 128 2197.027 2198.935 2203.941 610.130772103 611.519769343 612.050841433 152.532693026 152.879942336 153.012710358
5777968 128 2580.166 2582.073 2586.126 571.959683326 572.857470722 573.280869525 142.989920831 143.214367681 143.320217381
6355760 128 2964.973 2969.027 2972.126 547.444677648 548.016087425 548.76538842 136.861169412 137.004021856 137.191347105
6991336 128 3237.009 3241.062 3248.93 550.883526576 552.220851067 552.912276734 137.720881644 138.055212767 138.228069184
7690464 128 3631.115 3634.93 3638.029 541.16082747 541.622200152 542.191250897 135.290206868 135.405550038 135.547812724
8459504 64 2032.042 2036.81 2048.016 528.714869415 531.623721407 532.871127664 132.178717354 132.905930352 133.217781916
9305448 64 2249.002 2250.91 2255.917 527.988105945 529.162580467 529.611509461 131.997026486 132.290645117 132.402877365
10235992 64 2478.123 2483.13 2483.845 527.491440086 527.643327574 528.7094208 131.872860021 131.910831894 132.1773552
11259584 64 2722.979 2724.886 2732.992 527.343933681 528.912678182 529.283094728 131.83598342 132.228169545 132.320773682
12385536 64 3011.942 3013.134 3024.101 524.237982792 526.146068512 526.354295003 131.059495698 131.536517128 131.588573751
13624088 64 3320.932 3325.939 3334.999 522.903684229 524.328096216 525.118630553 130.725921057 131.082024054 131.279657638
14986496 64 3659.01 3661.871 3664.017 523.543282687 523.85009958 524.259700848 130.885820672 130.962524895 131.064925212
16485144 64 4033.089 4036.188 4039.049 522.424568754 522.794882696 523.196594967 130.606142188 130.698720674 130.799148742
18133656 32 2220.869 2223.969 2233.028 519.722092155 521.839101175 522.567510285 129.930523039 130.459775294 130.641877571
19947016 32 2446.89 2452.135 2456.903 519.600905693 520.611232253 521.727181851 129.900226423 130.152808063 130.431795463
21941712 32 2691.984 2695.084 2699.137 520.266132471 521.048534294 521.648556604 130.066533118 130.262133574 130.412139151
24135880 32 2974.033 2977.848 2985.954 517.320869645 518.729068777 519.39447881 129.330217411 129.682267194 129.848619703
26549464 32 3257.99 3272.057 3274.918 518.842211011 519.295872902 521.538032959 129.710552753 129.823968225 130.38450824
29204408 32 3615.141 3618.002 3626.108 515.451308124 516.606157763 517.014996649 128.862827031 129.151539441 129.253749162
32124848 32 3964.186 3971.815 3976.107 517.086253464 517.645024252 518.641222183 129.271563366 129.411256063 129.660305546
35337328 16 2181.053 2182.007 2185.822 517.331464319 518.235961663 518.462639835 129.33286608 129.558990416 129.615659959
38871056 16 2405.167 2408.028 2422.094 513.553062763 516.552877292 517.167328506 128.388265691 129.138219323 129.291832126
42758160 16 2635.956 2645.969 2657.175 514.930751644 517.111545902 519.075857108 128.732687911 129.277886476 129.768964277
47033976 16 2905.846 2908.945 2918.959 515.624656598 517.399686828 517.951478502 128.90616415 129.349921707 129.487869626
51737368 16 3201.008 3205.061 3216.982 514.64253639 516.556713273 517.210758611 128.660634097 129.139178318 129.302689653
56911104 16 3515.005 3525.972 3533.125 515.451711445 516.497387954 518.108886901 128.862927861 129.124346989 129.527221725
62602208 16 3880.978 3890.991 3902.912 513.275896561 514.848442466 516.176761631 128.31897414 128.712110617 129.044190408
68862424 8 2118.826 2123.117 2127.886 517.790325234 518.953399177 520.004372233 129.447581308 129.738349794 130.001093058
75748664 8 2336.979 2349.138 2357.96 513.994564793 515.924830299 518.609120578 128.498641198 128.981207575 129.652280145
83323528 8 2571.106 2579.212 2584.934 515.748737879 516.892930089 518.522553329 128.93718447 129.223232522 129.630638332
91655880 8 2827.168 2830.029 2838.135 516.710473603 518.190477907 518.714869438 129.177618401 129.547619477 129.67871736
100821464 8 3110.17 3113.031 3120.184 517.002658818 518.190607161 518.667283139 129.250664704 129.54765179 129.666820785
110903608 8 3428.936 3439.903 3442.049 515.523668606 515.845280521 517.495143683 128.880917151 128.96132013 129.373785921
121993968 8 3763.914 3775.835 3789.902 515.027430261 516.946182235 518.583444786 128.756857565 129.236545559 129.645861197
134193360 8 4153.013 4164.934 4179.001 513.781585599 515.516874937 516.996638344 128.4453964 128.879218734 129.249159586
147612696 4 2274.036 2283.096 2290.964 515.460551977 517.236930904 519.297657557 128.865137994 129.309232726 129.824414389
162373960 4 2504.11 2506.971 2514.124 516.677649949 518.151857361 518.743857099 129.169412487 129.53796434 129.685964275
178611352 4 2758.98 2759.933 2774.954 514.924145049 517.72663177 517.905463613 128.731036262 129.431657942 129.476365903
196472480 4 3034.115 3047.943 3051.996 515.000622543 515.685444249 518.035684211 128.750155636 128.921361062 129.508921053
216119728 4 3344.059 3355.98 3371.0 512.891671314 515.187165597 517.023719976 128.222917829 128.796791399 129.255929994
237731696 4 3671.169 3683.09 3684.998 516.107082826 516.374448629 518.051216928 129.026770707 129.093612157 129.512804232
261504864 4 4046.917 4063.129 4066.944 514.40071759 514.883704652 516.946335198 128.600179398 128.720926163 129.236583799
287655344 2 2221.107 2228.975 2247.095 512.048389587 516.210983075 518.039597372 128.012097397 129.052745769 129.509899343
316420872 2 2444.983 2449.036 2452.85 516.005254296 516.808853769 517.665557593 129.001313574 129.202213442 129.416389398
348062952 2 2690.077 2701.044 2703.905 514.904113865 515.449510634 517.550913227 128.726028466 128.862377658 129.387728307
382869240 2 2961.159 2965.212 2978.086 514.248735597 516.481438764 517.188357667 128.562183899 129.120359691 129.297089417
421156160 2 3257.036 3263.95 3273.964 514.551974304 516.130651511 517.22628795 128.637993576 129.032662878 129.306571988
463271776 2 3582.001 3592.968 3606.796 513.776521877 515.753856978 517.332938768 128.444130469 128.938464245 129.333234692
509598952 2 3943.92 3953.934 3973.961 512.938050474 515.536123769 516.845120591 128.234512619 128.884030942 129.211280148
560558840 1 2161.026 2174.854 2180.099 514.250811546 515.491007672 518.789537932 128.562702886 128.872751918 129.697384483
616614720 1 2381.086 2387.047 2393.007 515.347192883 516.633916299 517.92729872 128.836798221 129.158479075 129.48182468
678276192 1 2623.081 2628.088 2636.194 514.587463593 516.174642554 517.159929106 128.646865898 129.043660638 129.289982277
746103808 1 2876.043 2886.772 2902.031 514.194237071 516.912182881 518.840509686 128.548559268 129.22804572 129.710127422
820714184 1 3177.881 3181.934 3195.047 513.741540578 515.858709829 516.516624757 128.435385145 128.964677457 129.129156189
902785600 1 3479.958 3493.071 3501.892 515.598767752 516.900801616 518.848560816 128.899691938 129.225200404 129.712140204
993064160 1 3841.877 3851.891 3879.786 511.916976864 515.624227165 516.968221523 127.979244216 128.906056791 129.242055381

META_DATA
ERT_VERSION  1.1.0
HOSTNAME  ce1
UNAME  ('Linux', 'ce1', '3.10.0-514.el7.x86_64', '#1 SMP Tue Nov 22 16:42:41 UTC 2016', 'x86_64', 'x86_64')
CONFIG  {'ERT_WORKING_SET_MIN': ['128'], 'ERT_CFLAGS': ['-O3'], 'ERT_CC': ['nvcc'], 'ERT_BLOCKS_THREADS': ['114688'], 'ERT_GPU_THREADS': ['64,128,256,512,1024'], 'ERT_GPU_LDFLAGS': [], 'ERT_MEMORY_MAX': ['1073741824'], 'ERT_LDFLAGS': [], 'ERT_LDLIBS': [], 'ERT_RUN': ['./ERT_CODE'], 'ERT_FLOPS': ['1,2,4,8,16,32,64,128,256,512,1024'], 'ERT_MPI': [False], 'ERT_TRIALS_MIN': ['1'], 'ERT_DRIVER': ['driver1'], 'ERT_RESULTS': ['Results.summitdev.ornl.gov.01'], 'ERT_GPU': ['True'], 'ERT_GPU_CFLAGS': ['-x', 'cu'], 'ERT_KERNEL': ['kernel1'], 'ERT_OPENMP': [False], 'ERT_LD': ['nvcc'], 'ERT_NUM_EXPERIMENTS': ['5'], 'ERT_ALIGN': ['32'], 'ERT_GNUPLOT': ['gnuplot'], 'ERT_GPU_BLOCKS': ['56,112,448,896,1792']}
FLOPS          4
TIMESTAMP_DATA  1560475075.84
GPU_THREADS    256
TIMESTAMP_DATA  1560475095.29
TIMESTAMP_DATA  1560475037.04
GPU_BLOCKS     448
TIMESTAMP_DATA  1560475114.68
TIMESTAMP_DATA  1560475056.44
