64 16777216 127503.148 127523.097 136214.803 15.7654205028 16.8399583959 16.842593157 7.8827102514 8.41997919796 8.4212965785
128 8388608 63794.281 68285.236 71024.614 30.2357665471 31.4487255781 33.662635809 15.1178832735 15.7243627891 16.8313179045
192 4194304 32236.11 34140.845 35267.638 45.6682904594 47.1755381567 49.9629991336 22.8341452297 23.5877690784 24.9814995668
256 4194304 31805.318 33269.181 34201.306 62.7895217803 64.5487380047 67.5196408349 31.3947608901 32.2743690024 33.7598204175
320 2097152 16087.022 17145.434 17463.16 76.8576408852 78.2819075913 83.4323021377 38.4288204426 39.1409537956 41.7161510689
384 2097152 16322.748 17457.937 17604.941 91.4864035046 92.2567618385 98.6728911088 45.7432017523 46.1283809192 49.3364455544
448 2097152 16689.615 17888.742 17928.811 104.8060684 105.040823553 112.587869283 52.4030342001 52.5204117763 56.2939346414
512 2097152 17810.719 18916.125 19066.947 112.628605303 113.526615414 120.572541064 56.3143026516 56.763307707 60.2862705318
576 1048576 9641.104 10277.902 10278.015 117.52848697 117.529779132 125.2926586 58.7642434848 58.764889566 62.6463293
640 1048576 10883.726 11363.895 11483.985 116.873827334 118.108912481 123.319649907 58.4369136672 59.0544562406 61.6598249533
704 1048576 11382.685 12140.658 12161.849 121.395604237 121.60749508 129.70533824 60.6978021187 60.8037475399 64.8526691198
768 1048576 12800.653 13354.703 13506.997 119.242843987 120.602662298 125.822701076 59.6214219934 60.301331149 62.9113505381
832 1048576 13409.081 16398.801 16718.579 104.364758751 106.399880333 130.123046016 52.1823793757 53.1999401664 65.0615230082
896 1048576 11303.295 11733.204 11829.04 158.850438582 160.147917994 166.238976511 79.4252192908 80.073958997 83.1194882554
960 1048576 13744.103 14568.051 14716.518 136.803143244 138.197341566 146.482161841 68.4015716218 69.0986707831 73.2410809203
1024 1048576 14159.718 15164.275 15473.35 138.785954431 141.614659982 151.661470094 69.3929772157 70.807329991 75.8307350471
1088 524288 7910.629 8498.677 8715.726 130.895657803 134.238621847 144.217443139 65.4478289015 67.1193109233 72.1087215694
1152 524288 8574.778 8634.78 9104.022 132.684164428 139.89465302 140.873565706 66.3420822138 69.9473265098 70.4367828532
1216 524288 9869.578 9874.399 10518.954 121.216274546 129.128711125 129.191786721 60.608137273 64.5643555623 64.5958933604
1280 524288 10155.391 10824.406 10941.934 122.663624182 123.99546728 132.164018106 61.331812091 61.9977336401 66.0820090531
1408 524288 6828.376 7285.442 7426.61 198.797972157 202.650025626 216.214661876 99.3989860784 101.325012813 108.107330938
1536 524288 8119.133 8151.2 8500.636 189.469674504 197.592101286 198.372503074 94.7348372522 98.7960506429 99.186251537
1664 524288 9862.727 9863.958 10675.04 163.449548105 176.88948635 176.91156452 81.7247740524 88.4447431751 88.4557822598
1792 524288 11016.272 11418.995 11805.31 159.169745818 164.554603273 170.570243001 79.5848729089 82.2773016364 85.2851215003
1920 524288 7271.419 7272.322 7524.269 267.569636333 276.839490881 276.873870148 133.784818166 138.41974544 138.436935074
2112 262144 5004.584 5006.006 5007.149 221.143060852 221.193553504 221.256403329 110.571530426 110.596776752 110.628201665
2304 262144 5823.334 5969.096 5973.902 202.206121225 202.368926886 207.434358393 101.103060613 101.184463443 103.717179197
2496 262144 4306.492 4318.564 4554.353 287.334523257 303.02268254 303.872118652 143.667261629 151.51134127 151.936059326
2688 262144 5581.417 5592.892 5973.316 235.930284619 251.978072167 252.496121325 117.96514231 125.989036084 126.248060663
2944 262144 4371.13 4372.565 4554.916 338.865496532 352.99735327 353.113238911 169.432748266 176.498676635 176.556619455
3200 262144 5848.684 5848.905 5866.244 285.99587743 286.843708352 286.854547108 142.997938715 143.421854176 143.427273554
3520 262144 5155.545 5156.507 5175.135 356.607848877 357.896102924 357.962884622 178.303924439 178.948051462 178.981442311
3840 262144 7017.286 7035.018 7126.869 282.489536429 286.177792296 286.900935775 141.244768214 143.088896148 143.450467887
4224 131072 3356.708 3457.319 3463.205 319.731652039 320.275987261 329.875656745 159.86582602 160.13799363 164.937828372
4608 131072 3325.204 3375.524 4356.752 277.261490211 357.858380506 363.273817787 138.630745106 178.929190253 181.636908893
5056 131072 3250.136 3319.753 3605.753 367.579272346 399.246589731 407.798339516 183.789636173 199.623294866 203.899169758
5504 131072 3286.251 3480.301 3591.628 401.723278691 414.573502694 439.053674232 200.861639346 207.286751347 219.526837116
6016 131072 4209.775 4426.384 5251.579 300.301738582 356.285921872 374.618193134 150.150869291 178.142960936 187.309096567
6592 131072 4842.997 4844.556 5771.145 299.42987882 356.700025348 356.814849978 149.71493941 178.350012674 178.407424989
7232 131072 5807.276 5875.837 6730.96 281.65750621 322.647719465 326.456915084 140.828753105 161.323859733 163.228457542
7936 131072 6935.387 7913.049 8041.955 258.690179689 262.904322215 299.965205114 129.345089844 131.452161108 149.982602557
8704 65536 3329.663 3796.958 3803.938 299.913060623 300.464394918 342.632479023 149.956530311 150.232197459 171.316239511
9536 65536 3973.93 4619.566 4630.148 269.948734252 270.56710349 314.525568392 134.974367126 135.283551745 157.262784196
10432 65536 4165.399 4657.438 4745.557 288.131214945 293.582674423 328.262215456 144.065607472 146.791337212 164.131107728
11456 65536 4139.827 4969.376 4979.876 301.525747227 302.162853445 362.711009905 150.762873614 151.081426722 181.355504952
12544 65536 4326.861 5153.372 5300.992 310.162167383 319.04686252 379.99075265 155.081083692 159.52343126 189.995376325
13760 65536 4284.64 4896.058 5083.67 354.773366485 368.367923746 420.93401546 177.386683243 184.183961873 210.46700773
15104 65536 5973.844 5996.584 6311.2 313.682261377 330.139874302 331.396582837 156.841130688 165.069937151 165.698291418
16576 32768 2857.525 3109.183 3193.899 340.124949474 349.392343905 380.162810824 170.062474737 174.696171953 190.081405412
18176 32768 2938.422 3418.931 5062.955 235.274130621 348.407831571 405.381642256 117.637065311 174.203915785 202.690821128
19968 32768 2929.949 3400.752 3755.341 348.46977891 384.803963359 446.636732585 174.234889455 192.401981679 223.318366292
21952 32768 3713.684 3734.341 3901.14 368.775863466 385.247697519 387.390599739 184.387931733 192.623848759 193.695299869
24128 32768 3639.682 4039.652 4300.959 367.65116989 391.432877882 434.448011667 183.825584945 195.716438941 217.224005833
26496 32768 3766.49 4386.077 5661.59 306.705687978 395.898625583 461.023885899 153.352843989 197.949312791 230.51194295
29120 32768 4090.513 4624.711 5171.102 369.052538511 412.654611283 466.544983478 184.526269256 206.327305641 233.272491739
32000 32768 4689.081 5406.337 5518.615 380.014188343 387.906266295 447.241581026 190.007094171 193.953133147 223.620790513
35200 16384 2615.19 2741.479 2992.745 385.409916314 420.73406362 441.051548836 192.704958157 210.36703181 220.525774418
38720 16384 2701.014 3198.438 3469.823 365.660427059 396.686432565 469.740978758 182.83021353 198.343216282 234.870489379
42560 16384 3078.028 3336.862 3451.148 404.09918091 417.939393358 453.084273437 202.049590455 208.969696679 226.542136719
46784 16384 3371.908 3838.414 3947.006 388.400248695 399.388422406 454.6441101 194.200124347 199.694211203 227.32205505
51456 16384 3814.521 4070.8 4250.043 396.727799695 414.196277881 442.024098963 198.363899848 207.098138941 221.012049481
56576 16384 3947.054 4435.407 4616.092 401.612959187 417.973450464 469.687612077 200.806479594 208.986725232 234.843806039
62208 16384 4273.196 4860.207 5012.335 406.683061687 419.412536133 477.027438947 203.341530843 209.706268066 238.513719474
68416 8192 2476.989 2736.636 2935.459 381.857741498 409.600598691 452.53642386 190.928870749 204.800299346 226.26821193
75200 8192 2750.779 2808.268 2863.203 430.314162146 438.7319159 447.901049121 215.157081073 219.36595795 223.95052456
82688 8192 2754.11 3164.223 3321.19 407.914088625 428.149404135 491.904895592 203.957044312 214.074702067 245.952447796
90944 8192 3122.549 3466.424 3830.254 389.015061664 429.845424564 477.182742689 194.507530832 214.922712282 238.591371344
100032 8192 3436.67 3865.692 4071.282 402.557299642 423.966598477 476.893122703 201.278649821 211.983299239 238.446561352
110016 8192 3616.508 4113.335 4202.9 428.871051893 438.20941985 498.409555295 214.435525946 219.104709925 249.204777647
120960 8192 4159.331 4486.074 4745.484 417.619918221 441.769047947 476.472932787 208.809959111 220.884523974 238.236466393
133056 4096 2141.965 2511.845 2590.923 420.697470361 433.941884153 508.876079675 210.34873518 216.970942076 254.438039837
146304 4096 2311.609 2664.335 2708.287 442.538906696 449.839216165 518.479711751 221.269453348 224.919608082 259.239855875
160896 4096 2842.841 2959.012 3104.954 424.502273464 445.439231744 463.641839976 212.251136732 222.719615872 231.820919988
176960 4096 2745.235 3270.639 3364.796 430.830374263 443.233362043 528.062741441 215.415187132 221.616681022 264.031370721
194624 4096 3220.742 3555.892 3669.197 434.525540057 448.371268869 495.028725679 217.262770028 224.185634434 247.514362839
214080 4096 3637.84 3900.345 3995.61 438.917552013 449.638008945 482.083698019 219.458776007 224.819004473 241.041849009
235456 4096 3819.957 4263.522 4344.767 443.949135132 452.408959541 504.941692276 221.974567566 226.20447977 252.470846138
258944 4096 4121.423 4671.48 4671.549 454.082628267 454.089335286 514.693407592 227.041314134 227.044667643 257.346703796
284800 2048 2309.757 2590.297 2591.684 450.109195411 450.350210806 505.049145863 225.054597706 225.175105403 252.524572931
313280 2048 2724.746 2829.611 2913.824 440.381738911 453.488087232 470.941100565 220.190869455 226.744043616 235.470550282
344576 2048 2857.494 3115.947 3117.195 452.773501818 452.954846793 493.923450408 226.386750909 226.477423396 246.961725204
379008 2048 3184.316 3425.221 3435.177 451.917548353 453.231125233 487.51969591 225.958774177 226.615562616 243.759847955
416896 2048 3134.114 3418.735 3768.176 453.165143029 499.484755619 544.844895878 226.582571515 249.742377809 272.422447939
458560 2048 3597.241 3680.285 4151.69 452.40896117 510.357692407 522.139539719 226.204480585 255.178846203 261.06976986
504384 2048 4147.951 4494.447 4542.452 454.810939995 459.668756579 498.066844088 227.405469997 229.834378289 249.033422044
554816 1024 2182.321 2294.009 2503.646 453.843382012 495.317659172 520.667293217 226.921691006 247.658829586 260.333646608
610240 1024 2474.579 2574.96 2742.82 455.652036955 485.355702613 505.04409841 227.826018477 242.677851306 252.522049205
671232 1024 2588.627 2775.26 3057.858 449.557545184 495.334900514 531.047206106 224.778772592 247.667450257 265.523603053
738304 1024 2839.06 3106.749 3318.153 455.689231931 486.69737787 532.587050644 227.844615966 243.348688935 266.293525322
812096 1024 3118.919 3249.631 3645.389 456.240090701 511.803527231 533.252902047 228.12004535 255.901763616 266.626451024
893248 1024 3388.842 3573.899 4021.882 454.8546934 511.87006236 539.822129211 227.4273467 255.93503118 269.911064606
982528 1024 3722.346 3893.273 4406.542 456.643178256 516.844655897 540.577728132 228.321589128 258.422327949 270.288864066
1080768 512 2129.27 2342.681 2455.559 450.694294863 472.410213768 519.758617742 225.347147432 236.205106884 259.879308871
1188800 512 2291.744 2458.962 2662.632 457.190929877 495.058972038 531.181144142 228.595464938 247.529486019 265.590572071
1307648 512 2512.611 2640.422 2931.865 456.716646912 507.127857592 532.924337273 228.358323456 253.563928796 266.462168637
1438400 512 2946.537 3193.368 3234.278 455.409708133 461.243928041 499.882268575 227.704854066 230.62196402 249.941134287
1582208 512 3182.829 3216.618 3554.248 455.843540462 503.690830556 509.038026234 227.921770231 251.845415278 254.519013117
1740416 512 3405.269 3668.159 4046.536 440.422619248 485.852980746 523.361292162 220.211309624 242.926490373 261.680646081
1914432 512 3632.866 3833.731 4289.429 457.025484744 511.350005517 539.623087667 228.512742372 255.675002758 269.811543833
2105856 256 2083.096 2363.811 2374.616 454.051632769 456.127106609 517.594134884 227.025816385 228.063553304 258.797067442
2316416 256 2274.387 2310.977 2592.419 457.489700546 513.205017618 521.461383661 228.744850273 256.602508809 260.73069183
2548032 256 2459.07 2643.534 2854.447 457.038573146 493.503160542 530.522670766 228.519286573 246.751580271 265.261335383
2802816 256 2974.627 3142.331 3282.869 437.130385647 456.680659039 482.427474772 218.565192824 228.34032952 241.213737386
3083072 256 3003.22 3006.589 3449.579 457.60159834 525.02449254 525.613462883 228.80079917 262.51224627 262.806731442
3391360 256 3137.265 3462.945 3791.06 458.018686067 501.416083709 553.468170524 229.009343033 250.708041855 276.734085262
3730496 256 3607.905 3781.558 4171.916 457.826560266 505.086515135 529.396963612 228.913280133 252.543257567 264.698481806
4103488 256 3912.958 4059.136 4590.932 457.638199825 517.594349142 536.930336589 228.819099913 258.797174571 268.465168295
4513792 128 2186.515 2211.819 2525.937 457.466180669 522.43458981 528.480596749 228.733090334 261.217294905 264.240298374
4965120 128 2478.439 2659.847 2776.797 457.747080539 477.873622054 512.85132295 228.87354027 238.936811027 256.425661475
5461632 128 2584.732 2761.252 3059.424 457.006871882 506.356461489 540.937239141 228.503435941 253.178230745 270.468619571
6007744 128 2933.66 3143.028 3355.615 458.33102546 489.33145489 524.253820824 229.16551273 244.665727445 262.126910412
6608512 128 3350.123 3555.138 3693.778 458.007782817 475.868748836 504.99013678 229.003891409 237.934374418 252.49506839
7269312 128 3934.247 3944.224 4120.691 451.609662554 471.814955743 473.011448442 225.804831277 235.907477871 236.505724221
7996224 128 3960.971 4499.754 4538.393 451.048056878 454.921167691 516.800891499 225.524028439 227.460583845 258.400445749
8795840 64 2665.526 2782.69 3008.454 374.234580286 404.596818187 422.38099347 187.117290143 202.298409093 211.190496735
9675392 64 2988.146 3258.359 3538.425 350.000403004 380.084016525 414.454372711 175.000201502 190.042008262 207.227186356
10642880 64 3546.546 3722.328 4177.35 326.113119561 365.977592517 384.117008492 163.056559781 182.988796259 192.058504246
11707136 64 4470.862 4550.27 4913.561 304.975028905 329.324063847 335.173263679 152.487514452 164.662031923 167.58663184
12877824 64 5176.129 5236.456 5658.251 291.319963006 314.785700863 318.454480559 145.659981503 157.392850432 159.227240279
14165568 64 5810.554 5852.852 6201.624 292.373853042 309.796438386 312.051605406 146.186926521 154.898219193 156.025802703
15582080 64 6487.501 6497.116 6509.245 306.411302693 306.983319984 307.438294036 153.205651347 153.491659992 153.719147018
17140288 32 3516.177 3524.78 3609.43 303.920129217 311.218978773 311.98043557 151.960064609 155.609489387 155.990217785
18854272 32 3851.728 3879.001 4197.775 287.455475341 311.0783957 313.281054114 143.727737671 155.53919785 156.640527057
20739648 32 4354.738 4441.199 4486.751 295.834886313 298.869172942 304.803060942 147.917443157 149.434586471 152.401530471
22813568 32 4734.539 4758.11 4870.823 299.758039247 306.858889769 308.386593077 149.879019624 153.429444885 154.193296538
25094912 32 5288.122 5300.433 5506.695 291.658493525 303.008144429 303.713561828 145.829246762 151.504072214 151.856780914
27604352 32 5905.128 5976.467 8080.549 218.633477503 295.605836692 299.177008187 109.316738751 147.802918346 149.588504093
30364736 32 6789.746 6822.649 6896.629 281.781592717 284.837033827 286.217349515 140.890796359 142.418516913 143.108674757
33401152 32 7522.188 7656.004 7816.489 273.482599157 279.215335833 284.182438408 136.741299578 139.607667917 142.091219204
36741248 16 4499.844 4623.669 7089.575 165.837858546 254.282894385 261.280154601 82.9189292729 127.141447193 130.6400773
40415360 16 5657.006 5715.655 7465.101 173.245013028 226.271795621 228.617668074 86.622506514 113.13589781 114.308834037
44456896 16 7595.67 7641.682 9019.609 157.725315144 186.1659085 187.293638613 78.862657572 93.0829542501 93.6468193063
48902528 16 9711.018 9727.446 9770.702 160.160538721 160.872740491 161.144886767 80.0802693604 80.4363702456 80.5724433834
53792768 16 12102.343 12113.871 12163.075 141.52412741 142.098968695 142.234324048 70.7620637051 71.0494843473 71.1171620239
59172032 16 14681.688 14986.919 15077.652 125.583547359 126.343848526 128.970526005 62.7917736794 63.1719242628 64.4852630025
65089216 16 17743.386 17754.706 17872.103 116.542239713 117.312835932 117.387679668 58.2711198565 58.656417966 58.6938398342
71598080 8 10515.653 10538.506 10587.777 108.197337364 108.70319569 108.939433433 54.0986686818 54.3515978451 54.4697167166
78757888 8 12361.001 12398.961 12448.152 101.22998241 101.631597035 101.943702456 50.6149912051 50.8157985173 50.9718512279
86633664 8 14413.606 14436.286 14447.941 95.940219025 96.0176754603 96.1687605447 47.9701095125 48.0088377301 48.0843802724
95297024 8 16597.925 16753.53 17902.91 85.1678517068 91.0108128854 91.8640362575 42.5839258534 45.5054064427 45.9320181288
104826688 8 18973.379 19049.638 20312.325 82.571887167 88.0450855812 88.398961935 41.2859435835 44.0225427906 44.1994809675
115309312 8 21618.245 21685.555 23144.971 79.7127372508 85.077324145 85.3422186676 39.8563686254 42.5386620725 42.6711093338
126840192 8 24621.769 24629.574 26216.263 77.4116079016 82.3986266267 82.4247466541 38.7058039508 41.1993133133 41.212373327
139524160 4 13902.124 13941.804 14638.844 76.2487311157 80.060893124 80.2894061368 38.1243655578 40.030446562 40.1447030684
153476544 4 15658.453 15664.202 16459.937 74.5939885432 78.3833323906 78.412110826 37.2969942716 39.1916661953 39.206055413
168824192 4 17677.346 17723.208 18453.828 73.1877167166 76.2048008464 76.4025061228 36.5938583583 38.1024004232 38.2012530614
185706560 4 19744.471 20180.486 20688.806 71.8094838339 73.6182706403 75.2439748829 35.904741917 36.8091353201 37.6219874414
204277184 4 22141.953 22251.214 23037.799 70.9363542932 73.4439690347 73.8063833845 35.4681771466 36.7219845173 36.9031916923
224704896 4 24812.844 24977.926 25685.026 69.9878274602 71.9691125676 72.4479293063 34.9939137301 35.9845562838 36.2239646531
247175360 4 27665.949 28650.87 28826.753 68.5961016837 69.0172019209 71.4742472778 34.2980508419 34.5086009605 35.7371236389
271892864 2 15449.254 15926.939 18910.938 57.5101804046 68.2850267713 70.3963735725 28.7550902023 34.1425133857 35.1981867862
299082112 2 17168.179 17508.19 21978.307 54.4322384795 68.3296473251 69.6828969456 27.2161192398 34.1648236625 34.8414484728
328990272 2 19086.263 19631.97 23763.033 55.3784985275 67.0315351949 68.9480747488 27.6892492638 33.5157675974 34.4740373744
361889280 2 21319.782 21727.892 26205.309 55.2390784631 66.6220689978 67.8973696823 27.6195392315 33.3110344989 33.9486848411
398078208 2 23627.536 23987.938 28874.797 55.1454208319 66.3797293456 67.3922508043 27.5727104159 33.1898646728 33.6961254022
437886016 2 26305.863 26615.036 32576.069 53.7678153862 65.8103210531 66.5837902372 26.8839076931 32.9051605266 33.2918951186
481674560 2 29225.552 29440.203 35332.839 54.5299583767 65.444461779 65.9251274364 27.2649791883 32.7222308895 32.9625637182
529841984 2 32250.084 32652.026 39292.534 53.9381841853 64.9077008575 65.7166640558 26.9690920927 32.4538504288 32.8583320279
582826176 1 18798.169 19319.293 22392.645 52.055143642 60.3361806252 62.0088239445 26.027571821 30.1680903126 31.0044119723
641108736 1 20989.271 21555.497 24312.266 52.7395295856 59.4844773006 61.089185613 26.3697647928 29.7422386503 30.5445928065
705219584 1 23170.92 23784.538 26543.173 53.1375494557 59.300675422 60.8710904876 26.5687747279 29.650337711 30.4355452438
775741504 1 25781.308 26456.242 108429.64 14.3086614324 58.6433631806 60.1785994721 7.15433071621 29.3216815903 30.0892997361
853315648 1 28139.809 29044.641 38583.649 44.2319827241 58.7589048183 60.6482899724 22.115991362 29.3794524091 30.3241449862
938647168 1 31377.735 32433.134 48372.859 38.8088356737 57.8819899428 59.8288670613 19.4044178369 28.9409949714 29.9144335307
1032511872 1 36373.522 39692.216 56850.438 36.3237965554 52.0259121839 56.7727190125 18.1618982777 26.0129560919 28.3863595062

META_DATA
ERT_VERSION  1.1.0
TIMESTAMP_DATA  1560424756.59
FLOPS          8
TIMESTAMP_DATA  1560424760.71
HOSTNAME  ('kcadmin-UniServer-R5200-G3', [], ['127.0.1.1'])
CONFIG  {'ERT_WORKING_SET_MIN': ['1'], 'ERT_CFLAGS': ['-O3', '-march=native', '-fstrict-aliasing', '-ftree-vectorize'], 'ERT_CC': ['gcc'], 'ERT_MPI_CFLAGS': ['-I/usr/local/include'], 'ERT_MPI_LDFLAGS': ['-L/usr/local/lib', '-lmpi'], 'ERT_MEMORY_MAX': ['1073741824'], 'ERT_PROCS_THREADS': ['1-8'], 'ERT_LDFLAGS': [], 'ERT_LDLIBS': [], 'ERT_RUN': ['export', 'OMP_NUM_THREADS=ERT_OPENMP_THREADS;', 'mpirun', '-np', 'ERT_MPI_PROCS', 'ERT_CODE'], 'ERT_FLOPS': ['1,2,4,8,16'], 'ERT_OPENMP_CFLAGS': ['-fopenmp'], 'ERT_MPI': ['True'], 'ERT_TRIALS_MIN': ['1'], 'ERT_DRIVER': ['driver1'], 'ERT_RESULTS': ['Results.p100.01'], 'ERT_OPENMP': ['True'], 'ERT_MPI_PROCS': ['1,2,4,8'], 'ERT_KERNEL': ['kernel1'], 'ERT_GPU': [False], 'ERT_OPENMP_THREADS': ['1,2,4,8'], 'ERT_LD': ['gcc'], 'ERT_NUM_EXPERIMENTS': ['3'], 'ERT_OPENMP_LDFLAGS': ['-fopenmp'], 'ERT_ALIGN': ['32'], 'ERT_GNUPLOT': ['gnuplot']}
OPENMP_THREADS 2
TIMESTAMP_DATA  1560424764.46
MPI_PROCS      4
UNAME  ('Linux', 'kcadmin-UniServer-R5200-G3', '4.4.0-141-generic', '#167-Ubuntu SMP Wed Dec 5 10:40:15 UTC 2018', 'x86_64', 'x86_64')
