64 16777216 239563.37 239606.244 239791.632 8.95562380592 8.96255294582 8.96415694937 8.95562380592 8.96255294582 8.96415694937
128 8388608 112186.418 121974.019 127442.684 16.8505839692 17.6060743559 19.1421001426 16.8505839692 17.6060743559 19.1421001426
192 4194304 58118.046 60242.679 67404.036 23.8949005368 26.735410223 27.7127819473 23.8949005368 26.735410223 27.7127819473
256 4194304 56079.117 56246.525 57120.307 37.5958001766 38.1798457416 38.2938206392 37.5958001766 38.1798457416 38.2938206392
320 2097152 28988.711 30898.568 31121.059 43.1276223602 43.4381709858 46.2999986443 43.1276223602 43.4381709858 46.2999986443
384 2097152 29199.374 29246.456 31375.733 51.3330711987 55.0703557381 55.1591529325 51.3330711987 55.0703557381 55.1591529325
448 2097152 30260.923 30386.285 32506.96 57.8044883926 61.8386943978 62.0948737089 57.8044883926 61.8386943978 62.0948737089
512 2097152 32053.025 34481.827 36373.479 59.0398198644 62.2787083759 66.9978464747 59.0398198644 62.2787083759 66.9978464747
576 1048576 16539.899 16542.149 17881.692 67.5528664737 73.0231333305 73.0330670097 67.5528664737 73.0231333305 73.0330670097
640 1048576 18073.31 19044.411 19464.149 68.9563812936 70.4761769739 74.2629479603 68.9563812936 70.4761769739 74.2629479603
704 1048576 20016.436 20084.505 21353.536 69.1405399087 73.5091558393 73.7591351427 69.1405399087 73.5091558393 73.7591351427
768 1048576 21674.18 21737.931 23063.895 69.8326425784 74.0922738231 74.3102039385 69.8326425784 74.0922738231 74.3102039385
832 1048576 23323.329 23498.064 25173.002 69.3135631579 74.2542221351 74.8105240037 69.3135631579 74.2542221351 74.8105240037
896 1048576 21667.935 21702.406 23063.532 81.4726986309 86.582482698 86.7202247007 81.4726986309 86.582482698 86.7202247007
960 1048576 25670.863 27513.037 27721.671 72.6242628015 73.1749795561 78.4261097884 72.6242628015 73.1749795561 78.4261097884
1024 1048576 27569.421 28022.136 30092.48 71.3628005402 76.6352589253 77.8936796678 71.3628005402 76.6352589253 77.8936796678
1088 524288 14769.177 14779.826 16033.666 71.1534522423 77.1897238844 77.2453798881 71.1534522423 77.1897238844 77.2453798881
1152 524288 15299.932 15524.716 16726.211 72.2195571968 77.808801913 78.9519556035 72.2195571968 77.808801913 78.9519556035
1216 524288 15704.051 15755.482 15955.316 79.9149585004 80.9285565494 81.1935987727 79.9149585004 80.9285565494 81.1935987727
1280 524288 15780.904 15907.506 15921.311 84.3006759933 84.373834591 85.0507220626 84.3006759933 84.373834591 85.0507220626
1408 524288 12872.913 13017.543 13020.586 113.389290467 113.415796514 114.690047855 113.389290467 113.415796514 114.690047855
1536 524288 15225.04 15390.387 15402.974 104.565049321 104.650567656 105.787093893 104.565049321 104.650567656 105.787093893
1664 524288 17272.172 17315.77 17321.816 100.730227362 100.765398478 101.019748066 100.730227362 100.765398478 101.019748066
1792 524288 17901.76 18143.589 19475.343 96.4834453493 103.565407704 104.964438804 96.4834453493 103.565407704 104.964438804
1920 524288 14063.339 14237.077 14901.991 135.100465434 141.410060506 143.157035466 135.100465434 141.410060506 143.157035466
2112 262144 9523.436 9540.397 10388.171 106.592032033 116.063960022 116.270667016 106.592032033 116.063960022 116.270667016
2304 262144 10262.855 10479.762 11004.328 109.771314705 115.265933711 117.702096736 109.771314705 115.265933711 117.702096736
2496 262144 8439.807 8518.512 9002.556 145.36125607 153.62106058 155.053646132 145.36125607 153.62106058 155.053646132
2688 262144 9932.023 10049.022 10822.234 130.22137056 140.24112436 141.893161544 130.22137056 140.24112436 141.893161544
2944 262144 8487.576 8641.758 9252.313 166.82356855 178.60993932 181.854497916 166.82356855 178.60993932 181.854497916
3200 262144 10857.78 11043.445 12232.134 137.156901649 151.920129996 154.517921711 137.156901649 151.920129996 154.517921711
3520 262144 14753.859 15488.303 16199.693 113.921526784 119.154032563 125.085495259 113.921526784 119.154032563 125.085495259
3840 262144 15889.227 19475.014 19899.219 101.173112372 103.376866379 126.70634764 101.173112372 103.376866379 126.70634764
4224 131072 9857.185 9864.462 9976.116 110.994725402 112.251053935 112.333922514 110.994725402 112.251053935 112.333922514
4608 131072 9643.739 9643.918 9671.16 124.903274478 125.25609944 125.258424352 124.903274478 125.25609944 125.258424352
5056 131072 7954.711 8514.474 9646.205 137.401191868 155.664350376 166.618254768 137.401191868 155.664350376 166.618254768
5504 131072 7815.074 8092.274 9647.613 149.554151478 178.298532155 184.622765696 149.554151478 178.298532155 184.622765696
6016 131072 8316.531 9428.421 10014.704 157.474280218 167.266428175 189.62934233 157.474280218 167.266428175 189.62934233
6592 131072 9310.528 10625.652 11183.012 154.524849656 162.630325932 185.602067681 154.524849656 162.630325932 185.602067681
7232 131072 10695.115 11531.53 12949.479 146.401674384 164.403631435 177.260871716 146.401674384 164.403631435 177.260871716
7936 131072 11928.968 12117.029 14351.446 144.9592455 171.690171246 174.39687859 144.9592455 171.690171246 174.39687859
8704 65536 6041.547 6124.25 7157.67 159.388556332 186.28414712 188.834198923 159.388556332 186.28414712 188.834198923
9536 65536 7042.447 7344.744 8391.737 148.944442849 170.176467961 177.481291943 148.944442849 170.176467961 177.481291943
10432 65536 7062.703 8479.147 8487.03 161.109729081 161.259511599 193.600538491 161.109729081 161.259511599 193.600538491
11456 65536 7744.359 7845.128 9129.961 164.46519673 191.400424824 193.89091234 164.46519673 191.400424824 193.89091234
12544 65536 8328.823 8333.022 9940.347 165.403397688 197.307431566 197.406904673 165.403397688 197.307431566 197.406904673
13760 65536 7988.977 8537.757 9684.466 186.231302789 211.244091393 225.754902036 186.231302789 211.244091393 225.754902036
15104 65536 9535.817 9555.8 11517.624 171.885406921 207.173809414 207.607957242 171.885406921 207.173809414 207.607957242
16576 32768 5089.49 5251.073 5991.555 181.309315528 206.876715673 213.444713714 181.309315528 206.876715673 213.444713714
18176 32768 5469.983 5664.831 6511.765 182.927721747 210.276764832 217.76710019 182.927721747 210.276764832 217.76710019
19968 32768 5709.203 5901.922 6793.762 192.62123813 221.728251915 229.212877524 192.62123813 221.728251915 229.212877524
21952 32768 5982.682 6152.123 7199.141 199.835823746 233.845498863 240.468450772 199.835823746 233.845498863 240.468450772
24128 32768 6666.833 6901.738 8064.441 196.077150047 229.109335648 237.18197351 196.077150047 229.109335648 237.18197351
26496 32768 7129.509 7504.862 8348.204 208.001847583 231.375587719 243.557004557 208.001847583 231.375587719 243.557004557
29120 32768 7821.226 7840.466 9644.438 197.876570931 243.404960879 244.003730361 197.876570931 243.404960879 244.003730361
32000 32768 8730.546 8868.491 10531.467 199.131991773 236.472247646 240.208573439 199.131991773 236.472247646 240.208573439
35200 16384 4906.191 5433.627 5736.374 201.073639899 212.276919266 235.097573657 201.073639899 212.276919266 235.097573657
38720 16384 5302.481 5466.595 6251.019 202.971221172 232.096389069 239.279869178 202.971221172 232.096389069 239.279869178
42560 16384 5589.517 5651.546 6662.334 209.326953587 246.765412508 249.503862319 209.326953587 246.765412508 249.503862319
46784 16384 6084.166 6285.545 7317.102 209.511649831 243.895813649 251.968488697 209.511649831 243.895813649 251.968488697
51456 16384 6712.027 7583.031 8027.123 210.051622231 222.353068054 251.207304142 210.051622231 222.353068054 251.207304142
56576 16384 8770.601 8772.857 8773.205 211.311871545 211.320253824 211.374610246 211.311871545 211.320253824 211.374610246
62208 16384 8981.933 9596.399 9596.787 212.407730212 212.416318246 226.948001505 212.407730212 212.416318246 226.948001505
68416 8192 4548.546 5256.295 5257.744 213.195572854 213.254344362 246.436497289 213.195572854 213.254344362 246.436497289
75200 8192 4810.642 5594.927 5604.068 219.854006054 220.213203854 256.114838726 219.854006054 220.213203854 256.114838726
82688 8192 5643.209 6264.294 6266.481 216.191542271 216.267019396 240.069115285 216.191542271 216.267019396 240.069115285
90944 8192 6017.703 6861.798 6876.127 216.695604371 217.148114241 247.607184336 216.695604371 217.148114241 247.607184336
100032 8192 6274.463 6464.556 8819.519 185.829214496 253.524648561 261.20550683 185.829214496 253.524648561 261.20550683
110016 8192 6664.2 6802.315 8802.612 204.769009926 264.983633366 270.475397497 204.769009926 264.983633366 270.475397497
120960 8192 7320.411 7863.116 9752.875 203.202505928 252.03858623 270.723684777 203.202505928 252.03858623 270.723684777
133056 4096 3971.065 4521.303 5412.46 201.38619999 241.079784301 274.484238359 201.38619999 241.079784301 274.484238359
146304 4096 4543.696 4610.376 5709.122 209.931118655 259.961957116 263.776970995 209.931118655 259.961957116 263.776970995
160896 4096 5232.215 5329.752 6332.19 208.152318866 247.302319508 251.912437084 208.152318866 247.302319508 251.912437084
176960 4096 5474.234 5606.431 8094.792 179.085061111 258.570259761 264.814459886 179.085061111 258.570259761 264.814459886
194624 4096 5918.008 6090.214 7670.357 207.859922035 261.790440861 269.40818735 207.859922035 261.790440861 269.40818735
214080 4096 6445.821 7972.963 8472.212 206.999466019 219.961306731 272.074474299 206.999466019 219.961306731 272.074474299
235456 4096 7127.491 9276.171 9903.096 194.772983318 207.936610052 270.621955468 194.772983318 207.936610052 270.621955468
258944 4096 7712.301 9582.388 10240.785 207.139320667 221.371671446 275.050111244 207.139320667 221.371671446 275.050111244
284800 2048 4442.293 5281.973 5723.001 203.833757848 220.853230412 262.598797513 203.833757848 220.853230412 262.598797513
313280 2048 4851.117 5799.687 6436.391 199.365588573 221.252436554 264.51534358 199.365588573 221.252436554 264.51534358
344576 2048 5278.734 6497.243 6816.624 207.050190241 217.228029797 267.37155083 207.050190241 217.228029797 267.37155083
379008 2048 6059.641 7103.7 7549.749 205.624950975 218.536363867 256.189561065 205.624950975 218.536363867 256.189561065
416896 2048 6389.171 8092.679 8164.951 209.138550372 211.006270729 267.265661852 209.138550372 211.006270729 267.265661852
458560 2048 7142.264 8659.215 9209.714 203.94354917 216.909010805 262.978484133 203.94354917 216.909010805 262.978484133
504384 2048 7705.384 9426.932 10030.652 205.96436443 219.154743452 268.118612129 205.96436443 219.154743452 268.118612129
554816 1024 4196.266 5235.347 5451.168 208.443982647 217.036839774 270.77958547 208.443982647 217.036839774 270.77958547
610240 1024 4724.855 5920.744 5932.39 210.669143465 211.083525989 264.510026234 210.669143465 211.083525989 264.510026234
671232 1024 5121.004 5905.182 6528.814 210.556333202 232.792678702 268.440160562 210.556333202 232.792678702 268.440160562
738304 1024 5595.13 6727.703 7319.137 206.588098023 224.74930775 270.243335186 206.588098023 224.74930775 270.243335186
812096 1024 6393.656 7529.381 7865.157 211.460827546 220.891014547 260.128572447 211.460827546 220.891014547 260.128572447
893248 1024 6932.094 8448.287 8800.219 207.877997582 216.537613365 263.898888849 207.877997582 216.537613365 263.898888849
982528 1024 7593.142 9225.11 9345.303 215.318577043 218.123940419 265.004571757 215.318577043 218.123940419 265.004571757
1080768 512 4252.718 5052.145 5373.253 205.965814749 219.056743621 260.235085421 205.965814749 219.056743621 260.235085421
1188800 512 4711.024 5081.224 5648.683 215.507083687 239.574401758 258.400551557 215.507083687 239.574401758 258.400551557
1307648 512 5003.474 5235.663 6208.874 215.664152953 255.752051268 267.620367768 215.664152953 255.752051268 267.620367768
1438400 512 5445.825 6019.096 6825.414 215.799598383 244.708108992 270.468037442 215.799598383 244.708108992 270.468037442
1582208 512 6103.625 6709.129 7629.984 212.343956685 241.489020706 265.445696942 212.343956685 241.489020706 265.445696942
1740416 512 6827.56 8085.249 8463.194 210.580778841 220.424378272 261.028242007 210.580778841 220.424378272 261.028242007
1914432 512 7289.257 7513.675 9136.371 214.568603661 260.908060037 268.94076694 214.568603661 260.908060037 268.94076694
2105856 256 4161.214 4335.786 5135.728 209.940688448 248.674236228 259.106662623 209.940688448 248.674236228 259.106662623
2316416 256 4489.945 4730.697 5498.888 215.680878025 250.704070035 264.146886432 215.680878025 250.704070035 264.146886432
2548032 256 5376.41 5693.351 6424.278 203.072218232 229.143150317 242.65120852 203.072218232 229.143150317 242.65120852
2802816 256 5313.735 5316.221 6341.877 226.280293989 269.936443951 270.062732146 226.280293989 269.936443951 270.062732146
3083072 256 5782.113 5916.826 6888.896 229.141630822 266.787102409 273.002769749 229.141630822 266.787102409 273.002769749
3391360 256 6756.951 6916.233 7721.834 224.865792246 251.058100558 256.976307805 224.865792246 251.058100558 256.976307805
3730496 256 7019.238 7021.074 8330.623 229.276244046 272.040139728 272.111296411 229.276244046 272.040139728 272.111296411
4103488 256 7798.093 8053.178 9281.579 226.360822442 260.889037346 269.423031503 226.360822442 260.889037346 269.423031503
4513792 128 4313.203 4714.91 5077.257 227.589572874 245.080129207 267.905487407 227.589572874 245.080129207 267.905487407
4965120 128 4765.859 5100.239 5547.395 229.129297625 249.217873907 266.703383377 229.129297625 249.217873907 266.703383377
5461632 128 5193.816 5871.651 6232.411 224.339792738 238.123449776 269.200486117 224.339792738 238.123449776 269.200486117
6007744 128 5758.318 6035.258 6715.576 229.017207757 254.832927441 267.088838095 229.017207757 254.832927441 267.088838095
6608512 128 6159.408 6322.348 7542.379 224.303110729 267.587148319 274.665856199 224.303110729 267.587148319 274.665856199
7269312 128 6987.966 7067.392 8156.397 228.1575887 263.314087007 266.306944252 228.1575887 263.314087007 266.306944252
7996224 128 7679.811 8019.897 9015.658 227.053127348 255.244343412 266.547359564 227.053127348 255.244343412 266.547359564
8795840 64 4382.166 4591.948 4964.12 226.801028178 245.182985522 256.920326615 226.801028178 245.182985522 256.920326615
9675392 64 4920.772 5475.811 5607.229 220.866701895 226.16744369 251.678024505 220.866701895 226.16744369 251.678024505
10642880 64 5169.051 6044.132 6152.552 221.418468304 225.390285983 263.547146275 221.418468304 225.390285983 263.547146275
11707136 64 5959.104 6594.142 6888.281 217.545336493 227.24918693 251.46622848 217.545336493 227.24918693 251.46622848
12877824 64 6207.772 7397.598 7533.49 218.804494597 222.823877697 265.531896468 218.804494597 222.823877697 265.531896468
14165568 64 6951.631 8127.43 8376.493 216.462032977 223.095456251 260.829825979 216.462032977 223.095456251 260.829825979
15582080 64 7671.187 8889.302 9417.854 211.77926946 224.371524333 259.999689748 211.77926946 224.371524333 259.999689748
17140288 32 4142.531 5737.049 6353.438 172.659028387 191.209528104 264.808744219 172.659028387 191.209528104 264.808744219
18854272 32 5740.603 5763.088 6537.432 184.579114245 209.379660349 210.199766122 184.579114245 209.379660349 210.199766122
20739648 32 5473.852 5964.077 6213.779 213.611953692 222.555388202 242.48691269 213.611953692 222.555388202 242.48691269
22813568 32 5820.806 6581.851 6791.461 214.985899499 221.832483294 250.836113074 214.985899499 221.832483294 250.836113074
25094912 32 6289.614 7311.523 7797.328 205.977530764 219.663450146 255.353407697 205.977530764 219.663450146 255.353407697
27604352 32 7407.699 8206.819 8382.785 210.750786045 215.269585938 238.492213034 210.750786045 215.269585938 238.492213034
30364736 32 8038.399 9104.164 10649.093 182.48907245 213.456513305 241.757482305 182.48907245 213.456513305 241.757482305
33401152 32 9146.649 10036.512 11659.186 183.346738615 212.98970479 233.711135958 183.346738615 212.98970479 233.711135958
36741248 16 5356.605 5523.096 6890.9 170.619213165 212.873347847 219.489758158 170.619213165 212.873347847 219.489758158
40415360 16 6428.128 6870.89 9218.224 140.297254656 188.227656097 201.192558704 140.297254656 188.227656097 201.192558704
44456896 16 8102.981 8865.888 11356.855 125.2653725 160.460031979 175.567568528 125.2653725 160.460031979 175.567568528
48902528 16 10472.55 11179.939 15722.285 99.5326630957 139.972221315 149.426920473 99.5326630957 139.972221315 149.426920473
53792768 16 13113.5 13706.069 19430.544 88.5908585987 125.591705105 131.266906318 88.5908585987 125.591705105 131.266906318
59172032 16 15736.04 16528.103 24497.999 77.2922320717 114.562755569 120.329194893 77.2922320717 114.562755569 120.329194893
65089216 16 19108.564 20622.228 28965.434 71.9082928984 101.000479289 109.001121801 71.9082928984 101.000479289 109.001121801
71598080 8 11191.625 11203.576 18853.709 60.7609505376 102.250324361 102.359512582 60.7609505376 102.250324361 102.359512582
78757888 8 13009.873 13256.514 18046.985 69.8247495634 95.0571325161 96.8592243752 69.8247495634 95.0571325161 96.8592243752
86633664 8 15259.874 15274.379 20209.802 68.5874420739 90.7492621468 90.835522233 68.5874420739 90.7492621468 90.835522233
95297024 8 17448.979 17663.157 23910.975 63.7678883442 86.3238878531 87.3834729241 63.7678883442 86.3238878531 87.3834729241
104826688 8 19865.152 20105.401 28349.571 59.1623417511 83.4217137972 84.4306153811 59.1623417511 83.4217137972 84.4306153811
115309312 8 22372.653 22990.515 39567.535 46.6278476028 80.2482672528 82.4644708877 46.6278476028 80.2482672528 82.4644708877
126840192 8 25302.432 25832.321 42195.936 48.0956998323 78.5621652812 80.2074311276 48.0956998323 78.5621652812 80.2074311276
139524160 4 14228.392 14512.683 21800.562 51.2002066736 76.9115731392 78.4483081433 51.2002066736 76.9115731392 78.4483081433
153476544 4 16020.804 16284.272 23251.832 52.8049726146 75.3986639378 76.6386226309 52.8049726146 75.3986639378 76.6386226309
168824192 4 18028.103 18066.676 25432.032 53.106001754 74.7560611592 74.9160095214 53.106001754 74.7560611592 74.9160095214
185706560 4 20228.717 20252.623 27723.484 53.5882315513 73.356052695 73.4427437983 53.5882315513 73.356052695 73.4427437983
204277184 4 24783.03 26157.079 30230.702 54.0582045366 62.4770629779 65.9409875225 54.0582045366 62.4770629779 65.9409875225
224704896 4 25122.626 26472.765 32967.233 54.5280572379 67.90522894 71.5545886007 54.5280572379 67.90522894 71.5545886007
247175360 4 28070.875 30215.667 38200.795 51.7633960236 65.4429663922 70.4432220228 51.7633960236 65.4429663922 70.4432220228
271892864 2 15700.677 17385.75 25648.739 42.4025312122 62.5553373309 69.2690803078 42.4025312122 62.5553373309 69.2690803078
299082112 2 17644.278 19968.282 30083.699 39.7666672572 59.9114359463 67.8026297251 39.7666672572 59.9114359463 67.8026297251
328990272 2 19357.901 29457.873 54810.62 24.0092355824 44.6726444913 67.980567108 24.0092355824 44.6726444913 67.980567108
361889280 2 21528.123 25727.799 37197.866 38.9150581918 56.264320162 67.2402847197 38.9150581918 56.264320162 67.2402847197
398078208 2 23919.498 29035.143 42944.445 37.0784354531 54.8408813416 66.5696592796 37.0784354531 54.8408813416 66.5696592796
437886016 2 32825.274 37342.627 49353.474 35.489782624 46.9046825227 53.3596174704 35.489782624 46.9046825227 53.3596174704
481674560 2 29953.173 45872.103 89573.19 21.5097646963 42.0015241071 64.3236774949 21.5097646963 42.0015241071 64.3236774949
529841984 2 32625.173 41631.301 56819.535 37.2999873371 50.9080399865 64.9611248345 37.2999873371 50.9080399865 64.9611248345
582826176 1 32605.477 33331.282 36427.702 31.9990635698 34.9717227198 35.7502008635 31.9990635698 34.9717227198 35.7502008635
641108736 1 35827.374 37972.551 39798.985 32.2173410201 33.766956347 35.7887650934 32.2173410201 33.766956347 35.7887650934
705219584 1 39389.651 43760.271 44244.251 31.8784731603 32.2310428105 35.8073537641 31.8784731603 32.2310428105 35.8073537641
775741504 1 43367.906 46127.948 67090.006 23.1253967692 33.6343382975 35.7749117054 23.1253967692 33.6343382975 35.7749117054
853315648 1 50894.285 87408.812 115089.087 14.8287847309 19.5247053123 33.5328671186 14.8287847309 19.5247053123 33.5328671186
938647168 1 54213.726 54663.458 55161.94 34.0324204696 34.3427658016 34.627657505 34.0324204696 34.3427658016 34.627657505
1032511872 1 59399.48 60473.801 62400.055 33.093300062 34.1474111078 34.7650138351 33.093300062 34.1474111078 34.7650138351

META_DATA
ERT_VERSION  1.1.0
OPENMP_THREADS 8
MPI_PROCS      1
CONFIG  {'ERT_WORKING_SET_MIN': ['1'], 'ERT_CFLAGS': ['-O3', '-march=native', '-fstrict-aliasing', '-ftree-vectorize'], 'ERT_CC': ['gcc'], 'ERT_MPI_CFLAGS': ['-I/usr/local/include'], 'ERT_MPI_LDFLAGS': ['-L/usr/local/lib', '-lmpi'], 'ERT_MEMORY_MAX': ['1073741824'], 'ERT_PROCS_THREADS': ['1-8'], 'ERT_LDFLAGS': [], 'ERT_LDLIBS': [], 'ERT_RUN': ['export', 'OMP_NUM_THREADS=ERT_OPENMP_THREADS;', 'mpirun', '-np', 'ERT_MPI_PROCS', 'ERT_CODE'], 'ERT_FLOPS': ['1,2,4,8,16'], 'ERT_OPENMP_CFLAGS': ['-fopenmp'], 'ERT_MPI': ['True'], 'ERT_TRIALS_MIN': ['1'], 'ERT_DRIVER': ['driver1'], 'ERT_RESULTS': ['Results.p100.01'], 'ERT_OPENMP': ['True'], 'ERT_MPI_PROCS': ['1,2,4,8'], 'ERT_KERNEL': ['kernel1'], 'ERT_GPU': [False], 'ERT_OPENMP_THREADS': ['1,2,4,8'], 'ERT_LD': ['gcc'], 'ERT_NUM_EXPERIMENTS': ['3'], 'ERT_OPENMP_LDFLAGS': ['-fopenmp'], 'ERT_ALIGN': ['32'], 'ERT_GNUPLOT': ['gnuplot']}
TIMESTAMP_DATA  1560424940.63
HOSTNAME  ('kcadmin-UniServer-R5200-G3', [], ['127.0.1.1'])
TIMESTAMP_DATA  1560424946.74
FLOPS          16
TIMESTAMP_DATA  1560424952.23
UNAME  ('Linux', 'kcadmin-UniServer-R5200-G3', '4.4.0-141-generic', '#167-Ubuntu SMP Wed Dec 5 10:40:15 UTC 2018', 'x86_64', 'x86_64')
