1024 1048576 570815.086 571080.923 571232.796 3.7593843754 3.76038414437 3.7621354107 0.939846093851 0.940096036092 0.940533852674
1120 524288 285676.956 285822.868 285937.071 4.10721532501 4.10885639843 4.11095503272 1.02680383125 1.02721409961 1.02773875818
1232 524288 285339.117 285635.948 285724.163 4.52130340828 4.52269975486 4.52740460398 1.13032585207 1.13067493872 1.13185115099
1352 524288 285451.889 285661.221 285773.039 4.96084150192 4.96278335238 4.96642273753 1.24021037548 1.2406958381 1.24160568438
1480 524288 285535.812 285608.053 285820.007 5.42961458958 5.43364398762 5.43501870792 1.35740364739 1.35841099691 1.35875467698
1624 524288 285456.896 285528.898 285722.971 5.95992481123 5.96397575141 5.96548007024 1.48998120281 1.49099393785 1.49137001756
1784 524288 285484.076 285670.042 285742.044 6.54667250858 6.5483225714 6.55258818709 1.63666812714 1.63708064285 1.63814704677
1960 524288 285696.03 285823.107 285971.88 7.1867519282 7.19049268469 7.19369100089 1.79668798205 1.79762317117 1.79842275022
2152 262144 142884.97 142920.971 143072.844 7.88596734682 7.89434726133 7.89633630465 1.9714918367 1.97358681533 1.97408407616
2360 262144 142854.929 143021.822 143081.903 8.64763225857 8.65126497969 8.66137198528 2.16190806464 2.16281624492 2.16534299632
2592 262144 143022.06 143055.201 143090.01 9.49720037059 9.49951128306 9.50171250505 2.37430009265 2.37487782077 2.37542812626
2848 262144 142975.092 143029.928 143062.115 10.437230178 10.439578939 10.4435828865 2.60930754449 2.60989473476 2.61089572161
3128 262144 143149.853 143181.086 143189.907 11.4531317071 11.4538373036 11.4563363471 2.86328292678 2.86345932591 2.86408408676
3440 262144 143123.15 143215.895 143244.028 12.5907568028 12.593230102 12.6013906206 3.1476892007 3.1483075255 3.15034765515
3784 262144 143121.004 143164.873 143263.102 13.8479885211 13.8574899724 13.8617375267 3.46199713029 3.4643724931 3.46543438166
4160 131072 71613.073 71656.227 71696.043 15.2103100027 15.2187616577 15.2279324754 3.80257750069 3.80469041441 3.80698311885
4576 131072 71594.0 71640.015 71722.984 16.7250562804 16.7444261981 16.7551882001 4.18126407011 4.18610654953 4.18879705003
5032 131072 71547.985 71630.001 71679.115 18.4029700702 18.4155882952 18.4366982243 4.60074251754 4.6038970738 4.60917455607
5528 131072 71605.921 71622.133 71651.936 20.2246040079 20.2330197566 20.2376006308 5.05615100198 5.05825493915 5.0594001577
6080 131072 71458.101 71580.887 71607.113 22.2580614303 22.2662163994 22.3044762972 5.56451535757 5.56655409984 5.57611907431
6688 131072 71589.947 71610.928 71635.008 24.4743334432 24.48256322 24.4897383707 6.11858336081 6.12064080499 6.12243459267
7352 131072 71655.035 71701.05 71712.971 26.8749524824 26.8794207058 26.8966819708 6.71873812061 6.71985517646 6.72417049269
8080 131072 71634.054 71658.85 71693.897 29.5439864289 29.5584358387 29.5686674385 7.38599660721 7.38960895967 7.39216685963
8888 65536 35815.954 35846.949 35865.068 32.4819664639 32.4983846185 32.5265086056 8.12049161596 8.12459615461 8.13162715141
9776 65536 35748.005 35838.127 35852.909 35.7393558219 35.7540970821 35.8442344405 8.93483895547 8.93852427053 8.96105861012
10752 65536 35834.074 35864.115 35876.989 39.2810596229 39.2951601901 39.3281027438 9.82026490573 9.82379004752 9.83202568594
11824 65536 35838.127 35870.075 35879.135 43.1948910697 43.2058011588 43.2443170928 10.7987227674 10.8014502897 10.8110792732
13000 65536 35819.054 35855.055 35871.029 47.5017318293 47.52289461 47.5706589013 11.8754329573 11.8807236525 11.8926647253
14296 65536 35803.08 35835.981 35858.87 52.2550016774 52.288377762 52.3364278157 13.0637504194 13.0720944405 13.0841069539
15720 65536 35887.003 35924.196 35941.839 57.32739051 57.3555449926 57.4149878161 14.3318476275 14.3388862481 14.353746954
17288 32768 18039.942 18050.909 18061.876 62.7280559339 62.7661669559 62.8043243155 15.6820139835 15.691541739 15.7010810789
19016 32768 18037.081 18046.141 18084.049 68.9133598344 69.0581202929 69.092808088 17.2283399586 17.2645300732 17.273202022
20912 32768 18035.173 18066.883 18072.844 75.831387246 75.8564071069 75.9897801923 18.9578468115 18.9641017767 18.9974450481
23000 32768 18002.033 18041.849 18065.929 83.4348457807 83.5462041612 83.7309874946 20.8587114452 20.8865510403 20.9327468736
25296 32768 18049.002 18063.068 18085.003 91.6670379319 91.7783543748 91.8498793451 22.916759483 22.9445885937 22.9624698363
27824 32768 18028.021 18047.094 18069.983 100.911753154 101.039738808 101.14663523 25.2279382886 25.259934702 25.2866588074
30600 32768 18074.036 18090.963 18097.878 110.808659446 110.851014399 110.954830454 27.7021648615 27.7127535997 27.7387076135
33656 16384 9043.932 9059.906 9061.098 121.711497657 121.72751108 121.942514384 30.4278744143 30.43187777 30.4856285961
37016 16384 9044.886 9054.899 9064.913 133.806059473 133.954038361 134.10233009 33.4515148684 33.4885095902 33.5255825225
40712 16384 9045.839 9053.946 9069.204 147.096792177 147.344684406 147.476736652 36.7741980443 36.8361711015 36.869184163
44776 16384 9027.004 9041.786 9047.031 162.176958165 162.271034506 162.536758375 40.5442395411 40.5677586264 40.6341895938
49248 16384 8986.95 8994.818 8996.964 179.367002469 179.409796174 179.566867959 44.8417506172 44.8524490434 44.8917169896
54168 16384 8981.943 8989.096 9014.845 196.894902131 197.458901763 197.616153209 49.2237255327 49.3647254407 49.4040383022
59584 16384 8987.904 8996.964 9001.017 216.91421225 217.011928913 217.230681592 54.2285530624 54.2529822282 54.3076703979
65536 16384 8988.857 8996.964 9006.977 238.424462281 238.689812252 238.905085263 59.6061155702 59.6724530631 59.7262713157
72088 8192 4502.773 4515.886 4523.993 261.072418105 261.541100019 262.302761432 65.2681045262 65.3852750047 65.5756903579
79296 8192 4466.057 4472.017 4477.024 290.189568785 290.514473447 290.902168065 72.5473921962 72.6286183617 72.7255420161
87224 8192 4485.846 4487.038 4498.005 317.713745538 318.490286019 318.574916749 79.4284363846 79.6225715049 79.6437291873
95944 8192 4491.091 4495.144 4503.012 349.087787463 349.698807424 350.014394275 87.2719468658 87.424701856 87.5035985688
105536 8192 4485.13 4511.118 4522.8 382.307823472 383.29784856 385.518775153 95.576955868 95.82446214 96.3796937881
116088 8192 4492.044 4493.952 4502.058 422.470299583 423.23233359 423.41210193 105.617574896 105.808083397 105.853025482
127696 8192 4460.096 4466.057 4487.991 466.171002571 468.460493003 469.086599033 116.542750643 117.115123251 117.271649758
140464 4096 2233.028 2237.082 2238.989 513.928870575 514.366969114 515.300787988 128.482217644 128.591742279 128.825196997
154504 4096 2235.889 2249.002 2257.824 560.582564451 562.781521759 566.082112305 140.145641113 140.69538044 141.520528076
169952 4096 2219.2 2254.963 2256.87 616.892769189 617.414469328 627.364268205 154.223192297 154.353617332 156.841067051
186944 4096 2238.989 2242.088 2244.949 682.173736686 683.044219495 683.989625675 170.543434172 170.761054874 170.997406419
205632 4096 2229.929 2246.141 2253.056 747.667765027 749.9695451 755.421963659 186.916941257 187.492386275 188.855490915
226192 4096 2243.996 2250.91 2268.076 816.976531651 823.206998059 825.743389917 204.244132913 205.801749515 206.435847479
248808 4096 2256.155 2264.023 2269.03 898.284789536 900.271391236 903.410951818 224.571197384 225.067847809 225.852737955
273688 2048 1179.934 1185.894 1186.132 945.110702687 945.300379292 950.075214376 236.277675672 236.325094823 237.518803594
301056 2048 1194.0 1200.914 1207.113 1021.54924684 1026.82238362 1032.76832161 255.38731171 256.705595904 258.192080402
331160 2048 1217.127 1221.895 1224.995 1107.2954257 1110.10468166 1114.45343009 276.823856424 277.526170416 278.613357521
364272 2048 1240.969 1244.068 1250.029 1193.61879764 1199.33806834 1202.33310582 298.404699411 299.834517084 300.583276456
400696 2048 1276.97 1281.977 1284.838 1277.39903085 1280.24981415 1285.26967431 319.349757713 320.062453539 321.317418577
440760 2048 1320.839 1332.045 1337.051 1350.24988576 1355.32430211 1366.82287546 337.562471439 338.831075527 341.705718865
484832 2048 1371.861 1374.96 1377.106 1442.06173817 1444.31246873 1447.5751348 360.515434542 361.078117182 361.8937837
533312 1024 731.945 735.044 742.912 1470.19159201 1485.92870087 1492.22001107 367.547898001 371.482175217 373.055002767
586640 1024 775.099 777.006 782.967 1534.46916664 1546.24123881 1550.04550386 383.617291661 386.560309702 387.511375966
645304 1024 817.06 818.014 828.981 1594.22543098 1615.59898975 1617.4853646 398.556357745 403.899747437 404.37134115
709832 1024 883.102 886.202 891.924 1629.88767653 1640.41148181 1646.16990563 407.471919132 410.102870452 411.542476407
780808 1024 946.999 950.098 952.005 1679.71258974 1683.08404396 1688.59184012 419.928147436 420.77101099 422.14796003
858888 1024 1020.908 1021.862 1023.054 1719.36439719 1721.37003235 1722.97858769 429.841099297 430.342508088 430.744646922
944776 1024 1331.806 1332.045 1332.998 1451.54099856 1452.57949093 1452.84016441 362.88524964 363.144872733 363.210041102
1039248 1024 1364.946 1367.092 1368.046 1555.78094889 1556.866622 1559.31436408 388.945237222 389.216655499 389.828591021
1143168 512 706.911 707.865 709.057 1650.93078836 1653.71085165 1655.94258966 412.732697089 413.427712911 413.985647415
1257480 512 752.926 754.118 755.072 1705.34666893 1707.50402457 1710.20727137 426.336667232 426.876006142 427.551817841
1383224 512 830.173 830.889 831.127 1704.21773808 1704.70589453 1706.17615365 426.054434521 426.176473632 426.544038411
1521544 512 915.051 916.958 918.15 1696.95698524 1699.1629453 1702.70406349 424.239246311 424.790736326 425.676015872
1673696 512 999.928 1000.881 1001.12 1711.947323 1712.35611826 1713.98811114 427.98683075 428.089029565 428.497027786
1841064 512 1209.021 1209.974 1210.928 1556.86344357 1558.09094741 1559.31909868 389.215860893 389.522736852 389.829774669
2025168 512 1235.008 1235.962 1237.869 1675.2758426 1677.86067209 1679.15676012 418.818960649 419.465168023 419.78919003
2227680 256 669.003 670.195 671.864 1697.62356667 1701.85119256 1704.88347586 424.405891669 425.462798141 426.220868965
2450448 256 735.044 735.044 736.952 1702.45738664 1706.87656249 1706.87656249 425.61434666 426.719140623 426.719140623
2695488 256 806.808 808.001 810.862 1702.00336925 1708.0298861 1710.55549276 425.500842313 427.007471525 427.638873189
2965032 256 895.977 896.931 899.076 1688.50729416 1692.54533961 1694.3474933 422.126823539 423.136334902 423.586873324
3261528 256 973.94 975.132 976.801 1709.56247588 1712.48850002 1714.58440561 427.390618969 428.122125005 428.646101403
3587680 256 1368.046 1368.999 1371.145 1339.67753957 1341.77757617 1342.71227722 334.919384894 335.444394043 335.678069305
3946448 256 1609.087 1610.041 1610.994 1254.24512816 1254.98752889 1255.7315894 313.561282041 313.746882222 313.932897351
4341088 128 1270.056 1274.109 1274.824 871.742709582 872.231911085 875.0153757 217.935677395 218.057977771 218.753843925
4775192 128 1844.883 1849.174 1853.943 659.377959301 661.078488017 662.616085681 164.844489825 165.269622004 165.65402142
5252704 128 2197.981 2198.935 2200.842 610.989895685 611.519769343 611.785190136 152.747473921 152.879942336 152.946297534
5777968 128 2571.106 2578.02 2580.166 573.280869525 573.758081008 575.300982534 143.320217381 143.439520252 143.825245634
6355760 128 2964.02 2965.927 2973.08 547.269013952 548.58887626 548.941829003 136.817253488 137.147219065 137.235457251
6991336 128 3237.009 3237.963 3239.87 552.424021951 552.749372368 552.912276734 138.106005488 138.187343092 138.228069184
7690464 128 3619.909 3621.101 3624.916 543.118456814 543.69065762 543.869689542 135.779614203 135.922664405 135.967422385
8459504 64 2024.889 2026.081 2032.042 532.871127664 534.438905453 534.753515872 133.217781916 133.609726363 133.688378968
9305448 64 2244.949 2245.903 2251.148 529.10663537 530.34229172 530.567662784 132.276658843 132.58557293 132.641915696
10235992 64 2473.831 2480.03 2481.937 527.896951454 528.302873756 529.62671096 131.974237863 132.075718439 132.40667774
11259584 64 2717.018 2717.972 2726.078 528.681406768 530.258130695 530.444315054 132.170351692 132.564532674 132.611078764
12385536 64 3009.796 3010.035 3011.227 526.47927506 526.687765425 526.729588318 131.619818765 131.671941356 131.682397079
13624088 64 3322.84 3329.039 3334.999 522.903684229 523.839842069 524.817103442 130.725921057 130.959960517 131.20427586
14986496 64 3654.003 3659.964 3661.156 523.952404104 524.123048205 524.978082393 130.988101026 131.030762051 131.244520598
16485144 64 4034.996 4039.049 4050.016 521.009900208 522.424568754 522.949324361 130.252475052 130.606142188 130.73733109
18133656 32 2220.869 2226.114 2229.929 520.444365717 521.336276579 522.567510285 130.111091429 130.334069145 130.641877571
19947016 32 2449.036 2455.95 2456.188 519.752162294 519.802530182 521.270011547 129.938040573 129.950632545 130.317502887
21941712 32 2681.971 2694.13 2701.044 519.898812459 521.233039237 523.596104507 129.974703115 130.308259809 130.899026127
24135880 32 2969.027 2970.934 2974.987 519.227922677 519.936262468 520.270216472 129.806980669 129.984065617 130.067554118
26549464 32 3263.95 3268.003 3278.017 518.351703484 519.94006615 520.585700149 129.587925871 129.985016538 130.146425037
29204408 32 3597.021 3612.041 3619.909 516.334005081 517.458719876 519.619460659 129.08350127 129.364679969 129.904865165
32124848 32 3957.987 3960.133 3973.961 517.365487985 519.172025788 519.453518165 129.341371996 129.793006447 129.863379541
35337328 16 2167.94 2175.093 2178.192 519.143627375 519.88328591 521.598612508 129.785906844 129.970821478 130.399653127
38871056 16 2397.06 2403.975 2411.842 515.736019192 517.423763558 518.91641928 128.934004798 129.35594089 129.72910482
42758160 16 2629.995 2638.102 2641.916 517.904853901 518.653607783 520.252365499 129.476213475 129.663401946 130.063091375
47033976 16 2907.038 2909.184 2912.998 516.679802732 517.35718057 517.73909801 129.169950683 129.339295143 129.434774502
51737368 16 3187.895 3199.1 3199.816 517.403430697 517.519232284 519.338239183 129.350857674 129.379808071 129.834559796
56911104 16 3511.906 3515.005 3526.926 516.357680314 518.108886901 518.566080072 129.089420079 129.527221725 129.641520018
62602208 16 3873.11 3875.017 3887.177 515.353598768 516.970804515 517.225345007 128.838399692 129.242701129 129.306336252
68862424 8 2116.919 2118.111 2124.071 518.720317729 520.179907474 520.472811666 129.680079432 130.044976869 130.118202917
75748664 8 2325.058 2334.118 2336.025 518.820913304 519.244795679 521.268124924 129.705228326 129.81119892 130.317031231
83323528 8 2563.0 2573.013 2590.179 514.70436908 518.138248038 520.162484588 128.67609227 129.53456201 130.040621147
91655880 8 2821.922 2830.029 2846.003 515.281986702 518.190477907 519.67916902 128.820496676 129.547619477 129.919792255
100821464 8 3106.117 3113.031 3118.992 517.200244181 518.190607161 519.344063343 129.300061045 129.54765179 129.836015836
110903608 8 3412.008 3432.035 3441.095 515.666591012 517.027864809 520.062593054 128.916647753 129.256966202 130.015648263
121993968 8 3767.014 3780.842 3798.962 513.799160929 516.261586176 518.156685375 128.449790232 129.065396544 129.539171344
134193360 8 4153.967 4154.921 4167.08 515.251389462 516.759225988 516.877904904 128.812847366 129.189806497 129.219476226
147612696 4 2275.944 2285.004 2295.971 514.336447629 516.805033164 518.862312957 128.584111907 129.201258291 129.715578239
162373960 4 2505.064 2510.071 2520.084 515.455707032 517.511926953 518.546304605 128.863926758 129.377981738 129.636576151
178611352 4 2750.158 2754.927 2765.894 516.610837581 518.667396995 519.566808889 129.152709395 129.666849249 129.891702222
196472480 4 3033.161 3044.844 3049.85 515.36299818 516.210301743 518.198618537 128.840749545 129.052575436 129.549654634
216119728 4 3333.807 3345.966 3352.88 515.663496457 516.729047456 518.6136522 128.915874114 129.182261864 129.65341305
237731696 4 3674.03 3677.13 3680.944 516.675496286 517.211403459 517.647805815 129.168874071 129.302850865 129.411951454
261504864 4 4048.109 4055.023 4065.037 514.642034501 515.912958324 516.794115969 128.660508625 128.978239581 129.198528992
287655344 2 2208.948 2218.008 2220.869 518.095113219 518.763402116 520.891110157 129.523778305 129.690850529 130.222777539
316420872 2 2434.015 2437.83 2455.95 515.353931473 519.184474717 519.998228441 128.838482868 129.796118679 129.99955711
348062952 2 2682.209 2684.116 2688.885 517.780346872 518.700312505 519.069098642 129.445086718 129.675078126 129.767274661
382869240 2 2954.96 2961.874 2979.04 514.084053923 517.063507766 518.273330265 128.521013481 129.265876941 129.568332566
421156160 2 3258.944 3262.043 3268.003 515.490542695 516.432383019 516.923469688 128.872635674 129.108095755 129.230867422
463271776 2 3586.054 3591.061 3602.982 514.320389056 516.027743333 516.748243055 128.580097264 129.006935833 129.187060764
509598952 2 3939.152 3955.841 3963.947 514.233870433 515.287598263 517.47071654 128.558467608 128.821899566 129.367679135
560558840 1 2157.927 2159.119 2164.841 517.875298925 519.247748735 519.534571837 129.468824731 129.811937184 129.883642959
616614720 1 2373.934 2378.941 2382.994 517.512608089 518.394293932 519.487668992 129.378152022 129.598573483 129.871917248
678276192 1 2615.929 2621.889 2624.989 516.784026143 517.395047616 518.57385426 129.196006536 129.348761904 129.643463565
746103808 1 2875.09 2889.156 2897.978 514.913369253 516.485650481 519.012488653 128.728342313 129.12141262 129.753122163
820714184 1 3174.067 3178.12 3184.08 515.511032386 516.477781833 517.137277821 128.877758097 129.119445458 129.284319455
902785600 1 3482.103 3487.11 3499.031 516.020349634 517.784411733 518.528946444 129.005087408 129.446102933 129.632236611
993064160 1 3847.122 3854.99 3864.05 514.001713228 515.209720388 516.263409375 128.500428307 128.802430097 129.065852344

META_DATA
ERT_VERSION  1.1.0
GPU_BLOCKS     1792
HOSTNAME  ce1
TIMESTAMP_DATA  1560475291.22
UNAME  ('Linux', 'ce1', '3.10.0-514.el7.x86_64', '#1 SMP Tue Nov 22 16:42:41 UTC 2016', 'x86_64', 'x86_64')
TIMESTAMP_DATA  1560475251.81
FLOPS          4
TIMESTAMP_DATA  1560475310.94
GPU_THREADS    64
CONFIG  {'ERT_WORKING_SET_MIN': ['128'], 'ERT_CFLAGS': ['-O3'], 'ERT_CC': ['nvcc'], 'ERT_BLOCKS_THREADS': ['114688'], 'ERT_GPU_THREADS': ['64,128,256,512,1024'], 'ERT_GPU_LDFLAGS': [], 'ERT_MEMORY_MAX': ['1073741824'], 'ERT_LDFLAGS': [], 'ERT_LDLIBS': [], 'ERT_RUN': ['./ERT_CODE'], 'ERT_FLOPS': ['1,2,4,8,16,32,64,128,256,512,1024'], 'ERT_MPI': [False], 'ERT_TRIALS_MIN': ['1'], 'ERT_DRIVER': ['driver1'], 'ERT_RESULTS': ['Results.summitdev.ornl.gov.01'], 'ERT_GPU': ['True'], 'ERT_GPU_CFLAGS': ['-x', 'cu'], 'ERT_KERNEL': ['kernel1'], 'ERT_OPENMP': [False], 'ERT_LD': ['nvcc'], 'ERT_NUM_EXPERIMENTS': ['5'], 'ERT_ALIGN': ['32'], 'ERT_GNUPLOT': ['gnuplot'], 'ERT_GPU_BLOCKS': ['56,112,448,896,1792']}
TIMESTAMP_DATA  1560475271.5
TIMESTAMP_DATA  1560475232.11
