8 134217728 922541.386 924780.237 976743.563 2.1986156135 2.32215564529 2.32779112199 1.09930780675 1.16107782264 1.163895561
16 67108864 461125.48 461573.442 467579.561 4.59276629502 4.65252861754 4.65704833313 2.29638314751 2.32626430877 2.32852416657
24 33554432 229977.968 230145.609 233181.324 6.9071257868 6.99823360958 7.00333492815 3.4535628934 3.49911680479 3.50166746408
32 33554432 229643.079 230094.104 233851.425 9.18311123398 9.33306682209 9.35139720888 4.59155561699 4.66653341104 4.67569860444
40 16777216 115275.334 115480.49 115781.009 11.5923785048 11.6225457651 11.643230459 5.79618925242 5.81127288254 5.8216152295
48 16777216 117853.048 118011.729 119316.368 13.498673845 13.6479038961 13.6662798573 6.74933692249 6.82395194803 6.83313992863
56 16777216 119995.739 120130.179 120948.064 15.5359923082 15.6417663541 15.6592909687 7.76799615412 7.82088317707 7.82964548433
64 16777216 127792.31 127844.93 127898.271 16.7905604291 16.7975659887 16.8044825858 8.39528021454 8.39878299437 8.40224129292
72 8388608 68810.04 69040.962 71576.056 16.8765872207 17.4962734731 17.5549898242 8.43829361037 8.74813673657 8.77749491208
80 8388608 76557.586 77054.878 79073.638 16.973764126 17.4184596075 17.5316039876 8.48688206302 8.70922980373 8.76580199381
88 8388608 82087.0 82172.735 82325.002 17.9337378941 17.9669693117 17.9857347448 8.96686894705 8.98348465583 8.99286737242
96 8388608 90355.172 90856.06 90859.341 17.726440873 17.7270810114 17.8253518902 8.86322043652 8.86354050572 8.9126759451
104 8388608 95402.369 96247.164 100057.265 17.4383185869 18.1286428762 18.2891733433 8.71915929343 9.06432143808 9.14458667164
112 8388608 79222.308 79480.346 79609.987 23.6031716975 23.6416710113 23.7186751994 11.8015858488 11.8208355057 11.8593375997
120 8388608 98606.442 99010.72 99137.612 20.307791154 20.3338175907 20.4171845081 10.153895577 10.1669087953 10.208592254
128 8388608 102561.774 103201.001 105034.045 20.445595978 20.8087482407 20.9384409439 10.222797989 10.4043741204 10.4692204719
136 4194304 57376.874 57541.032 57632.744 19.7951825441 19.8267331736 19.8834584122 9.89759127207 9.91336658682 9.94172920609
144 4194304 61614.857 61619.806 63077.761 19.1503238677 19.6034299751 19.6050045527 9.57516193385 9.80171498755 9.80250227636
152 4194304 71246.121 71549.642 73135.24 17.4343916284 17.8207518634 17.8966713991 8.71719581422 8.91037593172 8.94833569957
160 4194304 72558.966 72612.653 72842.204 18.4258191858 18.4840688853 18.4977454061 9.21290959291 9.24203444267 9.24887270306
176 4194304 49060.381 49142.12 49615.701 29.7566088606 30.043372325 30.093427281 14.8783044303 15.0216861625 15.0467136405
192 4194304 57485.099 57666.252 59263.637 27.17708223 27.9299014613 28.0179170606 13.588541115 13.9649507306 14.0089585303
208 4194304 71108.48 71319.147 71467.634 24.414274915 24.4651056188 24.5375862907 12.2071374575 12.2325528094 12.2687931453
224 4194304 79253.224 79410.254 79819.646 23.5411742117 23.6625384928 23.7094227485 11.7705871058 11.8312692464 11.8547113743
240 4194304 51064.99 51503.922 53923.495 37.3355977761 39.0895652568 39.4255618184 18.667798888 19.5447826284 19.7127809092
264 2097152 35596.568 35609.067 35648.233 31.0617431164 31.0959075676 31.1068262536 15.5308715582 15.5479537838 15.5534131268
288 2097152 41791.813 41894.474 41940.801 28.8015374814 28.8333862838 28.9042150911 14.4007687407 14.4166931419 14.4521075456
312 2097152 30731.484 31058.206 31281.432 41.833853642 42.1345279248 42.5824814708 20.916926821 21.0672639624 21.2912407354
336 2097152 39655.604 39771.892 41752.731 33.7531488419 35.4342243512 35.5381333745 16.876574421 17.7171121756 17.7690666873
368 2097152 30724.258 30909.517 30970.73 49.8375037334 49.9362015912 50.2373034363 24.9187518667 24.9681007956 25.1186517181
400 2097152 41698.411 41712.341 42261.141 39.6989186828 40.2212285328 40.2346650571 19.8494593414 20.1106142664 20.1173325286
440 2097152 36532.039 36534.807 38665.223 47.7300689563 50.513302561 50.5171299089 23.8650344781 25.2566512805 25.2585649544
480 2097152 50515.457 50616.9 50857.403 39.5864869466 39.7745796364 39.8544532617 19.7932434733 19.8872898182 19.9272266309
528 1048576 23679.222 23802.863 23888.623 46.3524522112 46.5194567561 46.7623579863 23.1762261056 23.2597283781 23.3811789931
576 1048576 23158.916 23749.5 25955.857 46.5389970364 50.8625256111 52.1595895076 23.2694985182 25.4312628055 26.0797947538
632 1048576 23269.031 23390.918 23509.87 56.376324667 56.6630204082 56.9598306006 28.1881623335 28.3315102041 28.4799153003
688 1048576 23158.137 23293.699 23369.212 61.7410880607 61.9412389591 62.3038276352 30.8705440303 30.9706194795 31.1519138176
752 1048576 25375.49 26159.497 26191.495 60.2126111549 60.2862625378 62.1488808295 30.1063055774 30.1431312689 31.0744404147
824 1048576 28341.962 28591.796 28629.539 60.3591014162 60.4387792918 60.9715462889 30.1795507081 30.2193896459 30.4857731444
904 1048576 33055.288 33345.55 33514.722 56.5669441626 56.8539252764 57.3531656418 28.2834720813 28.4269626382 28.6765828209
992 1048576 38860.157 38890.823 39426.566 52.7658123713 53.4926911678 53.5349042465 26.3829061856 26.7463455839 26.7674521233
1088 524288 18335.615 18792.624 18817.182 60.6281369867 60.7073651875 62.2204757244 30.3140684934 30.3536825938 31.1102378622
1192 524288 22844.471 22864.819 23217.031 53.835591295 54.6648802249 54.7135712619 26.9177956475 27.3324401125 27.356785631
1304 524288 22445.291 22790.709 26872.706 50.8822261517 59.995636994 60.9189296766 25.4411130758 29.997818497 30.4594648383
1432 524288 24599.672 24639.838 29847.901 50.3070829671 60.9403694943 61.0398720763 25.1535414835 30.4701847472 30.5199360382
1568 524288 26234.03 26255.869 26732.403 61.5046529113 62.6209388842 62.6730688346 30.7523264557 31.3104694421 31.3365344173
1720 524288 24617.133 24797.906 24846.615 72.58738142 72.7299603442 73.2640441923 36.29369071 36.3649801721 36.6320220962
1888 524288 30392.921 30423.123 30641.848 64.6080970051 65.0725925803 65.1372564026 32.3040485026 32.5362962902 32.5686282013
2072 262144 15628.46 15974.022 16706.448 65.0242790089 68.0057117738 69.5093909445 32.5121395045 34.0028558869 34.7546954722
2272 262144 17072.951 17529.437 17832.244 66.7993515567 67.9532569129 69.7701490504 33.3996757783 33.9766284565 34.8850745252
2496 262144 17075.052 17634.959 19229.338 68.0534529062 74.2061746784 76.6394648754 34.0267264531 37.1030873392 38.3197324377
2744 262144 18086.529 18134.606 18592.611 77.3773125249 79.3315427972 79.5424192226 38.6886562624 39.6657713986 39.7712096113
3016 262144 20710.43 20890.017 20900.223 75.6572122699 75.6941752608 76.3505445324 37.828606135 37.8470876304 38.1752722662
3312 262144 21030.003 21569.33 21685.296 80.074620886 80.5051365063 82.5697388631 40.037310443 40.2525682532 41.2848694315
3640 262144 23162.68 23164.81 23603.729 80.8519840234 82.383940123 82.3915160076 40.4259920117 41.1919700615 41.1957580038
4000 262144 26780.356 27046.801 27618.943 75.9316531411 77.5378944075 78.3093398758 37.9658265706 38.7689472038 39.1546699379
4400 131072 13711.479 13817.411 14153.217 81.4962138996 83.476825 84.1217493751 40.7481069498 41.7384125 42.0608746876
4840 131072 16052.97 16285.789 16508.115 76.857773283 77.9069997775 79.036898468 38.4288866415 38.9534998888 39.518449234
5320 131072 16748.645 16770.935 17577.819 79.3389714617 83.1561317243 83.2668003889 39.6694857309 41.5780658622 41.6334001945
5848 131072 18574.684 18618.283 18751.823 81.7530174 82.3393925208 82.532661767 40.8765087 41.1696962604 41.2663308835
6432 131072 20373.687 20605.164 20858.897 80.8341020141 81.8294971105 82.7592083848 40.4170510071 40.9147485553 41.3796041924
7072 131072 22468.497 22912.428 23251.636 79.7312657053 80.911650568 82.5102973287 39.8656328527 40.455825284 41.2551486644
7776 131072 24324.842 24555.286 26187.11 77.8410349214 83.0139687235 83.800410461 38.9205174607 41.5069843617 41.9002052305
8552 65536 13405.588 13426.477 13875.184 80.7865138221 83.4863638466 83.6164548694 40.393256911 41.7431819233 41.8082274347
9400 65536 14133.718 14136.476 14546.155 84.7012011078 87.1558654363 87.1728727006 42.3506005539 43.5779327182 43.5864363503
10336 65536 15887.418 15892.998 15911.486 85.1435366879 85.2425824253 85.272521438 42.5717683439 42.6212912126 42.636260719
11368 65536 17394.634 17414.21 17603.099 84.6456919887 85.5638295392 85.6601234611 42.3228459943 42.7819147696 42.8300617305
12504 65536 18824.071 18856.805 19301.711 84.9108293042 86.9142088493 87.0653477667 42.4554146521 43.4571044246 43.5326738833
13752 65536 20734.805 20735.228 22313.429 80.7810464272 86.9294586006 86.9312320034 40.3905232136 43.4647293003 43.4656160017
15120 65536 22447.535 22703.119 23269.701 85.1669146931 87.2923513285 88.286247911 42.5834573465 43.6461756642 44.1431239555
16632 32768 12307.109 12373.626 12749.33 85.494277111 88.0901646777 88.5662710877 42.7471385555 44.0450823388 44.2831355439
18288 32768 13404.797 13483.181 13870.864 86.4057471834 88.8901786604 89.4099603299 43.2028735917 44.4450893302 44.7049801649
20112 32768 15095.907 15319.795 15344.665 85.8969571509 86.0364014009 87.3124107084 42.9484785755 43.0182007005 43.6562053542
22120 32768 16877.213 17115.121 17647.879 82.1433737165 84.7003255192 85.8942954622 41.0716868582 42.3501627596 42.9471477311
24328 32768 18092.117 18305.7 18316.369 87.0456261282 87.096358402 88.1245576734 43.5228130641 43.548179201 44.0622788367
26760 32768 19536.633 19840.626 20022.561 87.5883639461 88.3915336139 89.7669194072 43.794181973 44.195766807 44.8834597036
29432 32768 21348.362 22075.546 25219.026 76.4841414573 87.3752138226 90.351454224 38.2420707287 43.6876069113 45.175727112
32368 32768 23842.076 23883.745 24342.923 87.1411065959 88.8164418101 88.9716670646 43.570553298 44.4082209051 44.4858335323
35600 16384 13021.632 13021.805 13274.888 87.8757545826 89.5836483498 89.584838521 43.9378772913 44.7918241749 44.7924192605
39160 16384 14427.56 14689.516 14713.728 87.2107245696 87.3544696776 88.9405332572 43.6053622848 43.6772348388 44.4702666286
43072 16384 15626.271 16092.676 16124.31 87.5313917929 87.703455659 90.3211838576 43.7656958964 43.8517278295 45.1605919288
47376 16384 17213.011 17671.807 18453.467 84.1260218473 87.8470870579 90.1885653823 42.0630109236 43.923543529 45.0942826912
52112 16384 18904.982 18945.135 19557.171 87.3135493881 90.1342754222 90.3257149888 43.656774694 45.0671377111 45.1628574944
57320 16384 20791.654 21022.731 21635.433 86.8141515818 89.3443273379 90.3372939931 43.4070757909 44.6721636689 45.1686469965
63048 16384 22858.99 23221.078 23690.764 87.2051599518 88.9690333929 90.3783091029 43.6025799759 44.4845166964 45.1891545514
69352 8192 12622.682 13123.96 13135.901 86.5005885778 86.5792922258 90.0175705924 43.2502942889 43.2896461129 45.0087852962
76280 8192 13787.83 13791.081 14298.477 87.4059188262 90.6217228367 90.6430903195 43.7029594131 45.3108614183 45.3215451598
83904 8192 15154.998 15172.249 15252.365 90.1291790486 90.6050998768 90.7082360552 45.0645895243 45.3025499384 45.3541180276
92288 8192 16634.849 16754.488 17135.955 88.23824479 90.2472574513 90.8963220526 44.119122395 45.1236287256 45.4481610263
101512 8192 18490.531 18747.974 18951.916 87.7574915381 88.7121247341 89.9472604654 43.878745769 44.3560623671 44.9736302327
111656 8192 20134.259 20602.325 20633.198 88.6615784911 88.7944396567 90.8586655213 44.3307892456 44.3972198283 45.4293327606
122816 8192 22037.816 22278.863 22502.412 89.4222958854 90.3195707968 91.3074754776 44.7111479427 45.1597853984 45.6537377388
135096 4096 12223.939 12226.603 12667.862 87.3633160829 90.5162645749 90.5359910582 43.6816580414 45.2581322874 45.2679955291
148600 4096 13398.808 13420.235 13623.876 89.3527803688 90.7086351319 90.853693851 44.6763901844 45.354317566 45.4268469255
163456 4096 14722.386 14979.34 15460.182 86.6116292809 89.3918925667 90.952074752 43.3058146405 44.6959462833 45.476037376
179800 4096 16878.444 18884.551 19611.19 75.1061817258 77.99611439 87.2664328536 37.5530908629 38.998057195 43.6332164268
197776 4096 18265.433 21507.623 23163.046 69.946801988 75.3305463835 88.7020303324 34.973400994 37.6652731917 44.3510151662
217552 4096 19546.995 19746.738 23933.439 74.4642666689 90.2521714726 91.174422667 37.2321333345 45.1260857363 45.5872113335
239304 4096 21458.029 22197.881 25974.838 75.4722076804 88.3137614802 91.3587342062 37.7361038402 44.1568807401 45.6793671031
263232 2048 11880.302 11892.825 12104.889 89.0713059822 90.659559188 90.7551232283 44.5356529911 45.329779594 45.3775616142
289552 2048 13059.99 13278.759 13737.741 86.331878873 89.3159512873 90.8120903615 43.1659394365 44.6579756437 45.4060451807
318504 2048 14348.582 14781.985 15149.698 86.1134250993 88.2555613471 90.9213456772 43.0567125496 44.1277806736 45.4606728386
350352 2048 15854.301 16218.974 16630.454 86.2899949695 88.4791967729 90.5143526668 43.1449974847 44.2395983864 45.2571763334
385384 2048 17296.504 17662.596 17955.822 87.9120356617 89.371509375 91.2631167547 43.9560178309 44.6857546875 45.6315583773
423920 2048 19009.675 19257.62 19680.955 88.2262227621 90.1656757169 91.3417152055 44.113111381 45.0828378585 45.6708576028
466312 2048 21188.674 21359.934 21836.492 87.468900774 89.420405138 90.1431562919 43.734450387 44.710202569 45.0715781459
512936 2048 23419.583 23669.657 23671.456 88.7560890213 88.7628348818 89.7106432681 44.3780445107 44.3814174409 44.855321634
564224 1024 13203.144 13206.435 13331.921 86.6739873421 87.4975534276 87.5193629639 43.3369936711 43.7487767138 43.7596814819
620640 1024 14434.045 15086.797 15176.808 83.7508598646 84.2505350871 88.0606039402 41.8754299323 42.1252675435 44.0303019701
682704 1024 15802.742 15856.53 18910.19 73.9377971348 88.1767821837 88.4769106526 36.9688985674 44.0883910919 44.2384553263
750968 1024 17327.489 17567.041 20744.281 74.1400708947 87.5493182944 88.7596849145 37.0700354474 43.7746591472 44.3798424573
826064 1024 18989.785 19618.449 22297.902 75.8716704379 86.2340887396 89.0889007959 37.9358352189 43.1170443698 44.5444503979
908664 1024 20989.36 21896.604 25470.2 73.0635751584 84.9877849551 88.6612965807 36.5317875792 42.4938924776 44.3306482904
999528 1024 23715.029 25186.677 27325.984 74.9116058913 81.2744509329 86.3179776841 37.4558029457 40.6372254665 43.1589888421
1099480 512 13685.006 16500.714 17266.317 65.20600311 68.2314425909 82.2701517266 32.603001555 34.1157212955 41.1350758633
1209424 512 18386.508 19173.179 20597.377 60.1265965079 64.5928448277 67.3564646424 30.0632982539 32.2964224138 33.6782323212
1330360 512 23729.259 23741.122 23839.531 57.1441040514 57.3809712953 57.4096578406 28.5720520257 28.6904856476 28.7048289203
1463392 512 28406.8 28890.664 30112.799 49.7633384396 51.8684308536 52.7519258769 24.8816692198 25.9342154268 26.3759629385
1609728 512 33130.809 33733.24 34867.836 47.2745561841 48.8646057123 49.7531307491 23.6372780921 24.4323028562 24.8765653745
1770696 512 37231.941 39573.332 39638.753 45.7429300059 45.8185503308 48.6999241861 22.8714650029 22.9092751654 24.349962093
1947760 512 42350.526 43708.958 45244.915 44.0824397615 45.6315211175 47.0951940479 22.0412198807 22.8157605587 23.5475970239
2142536 256 23627.865 23949.316 24311.945 45.1209655172 45.80416543 46.427319269 22.5604827586 22.902082715 23.2136596345
2356784 256 26071.406 26524.397 26620.624 45.3285170175 45.4929628749 46.2834036645 22.6642585087 22.7464814374 23.1417018323
2592456 256 28879.181 29239.413 29449.15 45.0721827964 45.3954897111 45.9617421976 22.5360913982 22.6977448555 22.9808710988
2851696 256 31466.815 32514.852 32516.903 44.9018269667 44.9046593231 46.4002585581 22.4509134834 22.4523296615 23.2001292791
3136864 256 34563.251 35233.215 35912.388 44.722015367 45.5840992087 46.4676881234 22.3610076835 22.7920496043 23.2338440617
3450544 256 38158.912 38759.163 40906.897 43.1877912421 45.5809256769 46.2979271526 21.5938956211 22.7904628384 23.1489635763
3795592 256 43090.205 44550.616 45942.357 42.299595208 43.6210153413 45.0994165379 21.149797604 21.8105076706 22.549708269
4175144 256 47601.307 49303.162 50013.281 42.7421213977 43.3577409903 44.907878853 21.3710606989 21.6788704952 22.4539394265
4592656 128 26081.843 27607.599 28568.761 41.154040107 42.5868231424 45.0781003474 20.5770200535 21.2934115712 22.5390501737
5051920 128 29558.913 30223.56 30713.775 42.1078659331 42.7908399937 43.7530135158 21.0539329666 21.3954199969 21.8765067579
5557112 128 31711.479 32935.282 33391.806 42.6038852765 43.1944281515 44.8613788086 21.3019426383 21.5972140758 22.4306894043
6112816 128 34408.599 34758.608 36834.043 42.4846356399 45.0213914205 45.4793552042 21.24231782 22.5106957103 22.7396776021
6724096 128 37514.011 38094.28 38598.772 44.5964595972 45.1870615746 45.8860177868 22.2982297986 22.5935307873 22.9430088934
7396504 128 41810.09 42191.055 43304.85 43.7250105704 44.8793002213 45.288231238 21.8625052852 22.4396501107 22.644115619
8136152 128 45544.199 46663.906 47040.764 44.2776590958 44.6352457508 45.7326060779 22.1388295479 22.3176228754 22.8663030389
8949760 64 25129.357 25847.961 25962.642 44.1237559721 44.3195221472 45.5868918572 22.0618779861 22.1597610736 22.7934459286
9844736 64 27987.396 28387.845 28952.248 43.5242958681 44.3896395799 45.0247750094 21.7621479341 22.1948197899 22.5123875047
10829208 64 31044.045 31898.691 31899.414 43.4534196772 43.454404571 44.6507091457 21.7267098386 21.7272022855 22.3253545728
11912128 64 34480.24 35368.033 35595.84 42.8351285993 43.1110314786 44.2210490414 21.4175642996 21.5555157393 22.1105245207
13103336 64 38727.391 39466.34 39997.409 41.9333914354 42.4976577002 43.3085463464 20.9666957177 21.2488288501 21.6542731732
14413664 64 44302.062 44859.262 45809.006 40.2748095429 41.1274931808 41.6447656996 20.1374047715 20.5637465904 20.8223828498
15855024 64 48337.613 49895.176 50238.964 40.3957986076 40.6741339483 41.9847598184 20.1978993038 20.3370669742 20.9923799092
17440520 32 27457.444 28269.421 28478.605 39.1940995705 39.4841224375 40.6517547664 19.5970497853 19.7420612187 20.3258773832
19184568 32 31516.401 31880.967 32435.421 37.8540593631 38.5123936799 38.9578858322 18.9270296815 19.25619684 19.4789429161
21103024 32 35629.097 36765.774 38473.253 35.1047398046 36.7350769224 37.9070380594 17.5523699023 18.3675384612 18.9535190297
23213320 32 40575.477 42441.523 43667.364 34.0220325642 35.0046929277 36.6145413398 17.0110162821 17.5023464639 18.3072706699
25534648 32 47778.287 49115.728 50328.206 32.4712045567 33.2727934319 34.2041871865 16.2356022784 16.6363967159 17.1020935933
28088112 32 53417.005 54585.51 57345.729 31.3473941189 32.9325340736 33.6529381982 15.6736970595 16.4662670368 16.8264690991
30896920 32 61303.56 62446.145 65398.686 30.2361255393 31.6657318078 32.2559224946 15.1180627696 15.8328659039 16.1279612473
33986608 16 35010.14 35789.313 37212.296 29.2261314916 30.3881624104 31.0644703506 14.6130657458 15.1940812052 15.5322351753
37385264 16 40111.047 41202.792 42127.129 28.3980531405 29.035130629 29.8254106406 14.1990265703 14.5175653145 14.9127053203
41123784 16 45530.977 45678.225 47357.042 27.7880761218 28.8093744448 28.9025444809 13.8940380609 14.4046872224 14.4512722404
45236160 16 51424.592 51560.291 51889.96 27.8966705698 28.0750378232 28.1491221165 13.9483352849 14.0375189116 14.0745610583
49759776 16 57939.535 58007.862 58211.937 27.3537166784 27.4499486294 27.4823198357 13.6768583392 13.7249743147 13.7411599178
54735752 16 64880.56 65373.617 66033.654 26.5250210749 26.7928278162 26.9964387484 13.2625105374 13.3964139081 13.4982193742
60209320 16 72517.04 72620.371 75796.498 25.4193569735 26.531098829 26.5689035294 12.7096784867 13.2655494145 13.2844517647
66230248 16 80458.678 81276.929 82807.353 25.5939582563 26.0758860119 26.3410733147 12.7969791282 13.0379430059 13.1705366573
72853272 8 45019.641 45527.614 45661.634 25.528047288 25.6031944042 25.8920845682 12.764023644 12.8015972021 12.9460422841
80138592 8 50348.324 50762.053 51280.538 25.0039785464 25.2593698683 25.4669345498 12.5019892732 12.6296849341 12.7334672749
88152448 8 55936.202 56395.196 56729.749 24.8624256737 25.009916944 25.2151400626 12.4312128368 12.504958472 12.6075700313
96967688 8 62204.279 62770.508 62855.283 24.6834145668 24.7167508665 24.9417408728 12.3417072834 12.3583754333 12.4708704364
106664456 8 68999.726 69514.204 70965.369 24.0487905587 24.5508284321 24.7338851172 12.0243952793 12.2754142161 12.3669425586
117330896 8 76601.301 77131.882 77481.489 24.2289398439 24.3387596325 24.5073427147 12.114469922 12.1693798162 12.2536713574
129063984 8 85363.464 85524.445 85698.159 24.0964773117 24.14542116 24.1909553249 12.0482386559 12.07271058 12.0954776624
141970376 4 47198.941 47592.808 47750.841 23.7851938147 23.864173091 24.0633154884 11.8925969074 11.9320865455 12.0316577442
156167408 4 52254.587 52601.641 52652.086 23.7282007022 23.7509560586 23.9087003788 11.8641003511 11.8754780293 11.9543501894
171784144 4 57735.564 58220.362 92081.061 14.9246016181 23.6046823618 23.8028878007 7.46230080907 11.8023411809 11.9014439003
188962552 4 64038.874 64310.608 64802.211 23.3279141664 23.5062373536 23.6059805799 11.6639570832 11.7531186768 11.8029902899
207858800 4 71162.789 75517.413 106143.265 15.6662827359 22.0196949808 23.3671336293 7.83314136794 11.0098474904 11.6835668147
228644680 4 78183.049 78619.042 78656.365 23.2550466831 23.2660866053 23.3958314928 11.6275233416 11.6330433027 11.6979157464
251509144 4 86923.911 87087.214 87288.396 23.0508663717 23.1041166617 23.1475221128 11.5254331859 11.5520583309 11.5737610564
276660056 2 48121.556 48200.38 48701.496 22.7229205444 22.9591597411 22.99676727 11.3614602722 11.4795798705 11.498383635
304326056 2 53212.361 53382.789 54118.765 22.493200353 22.8033088342 22.8763430362 11.2466001765 11.4016544171 11.4381715181
334758656 2 59105.525 59147.01 59445.329 22.5254809171 22.6390923903 22.6549823219 11.2627404585 11.3195461952 11.3274911609
368234520 2 65045.058 65502.983 65609.743 22.4499900876 22.4865801913 22.6448884095 11.2249950438 11.2432900957 11.3224442048
405057968 2 71954.988 72630.951 72884.146 22.2302374511 22.3077331316 22.5172975083 11.1151187255 11.1538665658 11.2586487541
445563760 2 80449.877 80739.79 80861.011 22.0409690401 22.0740608813 22.1536080161 11.02048452 11.0370304406 11.076804008
490120136 2 88876.798 88895.433 90857.171 21.5776093667 22.053782493 22.0584065596 10.7888046833 11.0268912465 11.0292032798
539132144 1 57560.455 57842.117 58026.506 18.5822714881 18.6415080209 18.7327269738 9.29113574407 9.32075401044 9.36636348688
593045352 1 63546.459 63723.425 63772.493 18.5987821426 18.6131034859 18.6649377898 9.29939107132 9.30655174294 9.33246889492
652349880 1 69969.631 70323.713 70560.708 18.4904573236 18.5527712395 18.6466577193 9.24522866182 9.27638561974 9.32332885963
717584864 1 76752.104 77160.775 77380.396 18.546942148 18.5997318975 18.6987672416 9.27347107399 9.29986594873 9.34938362081
789343344 1 84738.261 84861.374 85801.434 18.3993042354 18.6031242907 18.6301520632 9.1996521177 9.30156214534 9.31507603159
868277672 1 93546.411 93820.983 97396.12 17.8298205719 18.5092426925 18.5635699482 8.91491028595 9.25462134627 9.28178497409
955105432 1 102435.538 103379.068 104366.365 18.3029356632 18.4777334615 18.6479311897 9.15146783161 9.23886673074 9.32396559483
1050615968 1 112233.143 113416.026 161897.526 12.9787773039 18.5267638984 18.7220270219 6.48938865193 9.26338194921 9.36101351096

META_DATA
ERT_VERSION  1.1.0
FLOPS          8
TIMESTAMP_DATA  1560424583.7
MPI_PROCS      1
OPENMP_THREADS 1
CONFIG  {'ERT_WORKING_SET_MIN': ['1'], 'ERT_CFLAGS': ['-O3', '-march=native', '-fstrict-aliasing', '-ftree-vectorize'], 'ERT_CC': ['gcc'], 'ERT_MPI_CFLAGS': ['-I/usr/local/include'], 'ERT_MPI_LDFLAGS': ['-L/usr/local/lib', '-lmpi'], 'ERT_MEMORY_MAX': ['1073741824'], 'ERT_PROCS_THREADS': ['1-8'], 'ERT_LDFLAGS': [], 'ERT_LDLIBS': [], 'ERT_RUN': ['export', 'OMP_NUM_THREADS=ERT_OPENMP_THREADS;', 'mpirun', '-np', 'ERT_MPI_PROCS', 'ERT_CODE'], 'ERT_FLOPS': ['1,2,4,8,16'], 'ERT_OPENMP_CFLAGS': ['-fopenmp'], 'ERT_MPI': ['True'], 'ERT_TRIALS_MIN': ['1'], 'ERT_DRIVER': ['driver1'], 'ERT_RESULTS': ['Results.p100.01'], 'ERT_OPENMP': ['True'], 'ERT_MPI_PROCS': ['1,2,4,8'], 'ERT_KERNEL': ['kernel1'], 'ERT_GPU': [False], 'ERT_OPENMP_THREADS': ['1,2,4,8'], 'ERT_LD': ['gcc'], 'ERT_NUM_EXPERIMENTS': ['3'], 'ERT_OPENMP_LDFLAGS': ['-fopenmp'], 'ERT_ALIGN': ['32'], 'ERT_GNUPLOT': ['gnuplot']}
HOSTNAME  ('kcadmin-UniServer-R5200-G3', [], ['127.0.1.1'])
TIMESTAMP_DATA  1560424564.98
TIMESTAMP_DATA  1560424602.41
UNAME  ('Linux', 'kcadmin-UniServer-R5200-G3', '4.4.0-141-generic', '#167-Ubuntu SMP Wed Dec 5 10:40:15 UTC 2018', 'x86_64', 'x86_64')
