8 134217728 1627576.012 1629848.956 1635933.437 1.31269622555 1.31759672582 1.31943677725 1.31269622555 1.31759672582 1.31943677725
16 67108864 811414.409 812029.94 826579.535 2.59803631359 2.64458678457 2.64659294213 2.59803631359 2.64458678457 2.64659294213
24 33554432 407435.192 407778.703 409539.545 3.93274045367 3.9497225435 3.95305257775 3.93274045367 3.9497225435 3.95305257775
32 33554432 405714.461 408372.014 413478.606 5.19369954536 5.25864548593 5.29309121175 5.19369954536 5.25864548593 5.29309121175
40 16777216 208376.065 208800.616 209553.208 6.4049474251 6.42803314335 6.44112979099 6.4049474251 6.42803314335 6.44112979099
48 16777216 210194.03 211013.655 216241.544 7.44821141307 7.63274175787 7.66250466771 7.44821141307 7.63274175787 7.66250466771
56 16777216 219590.215 220515.09 221797.775 8.47189829564 8.52117735798 8.55706704418 8.47189829564 8.52117735798 8.55706704418
64 16777216 231677.071 234545.751 238615.697 8.9997585029 9.15592646144 9.26929729701 8.9997585029 9.15592646144 9.26929729701
72 8388608 119528.221 120305.042 121087.072 9.97595806099 10.0408057046 10.1060614966 9.97595806099 10.0408057046 10.1060614966
80 8388608 130296.246 131066.032 133425.504 10.0593757547 10.2404662712 10.3009666142 10.0593757547 10.2404662712 10.3009666142
88 8388608 142522.053 145628.454 152826.173 9.66061623489 10.1380943589 10.3590635759 9.66061623489 10.1380943589 10.3590635759
96 8388608 156590.253 166219.5 167173.781 9.63436207739 9.68967381083 10.2855235568 9.63436207739 9.68967381083 10.2855235568
104 8388608 169738.901 174307.82 180064.604 9.69002472024 10.0100526987 10.2794966488 9.69002472024 10.0100526987 10.2794966488
112 8388608 156631.842 156799.183 157355.518 11.9414191246 11.9837881553 11.9965912934 11.9414191246 11.9837881553 11.9965912934
120 8388608 186967.925 187086.319 188102.482 10.7030268745 10.7611605742 10.7679748813 10.7030268745 10.7611605742 10.7679748813
128 8388608 201820.467 201873.178 208069.739 10.3209801594 10.6377859073 10.6405642595 10.3209801594 10.6377859073 10.6405642595
136 4194304 106195.803 111571.144 112429.642 10.1472411341 10.2253203391 10.7428980786 10.1472411341 10.2253203391 10.7428980786
144 4194304 110212.799 110588.529 122462.988 9.86387456102 10.9230094922 10.9602474754 9.86387456102 10.9230094922 10.9602474754
152 4194304 113788.71 116656.08 124991.657 10.2012281988 10.9301496844 11.2055793233 10.2012281988 10.9301496844 11.2055793233
160 4194304 112286.407 113936.671 136510.89 9.83201618567 11.780028925 11.953159032 9.83201618567 11.780028925 11.953159032
176 4194304 92996.59 93166.118 93871.32 15.7278603092 15.8469091521 15.8757972524 15.7278603092 15.8469091521 15.8757972524
192 4194304 108344.286 110458.659 112768.662 14.2824496401 14.581136061 14.8656915419 14.2824496401 14.581136061 14.8656915419
208 4194304 123170.123 124044.948 128178.822 13.6124707403 14.0661146797 14.16602031 13.6124707403 14.0661146797 14.16602031
224 4194304 128653.556 128973.329 129584.553 14.5005569607 14.5692772806 14.6054897387 14.5005569607 14.5692772806 14.6054897387
240 4194304 99868.111 100023.834 105984.369 18.9958758918 20.1278619254 20.1592470293 18.9958758918 20.1278619254 20.1592470293
264 2097152 68385.416 68547.33 68789.722 16.0968270231 16.1537474326 16.1919941527 16.0968270231 16.1537474326 16.1919941527
288 2097152 73668.994 73685.89 74171.588 16.2860144237 16.3933631256 16.397122947 16.2860144237 16.3933631256 16.397122947
312 2097152 60927.444 61265.042 61512.578 21.2740693131 21.3600253143 21.4783808755 21.2740693131 21.3600253143 21.4783808755
336 2097152 70862.021 70895.467 72966.785 19.3140775491 19.8783674561 19.8877498004 19.3140775491 19.8783674561 19.8877498004
368 2097152 60695.874 60919.638 62882.232 24.5459460154 25.3367210094 25.4301284466 24.5459460154 25.3367210094 25.4301284466
400 2097152 78121.814 78630.468 79607.558 21.0749034658 21.3367876686 21.4757122767 21.0749034658 21.3367876686 21.4757122767
440 2097152 77250.96 78184.886 93882.849 19.657411121 23.6042265253 23.8895899805 19.657411121 23.6042265253 23.8895899805
480 2097152 97136.25 98617.406 116997.595 17.2077547406 20.4149145841 20.7262059221 17.2077547406 20.4149145841 20.7262059221
528 1048576 49333.568 56461.359 58816.604 18.8262528044 19.6115764057 22.4450876126 18.8262528044 19.6115764057 22.4450876126
576 1048576 49209.69 49431.219 49514.096 24.3962760019 24.4371791034 24.5471888159 24.3962760019 24.4371791034 24.5471888159
632 1048576 48969.664 48989.204 55057.663 24.0729444691 27.0549418194 27.0657373512 24.0729444691 27.0549418194 27.0657373512
688 1048576 48974.867 48996.734 49853.49 28.9416162439 29.4476888194 29.4608370453 28.9416162439 29.4476888194 29.4608370453
752 1048576 50830.24 51134.225 51508.827 30.6172436037 30.84154114 31.0259857911 30.6172436037 30.84154114 31.0259857911
824 1048576 56175.004 57228.372 67864.402 25.4633238793 30.1957436077 30.7619603908 25.4633238793 30.1957436077 30.7619603908
904 1048576 65419.599 65432.35 65648.16 28.8785764597 28.9738242322 28.9794715495 28.8785764597 28.9738242322 28.9794715495
992 1048576 72338.692 72799.811 73153.371 28.4385361271 28.5766508927 28.7588111767 28.4385361271 28.5766508927 28.7588111767
1088 524288 36213.013 36378.247 36869.408 30.9430161721 31.3607933884 31.5038875114 30.9430161721 31.3607933884 31.5038875114
1192 524288 42752.352 42814.349 42821.732 29.1885109178 29.1935442484 29.2358790459 29.1885109178 29.1935442484 29.2358790459
1304 524288 42721.737 43093.273 49274.161 27.749698346 31.7298503643 32.0057937719 27.749698346 31.7298503643 32.0057937719
1432 524288 45751.637 46188.468 46756.961 32.1141665302 32.5094314018 32.8198274523 32.1141665302 32.5094314018 32.8198274523
1568 524288 49995.641 50244.645 50640.544 32.4674073012 32.7232318588 32.8862103798 32.4674073012 32.7232318588 32.8862103798
1720 524288 48896.423 49322.219 49821.399 36.2003226766 36.5666986719 36.8851259324 36.2003226766 36.5666986719 36.8851259324
1888 524288 57820.569 58083.833 61223.261 32.3359366304 34.0836922384 34.2388793856 32.3359366304 34.0836922384 34.2388793856
2072 262144 30403.906 30654.74 36509.935 29.7542226794 35.4374147685 35.7297755098 29.7542226794 35.4374147685 35.7297755098
2272 262144 32973.154 33229.232 33247.001 35.8282642095 35.847423016 36.1258233289 35.8282642095 35.847423016 36.1258233289
2496 262144 34632.672 35153.077 35470.986 36.8927677398 37.2264097393 37.7857893263 36.8927677398 37.2264097393 37.7857893263
2744 262144 36245.61 36362.348 37992.204 37.8668811107 39.5641742387 39.6916005 37.8668811107 39.5641742387 39.6916005
3016 262144 40410.11 40647.726 42267.132 37.4109274317 38.9013793293 39.130123823 37.4109274317 38.9013793293 39.130123823
3312 262144 42820.808 43098.246 43122.466 40.2676845058 40.29031381 40.5513566208 40.2676845058 40.29031381 40.5513566208
3640 262144 46723.751 47278.988 49881.946 38.2584977739 40.364830144 40.844501547 38.2584977739 40.364830144 40.844501547
4000 262144 53149.574 53690.501 56754.67 36.9511795241 39.0600192015 39.457550497 36.9511795241 39.0600192015 39.457550497
4400 131072 27124.402 27391.153 28428.777 40.5727478182 42.1097133078 42.5238351799 40.5727478182 42.1097133078 42.5238351799
4840 131072 31174.244 31676.613 32140.46 39.4760050105 40.0540600726 40.6995261858 39.4760050105 40.0540600726 40.6995261858
5320 131072 33641.102 33715.32 33741.191 41.3324497052 41.3641656078 41.4554220013 41.3324497052 41.3641656078 41.4554220013
5848 131072 36756.019 36773.972 37570.983 40.8032473358 41.687585774 41.7079475337 40.8032473358 41.687585774 41.7079475337
6432 131072 40253.764 40299.348 48568.109 34.7164063563 41.839639887 41.887019758 34.7164063563 41.839639887 41.887019758
7072 131072 43940.98 48915.387 51540.56 35.9693873718 37.8997792249 42.1902826928 35.9693873718 37.8997792249 42.1902826928
7776 131072 48263.971 51560.518 57859.497 35.2307201011 39.5347413694 42.2350606833 35.2307201011 39.5347413694 42.2350606833
8552 65536 26292.535 26793.539 27755.459 40.3858478435 41.8357479391 42.6329277112 40.3858478435 41.8357479391 42.6329277112
9400 65536 28417.244 28461.347 29688.061 41.5007500827 43.2894760743 43.356660484 41.5007500827 43.2894760743 43.356660484
10336 65536 31486.24 31762.438 33282.86 40.7044404237 42.6529031556 43.027055374 40.7044404237 42.6529031556 43.027055374
11368 65536 34738.083 35207.227 35235.49 42.287662127 42.3216090265 42.8931698966 42.287662127 42.3216090265 42.8931698966
12504 65536 37874.428 38119.462 38899.056 42.132752219 42.9944233736 43.272581912 42.132752219 42.9944233736 43.272581912
13752 65536 40745.732 40747.664 48751.876 36.9729801577 44.2357172671 44.2378147483 36.9729801577 44.2357172671 44.2378147483
15120 65536 45456.941 45460.421 52473.21 37.7680084752 43.5941550123 43.597492405 37.7680084752 43.5941550123 43.597492405
16632 32768 24433.562 24614.282 24849.269 43.8642582202 44.2830204025 44.6105546134 43.8642582202 44.2830204025 44.6105546134
18288 32768 27051.452 27059.538 27346.636 43.8270494404 44.2920484452 44.305287864 43.8270494404 44.2920484452 44.305287864
20112 32768 29880.525 29913.417 30061.447 43.845528527 44.0625031905 44.1110064833 43.845528527 44.0625031905 44.1110064833
22120 32768 32943.726 32958.898 35184.746 41.201272847 43.9837618357 44.0040182461 41.201272847 43.9837618357 44.0040182461
24328 32768 35904.564 35942.619 36444.572 43.7475245422 44.3584761589 44.4054914022 43.7475245422 44.3584761589 44.4054914022
26760 32768 39544.818 39820.897 43397.072 40.4115595633 44.040779895 44.3482470952 40.4115595633 44.040779895 44.3482470952
29432 32768 42969.715 43283.442 44690.424 43.1603770866 44.5633587089 44.8887210911 43.1603770866 44.5633587089 44.8887210911
32368 32768 47031.826 47519.473 47640.023 44.5270408035 44.6399994377 45.1028469105 44.5270408035 44.6399994377 45.1028469105
35600 16384 25807.583 26059.834 27067.642 43.0972450426 44.7639382507 45.2014743109 43.0972450426 44.7639382507 45.2014743109
39160 16384 28488.547 28937.688 31693.578 40.4875359923 44.3433794711 45.0424825106 40.4875359923 44.3433794711 45.0424825106
43072 16384 31528.097 31768.468 31896.769 44.2484721885 44.4271752733 44.7658891686 44.2484721885 44.4271752733 44.7658891686
47376 16384 34604.752 35032.359 36882.239 42.0911747793 44.3137947975 44.8613753394 42.0911747793 44.3137947975 44.8613753394
52112 16384 37952.686 38213.51 38422.711 44.442621865 44.6859243236 44.9930214689 44.442621865 44.6859243236 44.9930214689
57320 16384 41525.559 41734.356 41736.035 45.0033588481 45.0051693621 45.2314623868 45.0033588481 45.0051693621 45.2314623868
63048 16384 45484.425 45952.482 46282.75 44.637729262 44.9585479191 45.4211933865 44.637729262 44.9585479191 45.4211933865
69352 8192 24798.209 25083.85 25460.121 44.6291346377 45.2985952316 45.8203722696 44.6291346377 45.2985952316 45.8203722696
76280 8192 27621.523 27780.288 30191.426 41.3949152319 44.9877092707 45.2462928999 41.3949152319 44.9877092707 45.2462928999
83904 8192 30345.386 31562.263 32378.448 42.4567334419 43.5546442281 45.3012242454 42.4567334419 43.5546442281 45.3012242454
92288 8192 33336.029 33583.608 35529.886 42.5570347172 45.0233516304 45.3577296804 42.5570347172 45.0233516304 45.3577296804
101512 8192 36615.702 36630.496 38987.451 42.659177898 45.4040427954 45.4223875866 42.659177898 45.4040427954 45.4223875866
111656 8192 41179.903 41903.431 43322.02 42.2272992811 43.6568524425 44.42390027 42.2272992811 43.6568524425 44.42390027
122816 8192 44146.134 44687.965 47021.871 42.7932215628 45.0281713208 45.5808280743 42.7932215628 45.0281713208 45.5808280743
135096 4096 24466.276 24667.25 26153.904 42.3151523383 44.8654159665 45.2339551798 42.3151523383 44.8654159665 45.2339551798
148600 4096 26721.122 26852.057 32183.497 37.8247025176 45.3347466081 45.556889415 37.8247025176 45.3347466081 45.556889415
163456 4096 29254.034 29491.495 29496.071 45.3969463255 45.4039902691 45.7725437798 45.3969463255 45.4039902691 45.7725437798
179800 4096 32560.21 32758.433 32867.216 44.8143097973 44.9631275098 45.2368581161 44.8143097973 44.9631275098 45.2368581161
197776 4096 35786.256 39932.343 43043.796 37.6402906472 40.5731512423 45.2738333957 37.6402906472 40.5731512423 45.2738333957
217552 4096 39282.064 43776.525 44652.595 39.9122600601 40.7109971383 45.368949656 39.9122600601 40.7109971383 45.368949656
239304 4096 43368.824 43595.256 49288.421 39.7736086534 44.9676994212 45.2024792741 39.7736086534 44.9676994212 45.2024792741
263232 2048 23874.722 24006.387 24014.329 44.8981219504 44.9129755344 45.1606628969 44.8981219504 44.9129755344 45.1606628969
289552 2048 26394.114 26647.489 30137.201 39.3535216492 44.5071951057 44.934449855 39.3535216492 44.5071951057 44.934449855
318504 2048 29185.435 29195.014 34747.235 37.5452142883 44.6854515637 44.7001178499 37.5452142883 44.6854515637 44.7001178499
350352 2048 31761.716 32228.878 38120.323 37.6450585689 44.5265824023 45.18149435 37.6450585689 44.5265824023 45.18149435
385384 2048 35054.686 39493.531 41885.768 37.6866162273 39.9694031916 45.0305806191 37.6866162273 39.9694031916 45.0305806191
423920 2048 38240.333 42700.349 46279.411 37.5194126822 40.6642184587 45.4069351331 37.5194126822 40.6642184587 45.4069351331
466312 2048 42326.326 42468.49 50834.964 37.57283967 44.9748496356 45.1259093927 37.57283967 44.9748496356 45.1259093927
512936 2048 46394.428 46761.867 55538.923 37.8290709022 44.9294690479 45.2853057268 37.8290709022 44.9294690479 45.2853057268
564224 1024 25614.822 25908.69 26157.673 44.1755943658 44.6001226615 45.1118009721 44.1755943658 44.6001226615 45.1118009721
620640 1024 27717.128 28182.218 29066.472 43.7297901169 45.1018695548 45.8586733806 43.7297901169 45.1018695548 45.8586733806
682704 1024 31316.659 31897.315 37307.912 37.4767098196 43.8337142797 44.6464545276 37.4767098196 43.8337142797 44.6464545276
750968 1024 34834.02 34866.793 41201.925 37.3279273723 44.1102358912 44.1517362624 37.3279273723 44.1102358912 44.1517362624
826064 1024 37507.798 37542.708 45061.96 37.5433974022 45.0627874793 45.1047292086 37.5433974022 45.0627874793 45.1047292086
908664 1024 42012.711 42240.409 50417.514 36.9106630684 44.0560097796 44.2947819292 36.9106630684 44.0560097796 44.2947819292
999528 1024 45439.235 46902.326 54635.099 37.4673677081 43.6446018477 45.0499077284 37.4673677081 43.6446018477 45.0499077284
1099480 512 25198.123 25484.636 30111.52 37.3899265132 44.178285301 44.680610536 37.3899265132 44.178285301 44.680610536
1209424 512 28060.134 28559.438 33267.27 37.2272860382 43.3639547109 44.1355759741 37.2272860382 43.3639547109 44.1355759741
1330360 512 31524.204 32140.973 36544.885 37.2771357743 42.3847977471 43.2140535571 37.2771357743 42.3847977471 43.2140535571
1463392 512 34870.421 35086.243 36209.446 41.3845991458 42.7094291059 42.9737687423 41.3845991458 42.7094291059 42.9737687423
1609728 512 39251.991 40119.608 40870.519 40.3313075618 41.0861809019 41.9943404145 40.3313075618 41.0861809019 41.9943404145
1770696 512 42860.08 46145.927 46619.282 38.893621399 39.292583807 42.3049304621 38.893621399 39.292583807 42.3049304621
1947760 512 46660.058 51157.333 51309.114 38.8723578427 38.9876899955 42.7454727982 38.8723578427 38.9876899955 42.7454727982
2142536 256 26470.314 27522.262 27870.026 39.360509818 39.8578587763 41.4418367685 39.360509818 39.8578587763 41.4418367685
2356784 256 29061.822 29666.488 30665.648 39.3493529959 40.6746295011 41.5209138642 39.3493529959 40.6746295011 41.5209138642
2592456 256 32172.636 32574.503 34214.903 38.7941322528 40.7477428589 41.2567211465 38.7941322528 40.7477428589 41.2567211465
2851696 256 35435.218 35780.167 38497.856 37.9259653317 40.8066388287 41.203876663 37.9259653317 40.8066388287 41.203876663
3136864 256 36865.12 40126.087 42338.69 37.9339646078 40.0256912168 43.5662319287 37.9339646078 40.0256912168 43.5662319287
3450544 256 41726.459 44997.961 45213.962 39.0737385058 39.2613018177 42.3395267736 39.0737385058 39.2613018177 42.3395267736
3795592 256 44812.255 50005.006 50089.916 38.7970924926 38.8629711193 43.3663314645 38.7970924926 38.8629711193 43.3663314645
4175144 256 49210.005 53123.797 55774.238 38.3272601232 40.2394755029 43.4398193619 38.3272601232 40.2394755029 43.4398193619
4592656 128 28108.947 29997.288 30093.673 39.0686751996 39.1942076897 41.8272493808 39.0686751996 39.1942076897 41.8272493808
5051920 128 30715.863 31845.948 33324.432 38.8091091845 40.6108657842 42.1050035286 38.8091091845 40.6108657842 42.1050035286
5557112 128 33511.547 36199.612 36313.689 39.175878606 39.2993348105 42.4516562008 39.175878606 39.2993348105 42.4516562008
6112816 128 35965.263 38849.949 40053.995 39.0692837506 40.2801274205 43.5108981686 39.0692837506 40.2801274205 43.5108981686
6724096 128 40034.401 42988.442 43978.53 39.1411121745 40.0425904247 42.9972357024 39.1411121745 40.0425904247 42.9972357024
7396504 128 43839.928 48153.952 49205.414 38.4816399269 39.3219028835 43.1913351683 38.4816399269 39.3219028835 43.1913351683
8136152 128 48673.529 52809.227 54573.234 38.1662357045 39.4411172123 42.7923545876 38.1662357045 39.4411172123 42.7923545876
8949760 64 27052.875 28643.559 28860.797 39.6929190833 39.9939574548 42.3455651202 39.6929190833 39.9939574548 42.3455651202
9844736 64 30590.457 31572.277 31996.111 39.383730354 39.9124272221 41.1934417325 39.383730354 39.9124272221 41.1934417325
10829208 64 33781.923 35514.655 35978.111 38.5272763209 39.0300461598 41.0319632781 38.5272763209 39.0300461598 41.0319632781
11912128 64 39131.592 39427.639 39748.425 38.3600704682 38.6721706567 38.9647419405 38.3600704682 38.6721706567 38.9647419405
13103336 64 42783.871 44178.067 45216.362 37.0933647426 37.965151531 39.2023201454 37.0933647426 37.965151531 39.2023201454
14413664 64 48481.515 50810.269 51310.791 35.956354522 36.3105535222 38.0546893388 35.956354522 36.3105535222 38.0546893388
15855024 64 55604.336 56552.843 57523.608 35.2801770014 35.8857833549 36.497928363 35.2801770014 35.8857833549 36.497928363
17440520 32 31780.619 32442.869 32555.691 34.2856577672 34.4048881743 35.1218231464 34.2856577672 34.4048881743 35.1218231464
19184568 32 36010.897 36871.563 37836.64 32.4503537312 33.2997099147 34.0955781246 32.4503537312 33.2997099147 34.0955781246
21103024 32 40851.616 41825.794 41829.613 32.2879758892 32.2909240169 33.0609573927 32.2879758892 32.2909240169 33.0609573927
23213320 32 46526.288 47658.643 48947.852 30.3517400518 31.1727818184 31.9314637781 30.3517400518 31.1727818184 31.9314637781
25534648 32 53100.268 53922.428 53973.804 30.2779747005 30.3068228308 30.7760682488 30.2779747005 30.3068228308 30.7760682488
28088112 32 61035.999 61252.357 64517.83 27.8626725046 29.348081544 29.452113465 27.8626725046 29.348081544 29.452113465
30896920 32 68727.592 69173.328 72164.821 27.4012025887 28.5862042087 28.7716013679 27.4012025887 28.5862042087 28.7716013679
33986608 16 39108.903 39133.706 39500.676 27.5329833849 27.7911694844 27.8087947391 27.5329833849 27.7911694844 27.8087947391
37385264 16 43840.029 44379.791 44618.584 26.8123355954 26.9566039191 27.2884958174 26.8123355954 26.9566039191 27.2884958174
41123784 16 49714.603 49811.783 50495.083 26.0611728869 26.4186706186 26.4703127168 26.0611728869 26.4186706186 26.4703127168
45236160 16 55612.579 55722.613 56369.81 25.679652282 25.9779116963 26.0293111024 25.679652282 25.9779116963 26.0293111024
49759776 16 62017.437 62225.99 64652.89 24.6286412255 25.5891924259 25.6752440769 24.6286412255 25.5891924259 25.6752440769
54735752 16 69320.012 69880.126 70548.485 24.8275220084 25.0649814799 25.2675095325 24.8275220084 25.0649814799 25.2675095325
60209320 16 77963.136 79010.313 79295.529 24.2976907311 24.3854019411 24.7129392024 24.2976907311 24.3854019411 24.7129392024
66230248 16 86835.014 86918.104 88717.033 23.8890759117 24.3835039936 24.4068358877 23.8890759117 24.3835039936 24.4068358877
72853272 8 48148.869 48398.954 49677.536 23.4643753668 24.0842467794 24.2093402443 23.4643753668 24.0842467794 24.2093402443
80138592 8 53434.387 53669.032 53683.615 23.8847080622 23.8911980376 23.996110819 23.8847080622 23.8911980376 23.996110819
88152448 8 59457.048 59747.688 61645.037 22.8800117031 23.6065898985 23.7219844483 22.8800117031 23.6065898985 23.7219844483
96967688 8 65942.377 67181.059 68285.969 22.7203777104 23.0940540547 23.5278599071 22.7203777104 23.0940540547 23.5278599071
106664456 8 73297.843 75978.548 75990.524 22.4584751646 22.4620151467 23.2835132133 22.4584751646 22.4620151467 23.2835132133
117330896 8 80733.274 81327.9 82129.048 22.8578606682 23.0830297598 23.2530435468 22.8578606682 23.0830297598 23.2530435468
129063984 8 89118.144 89239.467 91996.01 22.4468837725 23.1402518798 23.1717543848 22.4468837725 23.1402518798 23.1717543848
141970376 4 49376.612 49405.847 51344.432 22.1204707844 22.9884330897 23.0020441257 22.1204707844 22.9884330897 23.0020441257
156167408 4 54719.379 54821.924 55449.945 22.5309378395 22.7890444706 22.831751508 22.5309378395 22.7890444706 22.831751508
171784144 4 60286.936 60841.619 61409.142 22.378966832 22.5877150311 22.7955381909 22.378966832 22.5877150311 22.7955381909
188962552 4 66667.655 66801.297 67493.042 22.3978705242 22.6298063644 22.6751700806 22.3978705242 22.6298063644 22.6751700806
207858800 4 73732.543 75219.948 76253.418 21.8071588607 22.1067741233 22.552733601 21.8071588607 22.1067741233 22.552733601
228644680 4 81516.855 81862.708 83817.873 21.8229999704 22.3442087941 22.4390089632 21.8229999704 22.3442087941 22.4390089632
251509144 4 90198.514 90430.605 92740.503 21.6957325754 22.2499136437 22.3071651934 21.6957325754 22.2499136437 22.3071651934
276660056 2 49636.877 49796.736 49935.823 22.16124933 22.2231477983 22.2947189848 22.16124933 22.2231477983 22.2947189848
304326056 2 54787.43 54873.451 55204.753 22.0507140753 22.1838466839 22.2186772404 22.0507140753 22.1838466839 22.2186772404
334758656 2 60316.844 60619.666 62867.584 21.2992855587 22.0891125332 22.2000113932 21.2992855587 22.0891125332 22.2000113932
368234520 2 66916.903 66924.14 69551.358 21.1777041075 22.0090699709 22.011450231 21.1777041075 22.0090699709 22.011450231
405057968 2 73967.837 75774.391 77157.454 20.9990323424 21.3823146662 21.9045457825 20.9990323424 21.3823146662 21.9045457825
445563760 2 82471.848 85181.998 132951.581 13.4052940672 20.9229072086 21.6104656707 13.4052940672 20.9229072086 21.6104656707
490120136 2 91277.145 91747.397 93431.339 20.9831151408 21.3682415862 21.4783289289 20.9831151408 21.3682415862 21.4783289289
539132144 1 59006.225 59232.087 59949.727 17.9861417551 18.2040570004 18.2737378641 17.9861417551 18.2040570004 18.2737378641
593045352 1 65356.979 65443.2 89615.89 13.2352722715 18.1239716884 18.1478814068 13.2352722715 18.1239716884 18.1478814068
652349880 1 72121.98 72353.607 97905.574 13.3261029653 18.0322697665 18.0901822163 13.3261029653 18.0322697665 18.0901822163
717584864 1 79120.483 79444.863 83919.134 17.1018176618 18.0649783234 18.1390415425 17.1018176618 18.0649783234 18.1390415425
789343344 1 86860.623 90777.712 145005.863 10.8870541876 17.3906860309 18.174940882 10.8870541876 17.3906860309 18.174940882
868277672 1 95563.177 95928.241 96327.444 18.0276281804 18.1026497088 18.1718042296 18.0276281804 18.1026497088 18.1718042296
955105432 1 104871.894 105159.084 105325.805 18.1362094883 18.1649629432 18.2147074029 18.1362094883 18.1649629432 18.2147074029
1050615968 1 115155.628 115913.251 116633.618 18.0156628254 18.127624908 18.2468887756 18.0156628254 18.127624908 18.2468887756

META_DATA
ERT_VERSION  1.1.0
TIMESTAMP_DATA  1560424784.36
MPI_PROCS      1
OPENMP_THREADS 1
CONFIG  {'ERT_WORKING_SET_MIN': ['1'], 'ERT_CFLAGS': ['-O3', '-march=native', '-fstrict-aliasing', '-ftree-vectorize'], 'ERT_CC': ['gcc'], 'ERT_MPI_CFLAGS': ['-I/usr/local/include'], 'ERT_MPI_LDFLAGS': ['-L/usr/local/lib', '-lmpi'], 'ERT_MEMORY_MAX': ['1073741824'], 'ERT_PROCS_THREADS': ['1-8'], 'ERT_LDFLAGS': [], 'ERT_LDLIBS': [], 'ERT_RUN': ['export', 'OMP_NUM_THREADS=ERT_OPENMP_THREADS;', 'mpirun', '-np', 'ERT_MPI_PROCS', 'ERT_CODE'], 'ERT_FLOPS': ['1,2,4,8,16'], 'ERT_OPENMP_CFLAGS': ['-fopenmp'], 'ERT_MPI': ['True'], 'ERT_TRIALS_MIN': ['1'], 'ERT_DRIVER': ['driver1'], 'ERT_RESULTS': ['Results.p100.01'], 'ERT_OPENMP': ['True'], 'ERT_MPI_PROCS': ['1,2,4,8'], 'ERT_KERNEL': ['kernel1'], 'ERT_GPU': [False], 'ERT_OPENMP_THREADS': ['1,2,4,8'], 'ERT_LD': ['gcc'], 'ERT_NUM_EXPERIMENTS': ['3'], 'ERT_OPENMP_LDFLAGS': ['-fopenmp'], 'ERT_ALIGN': ['32'], 'ERT_GNUPLOT': ['gnuplot']}
HOSTNAME  ('kcadmin-UniServer-R5200-G3', [], ['127.0.1.1'])
TIMESTAMP_DATA  1560424842.1
FLOPS          16
TIMESTAMP_DATA  1560424813.28
UNAME  ('Linux', 'kcadmin-UniServer-R5200-G3', '4.4.0-141-generic', '#167-Ubuntu SMP Wed Dec 5 10:40:15 UTC 2018', 'x86_64', 'x86_64')
