64 16777216 58265.912 58273.345 59841.89 35.8859596179 36.8519028383 36.8566040466 4.48574495224 4.60648785478 4.60707550583
128 8388608 29129.99 29140.927 30259.889 70.9679948925 73.6930451114 73.7207135327 8.87099936156 9.21163063893 9.21508919159
192 4194304 14596.672 15789.272 20028.4 80.4164454475 102.006776247 110.341092545 10.0520556809 12.7508470308 13.7926365681
256 4194304 14572.668 14598.145 14734.074 145.749481644 147.106611696 147.363794193 18.2186852055 18.388326462 18.4204742742
320 2097152 8093.564 8093.659 8100.025 165.700387344 165.830717603 165.832664077 20.7125484181 20.7288397003 20.7290830097
384 2097152 9710.375 9711.152 9716.189 165.765891956 165.851871745 165.865142798 20.7207364945 20.7314839681 20.7331428498
448 2097152 10521.466 10525.404 10527.205 178.494499917 178.525042079 178.591860868 22.3118124896 22.3156302599 22.3239826085
512 2097152 12139.446 12142.946 12188.631 176.187436308 176.850300413 176.901289235 22.0234295386 22.1062875516 22.1126611544
576 1048576 6473.839 6477.635 6561.549 184.096705214 186.481571129 186.590916456 23.0120881517 23.3101963911 23.323864557
640 1048576 7285.717 7286.236 7288.302 184.155003456 184.207220299 184.220342349 23.019375432 23.0259025373 23.0275427937
704 1048576 7689.422 7689.739 8259.095 178.759901418 191.995464085 192.003379188 22.3449876772 23.9994330107 24.0004223985
768 1048576 8498.325 8499.62 8971.658 179.522306356 189.492322716 189.521198118 22.4402882945 23.6865403395 23.6901497648
832 1048576 8903.02 8903.817 9714.941 179.602785442 195.964322268 195.98186503 22.4503481802 24.4955402835 24.4977331288
896 1048576 5260.215 5261.596 5344.507 351.584943569 357.125136936 357.218895425 43.9481179461 44.640642117 44.6523619282
960 1048576 6071.931 6074.315 6126.38 328.622436088 331.439169684 331.56930143 41.077804511 41.4298962105 41.4461626787
1024 1048576 6473.374 6477.605 6787.711 316.37817933 331.524328513 331.741012956 39.5472724163 41.4405410642 41.4676266194
1088 524288 3755.872 5650.252 7084.879 161.026135803 201.911470143 303.751216229 20.1282669753 25.2389337679 37.9689020286
1152 524288 4218.661 7232.121 7694.447 156.99108097 167.027010748 286.337193721 19.6238851213 20.8783763435 35.7921492151
1216 524288 4395.754 7751.126 8497.3 150.055713697 164.501056492 290.068192169 18.7569642122 20.5626320615 36.2585240211
1280 524288 4687.843 8263.245 8902.514 150.763849403 162.427385367 286.310202795 18.8454811753 20.3034231709 35.7887753493
1408 524288 3038.203 5573.538 5738.15 257.294599827 264.893682971 485.943502788 32.1618249784 33.1117103714 60.7429378485
1536 524288 3711.328 6532.3 6982.12 230.676748036 246.5613545 433.972081153 28.8345935046 30.8201693125 54.2465101441
1664 524288 4429.766 5022.171 7210.252 241.99299331 347.425538477 393.887727704 30.2491241638 43.4281923097 49.235965963
1792 524288 4971.219 5012.529 5066.063 370.908966588 374.870288431 377.985397948 46.3636208235 46.8587860539 47.2481747435
1920 524288 3446.343 3648.826 3857.194 521.950910429 551.757173403 584.174564168 65.2438638036 68.9696466754 73.0218205211
2112 262144 2136.264 2229.157 2274.494 486.831908987 496.733184787 518.333059959 60.8539886234 62.0916480984 64.7916324949
2304 262144 2607.639 2737.095 2828.304 427.096787333 441.329055806 463.238796475 53.3870984166 55.1661319757 57.9048495593
2496 262144 2139.172 2214.749 2261.536 578.643385734 590.867338917 611.742696707 72.3304232168 73.8584173647 76.4678370884
2688 262144 2422.377 2661.564 4705.277 299.511834054 529.495493627 581.778205457 37.4389792567 66.1869367034 72.7222756821
2944 262144 2225.681 3216.604 4142.854 372.570182777 479.855111789 693.497348452 46.5712728472 59.9818889736 86.6871685565
3200 262144 2780.801 3097.36 4177.71 401.58881301 541.661802309 603.323143224 50.1986016262 67.7077252886 75.415392903
3520 262144 2597.057 2621.972 2803.982 658.16890408 703.857157895 710.609647767 82.27111301 87.9821447369 88.8262059708
3840 262144 3234.891 3238.941 3241.344 621.120720294 621.581535446 622.359739478 77.6400900367 77.6976919308 77.7949674348
4224 131072 1567.443 1572.265 1689.7 655.321214417 704.26820924 706.434783274 81.9151518021 88.0335261549 88.3043479093
4608 131072 1517.073 1517.386 1520.27 794.569091017 796.079278443 796.243524207 99.3211363771 99.5099098054 99.5304405259
5056 131072 1567.895 1572.211 1579.95 838.887347068 843.016658705 845.337260467 104.860918383 105.377082338 105.667157558
5504 131072 1624.527 1629.368 1906.855 756.659827832 885.521610833 888.160415924 94.582478479 110.690201354 111.020051991
6016 131072 1719.027 1722.939 1737.727 907.540887608 915.330318717 917.413341384 113.442610951 114.41628984 114.676667673
6592 131072 1870.596 1874.737 1892.895 912.915533086 921.757690812 923.798216184 114.114441636 115.219711352 115.474777023
7232 131072 2123.222 2124.57 2245.535 844.264466152 892.333699525 892.90022805 105.533058269 111.541712441 111.612528506
7936 131072 2431.455 2434.627 2588.369 803.739646086 854.494254767 855.609001195 100.467455761 106.811781846 106.951125149
8704 65536 1163.314 1166.538 1243.268 917.622498126 977.979875495 980.690241844 114.702812266 122.247484437 122.58628023
9536 65536 1415.846 1416.565 1555.437 803.57005266 882.347503997 882.795580875 100.446256583 110.293438 110.349447609
10432 65536 1470.623 1503.704 1644.197 831.617564075 909.316663386 929.771330926 103.952195509 113.664582923 116.221416366
11456 65536 1542.417 1546.031 1547.868 970.083257745 971.235914416 973.511593817 121.260407218 121.404489302 121.688949227
12544 65536 1669.071 1672.057 1672.87 982.842162272 983.320047104 985.079225509 122.855270284 122.915005888 123.134903189
13760 65536 1643.503 1648.077 1648.854 1093.82075065 1094.3364418 1097.38206745 136.727593832 136.792055226 137.172758431
15104 65536 1924.737 1925.482 1926.819 1027.45067803 1028.1641106 1028.56207783 128.431334754 128.520513825 128.570259729
16576 32768 1025.956 1026.459 1131.465 960.104586532 1058.32257889 1058.84144739 120.013073316 132.290322361 132.355180924
18176 32768 1116.368 1121.123 1243.479 957.943267237 1062.49032087 1067.01583707 119.742908405 132.811290108 133.376979634
19968 32768 1139.146 1649.791 1699.644 769.939380247 793.205229026 1148.77535276 96.2424225308 99.1506536282 143.596919096
21952 32768 1771.144 1771.302 1776.033 810.033525278 812.197057306 812.269511683 101.25419066 101.524632163 101.53368896
24128 32768 1365.325 1693.833 1941.278 814.54207383 933.535128906 1158.15106879 101.817759229 116.691891113 144.768883599
26496 32768 2110.693 2119.834 2128.526 815.795464091 819.140487416 822.688025213 101.974433011 102.392560927 102.836003152
29120 32768 2282.508 2286.52 2287.122 834.414744819 834.634431363 836.101481353 104.301843102 104.32930392 104.512685169
32000 32768 2601.008 2609.138 2637.687 795.072349373 803.771973732 806.284332843 99.3840436716 100.471496717 100.785541605
35200 16384 1351.662 1378.483 1381.327 835.018500326 836.741258325 853.344697121 104.377312541 104.592657291 106.66808714
38720 16384 1703.299 1703.666 1844.309 687.941641016 744.733392578 744.893855982 85.992705127 93.0916740723 93.1117319977
42560 16384 1786.153 1795.94 1899.599 734.158146009 776.532668129 780.787580907 91.7697682511 97.0665835162 97.5984476134
46784 16384 1824.048 1831.033 1846.58 830.193174409 837.242208087 840.448339079 103.774146801 104.655276011 105.056042385
51456 16384 2148.63 2151.481 2153.675 782.899094803 783.697466071 784.737347985 97.8623868504 97.9621832589 98.0921684981
56576 16384 2331.793 2335.373 2424.657 764.595721374 793.827096571 795.045858702 95.5744651718 99.2283870714 99.3807323377
62208 16384 2533.369 2535.451 2543.328 801.482051863 803.972052309 804.632781091 100.185256483 100.496506539 100.579097636
68416 8192 1379.554 1386.131 1430.546 783.566375356 808.673742958 812.529081138 97.9457969195 101.08421787 101.566135142
75200 8192 1467.532 1490.429 1492.188 825.684699247 826.659169944 839.557024992 103.210587406 103.332396243 104.944628124
82688 8192 1630.736 1636.657 1774.566 763.431843053 827.76060714 830.766103158 95.4289803817 103.470075893 103.845762895
90944 8192 1781.331 1786.064 1923.424 774.673964763 834.251457954 836.468065733 96.8342455954 104.281432244 104.558508217
100032 8192 1932.068 1932.61 1943.218 843.407321258 848.036742022 848.274640437 105.425915157 106.004592753 106.034330055
110016 8192 2084.8 2084.875 2084.876 864.56083911 864.561253792 864.592356101 108.070104889 108.070156724 108.074044513
120960 8192 2300.355 2301.879 2305.498 859.601110042 860.952569618 861.522956239 107.450138755 107.619071202 107.69036953
133056 4096 1248.17 1248.288 1249.522 872.329380355 873.191724987 873.274275139 109.041172544 109.148965623 109.159284392
146304 4096 1371.501 1372.877 1373.413 872.659839393 873.000544113 873.876408402 109.082479924 109.125068014 109.23455105
160896 4096 1510.044 1511.677 1517.537 868.552155236 871.919088535 872.862004021 108.569019404 108.989886067 109.107750503
176960 4096 1660.447 1661.125 1661.152 872.681319951 872.695504553 873.051846882 109.085164994 109.086938069 109.13148086
194624 4096 1802.52 1806.602 4759.547 334.98141903 882.518566901 884.517124914 41.8726773788 110.314820863 110.564640614
214080 4096 1975.495 1980.324 5382.903 325.798804103 885.584055942 887.748822447 40.7248505128 110.698006993 110.968602806
235456 4096 2164.852 2204.522 5734.027 336.387594966 874.954095264 890.987260099 42.0484493707 109.369261908 111.373407512
258944 4096 2375.331 2377.549 6269.241 338.361413766 892.208424726 893.041537369 42.2951767208 111.526053091 111.630192171
284800 2048 1742.764 1746.172 3786.124 308.109507243 668.056067787 669.36246101 38.5136884053 83.5070084734 83.6703076263
313280 2048 2490.748 3897.222 4524.454 283.61320062 329.258861825 515.184546971 35.4516500776 41.1573577281 64.3980683714
344576 2048 2724.507 2750.14 4273.315 330.278319291 513.204162697 518.032545338 41.2847899113 64.1505203371 64.7540681672
379008 2048 2928.79 3021.482 5047.499 307.561580101 513.793154485 530.053970411 38.4451975127 64.2241443106 66.2567463014
416896 2048 3261.351 3936.069 5371.742 317.886826285 433.835386524 523.588542294 39.7358532856 54.2294233155 65.4485677868
458560 2048 3248.067 3626.775 5734.361 327.545084797 517.887588836 578.270632964 40.9431355996 64.7359486045 72.2838291205
504384 2048 3250.859 3932.298 4274.485 483.322988383 525.381561621 635.511064614 60.4153735479 65.6726952027 79.4388830767
554816 1024 2160.444 2160.916 2195.078 517.641363086 525.824774309 525.939653145 64.7051703857 65.7280967886 65.7424566432
610240 1024 2236.085 2384.082 2395.623 521.689564677 524.21498925 558.910560198 65.2111955846 65.5268736562 69.8638200247
671232 1024 2381.496 2644.14 2720.412 505.321670394 519.898014477 577.235122797 63.1652087993 64.9872518097 72.1543903496
738304 1024 2482.841 2867.395 2910.232 519.56221772 527.324136368 608.998559312 64.945277215 65.915517046 76.124819914
812096 1024 2803.391 3164.169 3214.244 517.438193242 525.626983894 593.27172271 64.6797741553 65.7033729867 74.1589653388
893248 1024 2934.662 3488.1 3503.712 522.123937127 524.46085376 623.367155741 65.2654921409 65.55760672 77.9208944676
982528 1024 3197.858 3837.928 3869.29 520.048211429 524.297835707 629.239116934 65.0060264286 65.5372294634 78.6548896167
1080768 512 1903.146 2164.984 2259.511 489.799090157 511.184577808 581.514204375 61.2248862696 63.8980722259 72.6892755469
1188800 512 2249.967 2371.436 2953.011 412.233886023 513.330825711 541.044024201 51.5292357529 64.1663532138 67.6305030252
1307648 512 2239.027 2694.597 3323.542 402.892923273 496.932028055 598.041717228 50.3616154091 62.1165035068 74.7552146535
1438400 512 2751.055 2810.877 2923.714 503.784433088 524.007845238 535.402454695 62.9730541359 65.5009806548 66.9253068368
1582208 512 2906.142 3072.71 3359.655 482.246240165 527.280801638 557.502349163 60.2807800206 65.9101002047 69.6877936453
1740416 512 2990.048 3364.882 3377.628 527.644247383 529.642936662 596.039255557 65.9555309229 66.2053670827 74.5049069446
1914432 512 3084.067 3705.259 3708.917 528.558166171 529.079982803 635.647139962 66.0697707714 66.1349978504 79.4558924952
2105856 256 1837.779 2040.207 2109.393 511.141485726 528.474940043 586.685489387 63.8926857157 66.0593675054 73.3356861734
2316416 256 1989.772 2024.277 2494.845 475.382234969 585.890662197 596.050699276 59.4227793711 73.2363327746 74.5063374095
2548032 256 2148.613 2258.553 2683.461 486.16036678 577.623099392 607.178856313 60.7700458475 72.2028874239 75.8973570392
2802816 256 2333.829 2550.563 2707.586 530.007834285 562.637265576 614.887291228 66.2509792856 70.329658197 76.8609114035
3083072 256 2534.306 2834.731 3080.975 512.348481893 556.854553042 622.86593016 64.0435602366 69.6068191303 77.85824127
3391360 256 2946.539 3163.413 3590.972 483.539364829 548.89333767 589.293513509 60.4424206037 68.6116672088 73.6616891886
3730496 256 3190.071 3237.5 3788.505 504.160335541 589.965699459 598.737129048 63.0200419427 73.7457124324 74.842141131
4103488 256 3571.063 3935.632 3952.093 531.613465574 533.836968497 588.33626178 66.4516831967 66.7296210621 73.5420327225
4513792 128 1941.249 2171.523 2182.325 529.495263996 532.129179382 595.251176948 66.1869079995 66.5161474228 74.4063971186
4965120 128 2147.524 2394.138 2412.141 526.947106326 530.909546567 591.877306144 65.8683882907 66.3636933209 73.984663268
5461632 128 2343.288 2636.45 2740.302 510.227628926 530.325927668 596.673474195 63.7784536157 66.2907409585 74.5841842744
6007744 128 2651.66 2907.738 2997.341 513.115612805 528.927456325 580.007415732 64.1394516006 66.1159320406 72.5009269665
6608512 128 2889.058 3307.995 3403.448 497.077984444 511.42129054 585.581553572 62.1347480555 63.9276613175 73.1976941965
7269312 128 3480.782 3882.755 4127.65 450.848272504 479.284392654 534.633847222 56.356034063 59.9105490818 66.8292309027
7996224 128 4128.512 4705.902 5012.294 408.402488761 434.992769505 495.828362374 51.0503110951 54.3740961881 61.9785452967
8795840 64 2592.303 2863.083 3012.415 373.742502278 393.236074539 434.311698902 46.7178127848 49.1545093174 54.2889623628
9675392 64 2991.074 3202.779 3371.355 367.344932824 386.679872698 414.048658107 45.918116603 48.3349840873 51.7560822634
10642880 64 3439.588 3847.222 3910.457 348.370699384 354.096706663 396.061574817 43.546337423 44.2620883328 49.5076968521
11707136 64 4067.716 4705.317 4706.046 318.423026039 318.472359673 368.391846432 39.8028782549 39.8090449591 46.048980804
12877824 64 4834.062 5384.566 5454.089 302.224894387 306.127080994 340.988897536 37.7781117983 38.2658851243 42.623612192
14165568 64 5656.811 6088.039 6175.074 293.630927176 297.828693936 320.532664782 36.703865897 37.228586742 40.0665830978
15582080 64 6736.095 6928.599 7025.884 283.879756626 287.865734472 296.09235618 35.4849695782 35.9832168091 37.0115445225
17140288 32 3645.201 3727.196 4021.543 272.775507311 294.317345264 300.937707413 34.0969384139 36.789668158 37.6172134266
18854272 32 4133.864 4138.413 4327.739 278.823054717 291.578778628 291.899638692 34.8528818397 36.4473473286 36.4874548364
20739648 32 4576.611 4586.784 4805.284 276.224562794 289.383034387 290.026281893 34.5280703492 36.1728792984 36.2532852366
22813568 32 5108.201 5212.549 5428.125 268.982079816 280.10640322 285.828289059 33.622759977 35.0133004025 35.7285361324
25094912 32 5672.269 5787.322 6218.439 258.276131357 277.515985459 283.144958041 32.2845164196 34.6894981824 35.3931197551
27604352 32 6408.162 7343.501 8635.151 204.591503727 240.577148148 275.69192664 25.5739379659 30.0721435185 34.46149083
30364736 32 6932.063 7402.808 16804.875 115.641628039 262.514319431 280.341235214 14.4552035049 32.8142899289 35.0426544017
33401152 32 7403.504 7955.212 9969.517 214.420992311 268.713609141 288.738106713 26.8026240389 33.5892011426 36.0922633391
36741248 16 4451.39 4506.374 7042.805 166.939157907 260.901544346 264.124225467 20.8673947383 32.6126930432 33.0155281833
40415360 16 5420.398 5557.967 9517.371 135.887475648 232.69147154 238.597150984 16.9859344561 29.0864339425 29.824643873
44456896 16 7264.63 7454.712 12309.861 115.567565873 190.835094904 195.828372815 14.4459457341 23.854386863 24.4785466018
48902528 16 9515.2 9644.384 12342.585 126.787127332 162.258252678 164.461166975 15.8483909165 20.2822815848 20.5576458719
53792768 16 12188.264 12225.498 12478.562 137.946069106 140.801509763 141.23164513 17.2432586383 17.6001887203 17.6539556413
59172032 16 14978.983 15168.876 19990.137 94.7219633362 124.828301319 126.410786634 11.840245417 15.6035376649 15.8013483292
65089216 16 18029.125 18398.902 23201.668 89.7717746845 113.20539193 115.527232298 11.2214718356 14.1506739913 14.4409040372
71598080 8 10531.139 11026.467 12680.201 90.343148346 103.89268657 108.779238409 11.2928935432 12.9865858212 13.5974048011
78757888 8 12563.023 12914.412 15540.235 81.0879763401 97.5751902603 100.304378015 10.1359970425 12.1968987825 12.5380472518
86633664 8 14766.743 15104.389 17490.949 79.2489089071 91.7705856225 93.8689475398 9.90611361339 11.4713232028 11.7336184425
95297024 8 17122.562 17202.156 20728.154 73.5594874488 88.6372838381 89.0493130642 9.1949359311 11.0796604798 11.131164133
104826688 8 20282.604 20871.627 23044.003 72.783665581 80.3591884811 82.6928834187 9.09795819763 10.0448985601 10.3366104273
115309312 8 23067.368 23446.039 26383.56 69.9279775739 78.6891547864 79.9809060141 8.74099719674 9.83614434831 9.99761325176
126840192 8 25852.854 25939.83 29780.158 68.1474917628 78.2365602242 78.4997691938 8.51843647035 9.77957002802 9.81247114922
139524160 4 14863.749 14916.044 16714.856 66.7785160698 74.8317234784 75.0950032862 8.34731450872 9.3539654348 9.38687541077
153476544 4 16508.295 16813.94 18823.395 65.2279969687 73.0234764725 74.3754792363 8.15349962108 9.12793455906 9.29693490454
168824192 4 18629.817 18866.111 20542.042 65.7477740528 71.5883382643 72.4963393897 8.21847175661 8.94854228304 9.06204242371
185706560 4 20949.314 21317.871 22788.639 65.1926813181 69.6904714359 70.9165216579 8.14908516476 8.71130892949 8.86456520724
204277184 4 23353.353 23424.988 25698.298 63.5924399351 69.7638552472 69.9778516601 7.94905499189 8.7204819059 8.74723145751
224704896 4 25785.048 26332.543 29574.204 60.7840254297 68.2668274006 69.7163397951 7.59800317872 8.53335342508 8.71454247438
247175360 4 28692.216 29578.45 31303.708 63.1683275349 66.8528229167 68.91774689 7.89604094186 8.35660286459 8.61471836124
271892864 2 16357.934 17103.386 17418.607 62.4373381867 63.5880787582 66.4858689367 7.80466727334 7.94850984478 8.31073361709
299082112 2 18962.832 19173.477 26435.281 45.2549926744 62.3949661295 63.088068702 5.6568740843 7.79937076619 7.88600858775
328990272 2 20214.11 21322.986 23390.886 56.2595657129 61.7156099995 65.1011144196 7.03244571411 7.71445124993 8.13763930245
361889280 2 22295.983 22458.916 23577.108 61.396720921 64.4535613384 64.9245704933 7.67459011512 8.0566951673 8.11557131166
398078208 2 24597.308 25039.359 26024.228 61.1857854919 63.5923959555 64.7352479385 7.64822318649 7.94904949444 8.09190599231
437886016 2 27256.403 27800.109 28692.663 61.0450157241 63.0049351245 64.2617466435 7.63062696551 7.87561689057 8.03271833044
481674560 2 29833.709 30643.285 32987.748 58.4064798846 62.8750553343 64.581250692 7.30080998557 7.85938191679 8.0726563365
529841984 2 33181.887 33915.615 37370.472 56.7123673471 62.4894443459 63.8712299876 7.08904591839 7.81118054324 7.98390374845
582826176 1 29889.77 30767.423 32538.385 35.8239154156 37.8859273329 38.998371416 4.47798942695 4.73574091662 4.874796427
641108736 1 33331.084 33795.182 39686.602 32.3085728529 37.9408364186 38.4691200562 4.03857160661 4.74260455233 4.80864000703
705219584 1 36291.003 37344.264 48145.638 29.2952638409 37.7685624759 38.8647061642 3.66190798012 4.72107030949 4.85808827053
775741504 1 41074.934 42205.738 58842.68 26.3666272168 36.7600018746 37.7720146306 3.29582840211 4.59500023433 4.72150182883
853315648 1 43357.749 44462.338 48790.058 34.9790790575 38.3837506701 39.3616212871 4.37238488218 4.79796883376 4.92020266089
938647168 1 47687.722 50278.49 52486.89 35.766918863 37.3379219623 39.3664083178 4.47086485787 4.66724024528 4.92080103973
1032511872 1 52603.341 53561.383 57599.053 35.8516961034 38.5543394949 39.2565130797 4.48146201293 4.81929243687 4.90706413496

META_DATA
ERT_VERSION  1.1.0
HOSTNAME  ('kcadmin-UniServer-R5200-G3', [], ['127.0.1.1'])
FLOPS          2
CONFIG  {'ERT_WORKING_SET_MIN': ['1'], 'ERT_CFLAGS': ['-O3', '-march=native', '-fstrict-aliasing', '-ftree-vectorize'], 'ERT_CC': ['gcc'], 'ERT_MPI_CFLAGS': ['-I/usr/local/include'], 'ERT_MPI_LDFLAGS': ['-L/usr/local/lib', '-lmpi'], 'ERT_MEMORY_MAX': ['1073741824'], 'ERT_PROCS_THREADS': ['1-8'], 'ERT_LDFLAGS': [], 'ERT_LDLIBS': [], 'ERT_RUN': ['export', 'OMP_NUM_THREADS=ERT_OPENMP_THREADS;', 'mpirun', '-np', 'ERT_MPI_PROCS', 'ERT_CODE'], 'ERT_FLOPS': ['1,2,4,8,16'], 'ERT_OPENMP_CFLAGS': ['-fopenmp'], 'ERT_MPI': ['True'], 'ERT_TRIALS_MIN': ['1'], 'ERT_DRIVER': ['driver1'], 'ERT_RESULTS': ['Results.p100.01'], 'ERT_OPENMP': ['True'], 'ERT_MPI_PROCS': ['1,2,4,8'], 'ERT_KERNEL': ['kernel1'], 'ERT_GPU': [False], 'ERT_OPENMP_THREADS': ['1,2,4,8'], 'ERT_LD': ['gcc'], 'ERT_NUM_EXPERIMENTS': ['3'], 'ERT_OPENMP_LDFLAGS': ['-fopenmp'], 'ERT_ALIGN': ['32'], 'ERT_GNUPLOT': ['gnuplot']}
TIMESTAMP_DATA  1560424343.87
OPENMP_THREADS 4
MPI_PROCS      2
TIMESTAMP_DATA  1560424340.58
TIMESTAMP_DATA  1560424346.99
UNAME  ('Linux', 'kcadmin-UniServer-R5200-G3', '4.4.0-141-generic', '#167-Ubuntu SMP Wed Dec 5 10:40:15 UTC 2018', 'x86_64', 'x86_64')
