64 16777216 90871.752 91274.095 92312.76 23.2631290409 23.5278547325 23.632026463 5.81578226022 5.88196368312 5.90800661574
128 8388608 39183.439 42082.897 42083.367 51.0292735845 51.0298435015 54.8059002172 12.7573183961 12.7574608754 13.7014750543
192 4194304 19599.98 21044.246 21956.769 73.3538133958 76.5345898352 82.1742030349 18.3384533489 19.1336474588 20.5435507587
256 4194304 19578.931 21046.232 21047.488 102.030401348 102.036490332 109.6833963 25.5076003369 25.5091225831 27.420849075
320 2097152 9916.877 10522.383 10522.927 127.547903734 127.554497874 135.342737436 31.8869759336 31.8886244684 33.8356843591
384 2097152 11441.702 12139.426 12150.576 132.55443495 132.676185513 140.766883808 33.1386087376 33.1690463783 35.191720952
448 2097152 13762.26 13861.044 14039.483 133.840269759 135.563251368 136.536309589 33.4600674398 33.8908128421 34.1340773972
512 2097152 15516.861 24577.791 25701.654 83.5542976339 87.3749657974 138.396783215 20.8885744085 21.8437414493 34.5991958038
576 1048576 8010.642 13816.63 14285.401 84.5590230194 87.4279438619 150.794349816 21.1397557548 21.8569859655 37.698587454
640 1048576 8700.945 11978.099 14710.947 91.2366335084 112.052612021 154.256495128 22.8091583771 28.0131530053 38.564123782
704 1048576 9323.49 9555.076 10113.972 145.975785577 154.514208783 158.352184429 36.4939463942 38.6285521957 39.5880461072
768 1048576 10517.133 11119.906 18833.301 85.5194071395 144.840499191 153.141805471 21.3798517849 36.2101247978 38.2854513678
832 1048576 10933.939 11761.03 20602.156 84.6916441172 148.356943567 159.579312085 21.1729110293 37.0892358918 39.8948280213
896 1048576 6156.471 6509.117 12264.845 153.20602845 288.67943102 305.215145495 38.3015071124 72.1698577549 76.3037863737
960 1048576 6956.811 7152.458 8444.547 238.410174045 281.478887398 289.394942597 59.6025435112 70.3697218495 72.3487356491
1024 1048576 7684.89 7744.518 7923.983 271.01063291 277.290807252 279.442340489 67.7526582276 69.3227018131 69.8605851222
1088 524288 4151.125 4172.742 5978.877 190.813540402 273.405518002 274.829278328 47.7033851006 68.3513795006 68.707319582
1152 524288 4514.186 4621.288 6913.527 174.724066602 261.390234065 267.591887441 43.6810166504 65.3475585162 66.8979718603
1216 524288 5335.505 5543.815 5667.3 224.986927814 229.998370436 238.978019138 56.2467319535 57.4995926091 59.7445047845
1280 524288 5329.232 5396.771 5721.908 234.568133567 248.700061574 251.851914122 58.6420333917 62.1750153935 62.9629785305
1408 524288 3438.015 3454.09 4025.044 366.802203404 427.433856095 429.43239282 91.7005508511 106.858464024 107.358098205
1536 524288 4170.651 4258.03 4650.022 346.366691598 378.253026869 386.177778002 86.5916728996 94.5632567173 96.5444445004
1664 524288 5297.108 5311.421 5869.387 297.276438579 328.505396955 329.39303182 74.3191096447 82.1263492387 82.3482579551
1792 524288 5725.408 5742.103 6067.84 309.673325599 327.240419059 328.194635561 77.4183313996 81.8101047648 82.0486588903
1920 524288 3966.13 4016.21 4256.322 473.006017872 501.285022447 507.614707536 118.251504468 125.321255612 126.903676884
2112 262144 2652.871 2773.383 2923.082 378.811219117 399.258326744 417.39543913 94.7028047793 99.814581686 104.348859782
2304 262144 3022.893 3152.362 3238.692 372.977594659 383.191889764 399.603807346 93.2443986646 95.797972441 99.9009518365
2496 262144 2338.491 2372.338 2520.133 519.267375174 551.617369869 559.601404495 129.816843794 137.904342467 139.900351124
2688 262144 2882.579 2886.096 3042.343 463.223950751 488.301894324 488.897665597 115.805987688 122.075473581 122.224416399
2944 262144 2318.162 2321.052 2430.161 635.144696997 665.001849162 665.830891888 158.786174249 166.25046229 166.457722972
3200 262144 3065.074 3195.707 3234.77 518.652516253 524.992309996 547.367404506 129.663129063 131.248077499 136.841851127
3520 262144 2865.739 3035.785 3065.81 601.959599584 607.913195434 643.985289658 150.489899896 151.978298858 160.996322415
3840 262144 3616.721 3997.402 5287.527 380.757567763 503.643596516 556.655025367 95.1893919407 125.910899129 139.163756342
4224 131072 1843.572 1857.735 1925.124 575.181783615 596.046398437 600.625446687 143.795445904 149.011599609 150.156361672
4608 131072 1740.321 1768.942 1873.9 644.623273387 682.871203239 694.101577812 161.155818347 170.71780081 173.525394453
5056 131072 1717.385 1812.112 1886.572 702.544119175 731.411780287 771.754769024 175.636029794 182.852945072 192.938692256
5504 131072 2302.862 2332.908 2628.464 548.929175366 618.472985647 626.54235295 137.232293842 154.618246412 156.635588238
6016 131072 2606.057 2712.675 2791.569 564.936171737 581.366475527 605.151116802 141.234042934 145.341618882 151.287779201
6592 131072 2525.351 2659.156 2924.719 590.844196656 649.850271289 684.282401931 147.711049164 162.462567822 171.070600483
7232 131072 2856.485 3135.054 3459.96 547.93275298 604.718581562 663.691707816 136.983188245 151.17964539 165.922926954
7936 131072 2729.126 2963.503 3302.327 629.972375237 701.998541591 762.28608866 157.493093809 175.499635398 190.571522165
8704 65536 1730.727 1919.69 1934.777 589.654873921 594.289019581 659.174259141 147.41371848 148.572254895 164.793564785
9536 65536 1564.727 1592.108 1599.467 781.449440345 785.061435531 798.799146433 195.362360086 196.265358883 199.699786608
10432 65536 2527.176 2679.247 2891.489 472.88545936 510.34604275 541.055749184 118.22136484 127.586510688 135.263937296
11456 65536 2326.978 2524.447 2589.599 579.842991907 594.807826031 645.283639123 144.960747977 148.701956508 161.320909781
12544 65536 2306.341 2403.368 2705.433 607.727919339 684.109619501 712.88988402 151.931979835 171.027404875 178.222471005
13760 65536 2179.472 2222.829 2559.988 704.515302415 811.376277707 827.517270238 176.128825604 202.844069427 206.879317559
15104 65536 2614.25 2759.652 3066.386 645.61718192 717.377222925 757.277034714 161.40429548 179.344305731 189.319258678
16576 32768 1691.129 1789.234 1884.68 576.397444659 607.145144794 642.366570498 144.099361165 151.786286198 160.591642625
18176 32768 1580.591 1715.885 1734.149 686.897340425 694.208723778 753.630974743 171.724335106 173.552180945 188.407743686
19968 32768 1799.993 1850.341 2031.02 644.318051029 707.233341314 727.015520616 161.079512757 176.808335328 181.753880154
21952 32768 1921.122 2147.95 2307.161 623.556948128 669.776424963 748.857319837 155.889237032 167.444106241 187.214329959
24128 32768 1954.26 1969.307 2044.901 773.266093566 802.948757101 809.131133012 193.316523392 200.737189275 202.282783253
26496 32768 1916.794 2135.886 2136.95 812.579543742 812.984333434 905.909480101 203.144885936 203.246083358 226.477370025
29120 32768 2246.345 2255.422 2343.331 814.399809502 846.142460258 849.561541081 203.599952375 211.535615064 212.39038527
32000 32768 2331.102 2373.599 2744.378 764.162954229 883.532559628 899.639741204 191.040738557 220.883139907 224.909935301
35200 16384 1307.65 1310.867 1475.924 781.499318393 879.90131722 882.065996253 195.374829598 219.975329305 220.516499063
38720 16384 1597.856 1769.13 1872.382 677.627193596 717.175651309 794.0496265 169.406798399 179.293912827 198.512406625
42560 16384 1653.06 1841.433 1969.441 708.122802359 757.348260838 843.651216532 177.03070059 189.33706521 210.912804133
46784 16384 1680.057 1885.354 1954.632 784.30011992 813.119505409 912.479821816 196.07502998 203.279876352 228.119955454
51456 16384 2166.972 2200.531 2204.491 764.852389055 766.228791142 778.095059835 191.213097264 191.557197785 194.523764959
56576 16384 2109.103 2144.856 2403.805 771.228268516 864.338849788 878.990911302 192.807067129 216.084712447 219.747727826
62208 16384 2230.367 2273.995 2656.508 767.335066937 896.40994989 913.944540966 191.833766734 224.102487472 228.486135241
68416 8192 1335.431 1373.1 1418.303 790.3302355 816.348222271 839.375260871 197.582558875 204.087055568 209.843815218
75200 8192 1443.305 1489.005 1510.911 815.45292873 827.449739927 853.649644393 203.863232182 206.862434982 213.412411098
82688 8192 1536.993 1560.959 1660.102 816.070453502 867.902483025 881.435499056 204.017613376 216.975620756 220.358874764
90944 8192 1638.623 1653.368 1833.754 812.555280588 901.206806954 909.316234424 203.138820147 225.301701739 227.329058606
100032 8192 1749.322 1769.215 2523.753 649.399639347 926.356767267 936.891142969 162.349909837 231.589191817 234.222785742
110016 8192 1923.4 1961.321 2714.517 664.023155501 919.024547231 937.143674743 166.005788875 229.756136808 234.285918686
120960 8192 2112.011 2192.134 2995.86 661.515771765 904.054514916 938.351476389 165.378942941 226.013628729 234.587869097
133056 4096 1222.676 1285.68 1316.68 827.835732296 847.796303901 891.482904711 206.958933074 211.949075975 222.870726178
146304 4096 1309.365 1497.607 1510.365 793.531608585 800.291643936 915.346269375 198.382902146 200.072910984 228.836567344
160896 4096 1415.306 1523.683 1676.919 786.001012571 865.048722077 931.289793161 196.500253143 216.262180519 232.82244829
176960 4096 1549.862 1677.877 1858.861 779.86267935 863.98247309 935.34541785 194.965669838 215.995618272 233.836354463
194624 4096 1819.054 1840.895 1948.893 818.084834827 866.078623713 876.477448168 204.521208707 216.519655928 219.119362042
214080 4096 1795.027 1992.829 2184.459 802.827317885 880.027016869 977.001103605 200.706829471 220.006754217 244.250275901
235456 4096 1963.363 2174.908 2215.045 870.797456485 886.867652333 982.42431583 217.699364121 221.716913083 245.606078957
258944 4096 2182.884 2407.107 2502.691 847.595347568 881.252577472 971.773693884 211.898836892 220.313144368 242.943423471
284800 2048 1745.206 1841.841 1943.386 600.262016913 633.355865137 668.425847722 150.065504228 158.338966284 167.106461931
313280 2048 2210.31 2529.736 2542.456 504.706818918 507.244582043 580.549732843 126.17670473 126.811145511 145.137433211
344576 2048 2413.984 2786.909 2835.491 497.756224936 506.433219025 584.669697894 124.439056234 126.608304756 146.167424473
379008 2048 2558.145 3019.334 3085.004 503.213859042 514.158674728 606.852531033 125.80346476 128.539668682 151.713132758
416896 2048 2803.936 3328.396 3333.622 512.237445037 513.041722199 609.003206921 128.059361259 128.26043055 152.25080173
458560 2048 3442.667 3703.477 3760.811 499.429979332 507.161718569 545.583339893 124.857494833 126.790429642 136.395834973
504384 2048 3300.983 3992.448 4085.574 505.671140457 517.466192171 625.861103798 126.417785114 129.366548043 156.46527595
554816 1024 2009.06 2202.874 2275.493 499.348127197 515.809423508 565.569553921 124.837031799 128.952355877 141.39238848
610240 1024 2118.318 2422.649 2543.773 491.306228976 515.869826789 589.982958177 122.826557244 128.967456697 147.495739544
671232 1024 2287.324 2667.243 2720.012 505.395982077 515.394786302 601.000617315 126.348995519 128.848696575 150.250154329
738304 1024 2480.938 2934.937 3086.282 489.924962139 515.188773047 609.465690799 122.481240535 128.797193262 152.3664227
812096 1024 2711.582 3234.479 3291.018 505.367217074 514.201084008 613.358772849 126.341804268 128.550271002 153.339693212
893248 1024 3104.699 3567.473 5777.569 316.633501737 512.792081117 589.226815224 79.1583754344 128.198020279 147.306703806
982528 1024 3826.001 3846.35 3923.154 512.908069375 523.149828799 525.932257728 128.227017344 130.7874572 131.483064432
1080768 512 2110.029 2173.663 2231.381 495.973763333 509.143520408 524.498209266 123.993440833 127.285880102 131.124552317
1188800 512 2308.904 2316.294 2450.079 496.853856549 525.551246949 527.233354007 124.213464137 131.387811737 131.808338502
1307648 512 2539.054 2544.924 2617.577 511.55383471 526.157776028 527.37419212 127.888458678 131.539444007 131.84354803
1438400 512 2797.142 2809.661 2901.229 507.688844969 524.234631865 526.580917236 126.922211242 131.058657966 131.645229309
1582208 512 2876.816 3062.064 3152.604 513.918332908 529.114019825 563.185477278 128.479583227 132.278504956 140.796369319
1740416 512 3271.269 3375.734 3602.588 494.696030742 527.940289134 544.799582058 123.674007686 131.985072284 136.199895515
1914432 512 3085.306 3710.757 3843.701 510.023638155 528.296077593 635.391876203 127.505909539 132.074019398 158.847969051
2105856 256 1832.315 1851.016 2174.647 495.803811837 582.489979557 588.434997258 123.950952959 145.622494889 147.108749314
2316416 256 1986.257 2037.906 2239.118 529.675073846 581.972373603 597.105506488 132.418768462 145.493093401 149.276376622
2548032 256 2140.681 2321.592 2461.505 529.997860658 561.938697239 609.428674333 132.499465165 140.48467431 152.357168583
2802816 256 2351.746 2704.173 2813.585 510.040319379 530.676769571 610.202714069 127.510079845 132.669192393 152.550678517
3083072 256 2555.262 2678.515 2972.877 530.978195196 589.33135114 617.757734432 132.744548799 147.332837785 154.439433608
3391360 256 2762.703 3168.917 3269.027 531.159981242 547.939980757 628.506328766 132.789995311 136.984995189 157.126582191
3730496 256 3012.359 3614.581 3731.644 511.842488726 528.419186622 634.059204763 127.960622182 132.104796656 158.514801191
4103488 256 3280.994 3681.051 3944.793 532.597237929 570.757062589 640.350410882 133.149309482 142.689265647 160.08760272
4513792 128 1941.593 2125.871 2343.412 493.09756543 543.556383242 595.145713855 123.274391358 135.889095811 148.786428464
4965120 128 2191.896 2388.309 2559.304 496.64702591 532.205305092 579.895542489 124.161756478 133.051326273 144.973885622
5461632 128 2316.439 2505.904 2817.854 496.18532117 557.953453923 603.58929892 124.046330292 139.488363481 150.89732473
6007744 128 2601.923 2900.914 2994.939 513.527141621 530.1716852 591.094534312 128.381785405 132.5429213 147.773633578
6608512 128 3092.664 3371.345 3638.266 464.995982152 501.811316255 547.029703841 116.248995538 125.452829064 136.75742596
7269312 128 3375.502 3864.728 3967.75 469.017420956 481.520011758 551.308774813 117.254355239 120.380002939 137.827193703
7996224 128 4031.772 4657.801 4704.655 435.108067223 439.484929476 507.725472571 108.777016806 109.871232369 126.931368143
8795840 64 2434.681 2665.748 2937.641 383.25565309 422.345818134 462.429172446 95.8139132726 105.586454534 115.607293112
9675392 64 2953.441 3108.592 3592.888 344.694901706 398.395857674 419.324501827 86.1737254265 99.5989644186 104.831125457
10642880 64 3686.786 4201.276 5972.675 228.086852206 324.255926057 369.505753792 57.0217130515 81.0639815142 92.376438448
11707136 64 4456.81 4490.521 4706.206 318.412200401 333.705912521 336.230040769 79.6030501002 83.4264781303 84.0575101923
12877824 64 4868.7 5363.782 5446.06 302.670457542 307.313286036 338.562957668 75.6676143854 76.828321509 84.6407394171
14165568 64 5597.931 5871.504 6015.886 301.400775214 308.812308397 323.904082419 75.3501938035 77.2030770992 80.9760206048
15582080 64 6466.123 6597.228 11281.43 176.795516171 302.324891606 308.454732457 44.1988790428 75.5812229015 77.1136831143
17140288 32 3567.312 3626.614 3787.434 289.636316303 302.480063222 307.508407451 72.4090790757 75.6200158054 76.8771018627
18854272 32 3982.403 4071.278 4171.891 289.238958544 296.386885887 303.001330604 72.3097396361 74.0967214717 75.7503326509
20739648 32 4469.142 4525.567 4633.777 286.448284412 293.297496645 297.000514193 71.6120711031 73.3243741613 74.2501285482
22813568 32 4849.015 4905.581 5530.175 264.018471748 297.634133857 301.106173522 66.004617937 74.4085334642 75.2765433805
25094912 32 5442.946 5493.84 5640.631 284.733103087 292.340943311 295.074462984 71.1832757718 73.0852358278 73.768615746
27604352 32 6084.181 6373.232 6455.564 273.667572345 277.202921218 290.3724475 68.4168930863 69.3007303045 72.5931118749
30364736 32 6709.786 7235.706 7287.943 266.651797908 268.576847097 289.628179498 66.662949477 67.1442117742 72.4070448745
33401152 32 7673.739 8167.193 8828.505 242.13315029 261.739097876 278.5700332 60.5332875725 65.434774469 69.6425083001
36741248 16 4513.109 4773.288 5428.107 216.598518784 246.312381738 260.512195916 54.149629696 61.5780954344 65.1280489791
40415360 16 5436.816 6031.494 6951.233 186.052103274 214.42307992 237.876639563 46.5130258186 53.60576998 59.4691598906
44456896 16 7378.799 7713.737 8700.313 163.513734736 184.426909033 192.798404185 40.8784336839 46.1067272581 48.1996010462
48902528 16 9590.773 9665.52 19966.218 78.3764304286 161.903435718 163.165252269 19.5941076072 40.4758589295 40.7913130673
53792768 16 11844.772 12016.356 12195.083 141.152674074 143.252128682 145.327286671 35.2881685184 35.8130321705 36.3318216678
59172032 16 14610.218 14698.167 14945.872 126.690836373 128.825929383 129.60142169 31.6727090932 32.2064823457 32.4003554225
65089216 16 17567.789 18105.832 18631.813 111.790243494 115.037790696 118.561015959 27.9475608734 28.7594476741 29.6402539898
71598080 8 10445.796 10707.172 10791.147 106.158249906 106.990835675 109.667973604 26.5395624765 26.7477089188 27.416993401
78757888 8 12386.865 12497.633 13035.803 96.6665580939 100.829189655 101.730842146 24.1666395235 25.2072974138 25.4327105365
86633664 8 14322.978 14584.616 14933.234 92.8224002919 95.0411463696 96.7772640578 23.205600073 23.7602865924 24.1943160144
95297024 8 16638.955 16877.556 18503.48 82.4035470085 90.3420130261 91.6375087258 20.6008867521 22.5855032565 22.9093771814
104826688 8 19126.389 19417.837 21443.357 78.216624757 86.3755838511 87.691775379 19.5541561893 21.5938959628 21.9229438448
115309312 8 21899.705 22054.572 24135.578 76.4410527894 83.6538107382 84.2453810223 19.1102631973 20.9134526845 21.0613452556
126840192 8 24981.745 25284.123 26386.883 76.9110573613 80.2655117601 81.2370421682 19.2277643403 20.06637794 20.309260542
139524160 4 14256.251 15484.349 19432.326 57.4400244212 72.0852571845 78.2950075725 14.3600061053 18.0213142961 19.5737518931
153476544 4 15982.087 16047.441 17484.08 70.2245901414 76.5114108848 76.8242815848 17.5561475354 19.1278527212 19.2060703962
168824192 4 17936.297 18012.564 26034.105 51.8778554515 74.9806377371 75.2994632058 12.9694638629 18.7451594343 18.8248658015
185706560 4 20204.567 20248.931 21362.802 69.5438959739 73.3694277491 73.5305280237 17.3859739935 18.3423569373 18.3826320059
204277184 4 22668.41 23668.841 27321.856 59.8135599573 69.045099082 72.0922849022 14.9533899893 17.2612747705 18.0230712256
224704896 4 25127.483 25269.051 26603.575 67.5713383634 71.1399556715 71.5407575044 16.8928345908 17.7849889179 17.8851893761
247175360 4 28237.243 29630.307 36757.728 53.7955686489 66.7358215357 70.0281851171 13.4488921622 16.6839553839 17.5070462793
271892864 2 15731.654 15862.34 16534.772 65.7748081437 68.5631159085 69.1326834419 16.4437020359 17.1407789771 17.2831708605
299082112 2 17470.547 17657.607 21211.751 56.3993254494 67.7514483135 68.4768741357 14.0998313623 16.9378620784 17.1192185339
328990272 2 19435.135 19733.03 20419.176 64.4473159936 66.6882424037 67.7104166243 16.1118289984 16.6720606009 16.9276041561
361889280 2 21597.348 22519.592 22859.829 63.3231823388 64.27989992 67.0247624847 15.8307955847 16.06997498 16.7561906212
398078208 2 23896.42 25262.033 31065.241 51.2570571077 63.0318562247 66.6339490183 12.8142642769 15.7579640562 16.6584872546
437886016 2 27975.139 28385.461 35051.28 49.9709016047 61.7056761558 62.6107367688 12.4927254012 15.426419039 15.6526841922
481674560 2 29536.232 30972.079 31125.737 61.900485762 62.2075850962 65.2316869667 15.4751214405 15.5518962741 16.3079217417
529841984 2 32568.01 33953.323 34114.577 62.1249953063 62.4200446006 65.0751438605 15.5312488266 15.6050111502 16.2687859651
582826176 1 33264.511 33387.844 38367.891 30.3809336823 34.9124774873 35.0419205621 7.59523342057 8.72811937183 8.76048014053
641108736 1 35193.087 36470.461 39487.586 32.4714068872 35.1576985002 36.4337880334 8.1178517218 8.78942462504 9.10844700836
705219584 1 43565.071 44242.119 45237.351 31.1786419147 31.8800093639 32.3754589543 7.79466047868 7.97000234098 8.09386473857
775741504 1 41370.05 44814.605 62176.894 24.9527261365 34.6200308582 37.502565455 6.23818153412 8.65500771456 9.37564136374
853315648 1 45659.114 52184.452 52865.29 32.2826432239 32.7038271093 37.3776700091 8.07066080598 8.17595677732 9.34441750228
938647168 1 50818.845 58231.674 69910.352 26.8528806149 32.2383714403 36.940909145 6.71322015372 8.05959286006 9.23522728626
1032511872 1 55111.714 58762.612 63370.856 32.5863318621 35.1417963517 37.469779002 8.14658296552 8.78544908793 9.36744475049

META_DATA
ERT_VERSION  1.1.0
OPENMP_THREADS 8
TIMESTAMP_DATA  1560424476.03
MPI_PROCS      1
CONFIG  {'ERT_WORKING_SET_MIN': ['1'], 'ERT_CFLAGS': ['-O3', '-march=native', '-fstrict-aliasing', '-ftree-vectorize'], 'ERT_CC': ['gcc'], 'ERT_MPI_CFLAGS': ['-I/usr/local/include'], 'ERT_MPI_LDFLAGS': ['-L/usr/local/lib', '-lmpi'], 'ERT_MEMORY_MAX': ['1073741824'], 'ERT_PROCS_THREADS': ['1-8'], 'ERT_LDFLAGS': [], 'ERT_LDLIBS': [], 'ERT_RUN': ['export', 'OMP_NUM_THREADS=ERT_OPENMP_THREADS;', 'mpirun', '-np', 'ERT_MPI_PROCS', 'ERT_CODE'], 'ERT_FLOPS': ['1,2,4,8,16'], 'ERT_OPENMP_CFLAGS': ['-fopenmp'], 'ERT_MPI': ['True'], 'ERT_TRIALS_MIN': ['1'], 'ERT_DRIVER': ['driver1'], 'ERT_RESULTS': ['Results.p100.01'], 'ERT_OPENMP': ['True'], 'ERT_MPI_PROCS': ['1,2,4,8'], 'ERT_KERNEL': ['kernel1'], 'ERT_GPU': [False], 'ERT_OPENMP_THREADS': ['1,2,4,8'], 'ERT_LD': ['gcc'], 'ERT_NUM_EXPERIMENTS': ['3'], 'ERT_OPENMP_LDFLAGS': ['-fopenmp'], 'ERT_ALIGN': ['32'], 'ERT_GNUPLOT': ['gnuplot']}
HOSTNAME  ('kcadmin-UniServer-R5200-G3', [], ['127.0.1.1'])
TIMESTAMP_DATA  1560424469.21
TIMESTAMP_DATA  1560424472.54
FLOPS          4
UNAME  ('Linux', 'kcadmin-UniServer-R5200-G3', '4.4.0-141-generic', '#167-Ubuntu SMP Wed Dec 5 10:40:15 UTC 2018', 'x86_64', 'x86_64')
