16 67108864 284209.892 289243.381 289459.835 7.41893481698 7.42448674392 7.55597784753 1.85473370425 1.85612168598 1.88899446188
32 33554432 144176.156 144507.817 158082.865 13.5845440807 14.8606746167 14.894859924 3.39613602018 3.71516865416 3.723714981
48 16777216 71126.388 73222.795 75882.272 21.2251517192 21.9960565013 22.6443768802 5.30628792981 5.49901412531 5.66109422005
64 16777216 71118.933 71131.351 71223.65 30.1512720564 30.1903959057 30.1956674181 7.5378180141 7.54759897643 7.54891685453
80 8388608 35852.439 37048.104 37541.763 35.7515783156 36.2279613553 37.4361498809 8.9378945789 9.05699033883 9.35903747023
96 8388608 41040.284 43005.164 43803.619 36.7689422191 37.4516124622 39.2446781314 9.19223555478 9.36290311554 9.81116953284
112 8388608 46903.938 47467.051 53190.222 35.3269477236 39.5863689109 40.0616296227 8.8317369309 9.89659222773 10.0154074057
128 8388608 52090.865 52516.846 61023.123 35.191310153 40.8913293841 41.225724472 8.79782753826 10.222832346 10.306431118
144 4194304 28836.651 29029.9 31287.221 38.6087198988 41.6108754078 41.8897309538 9.65217997469 10.4027188519 10.4724327385
160 4194304 31650.255 31658.934 31754.965 42.2666905789 42.3948980721 42.406523423 10.5666726447 10.598724518 10.6016308557
176 4194304 35072.057 35073.047 35889.551 41.1371824629 42.0948601358 42.0960483726 10.2842956157 10.5237150339 10.5240120932
192 4194304 36977.643 37472.534 38943.224 41.3579711839 42.981153503 43.5563926019 10.339492796 10.7452883757 10.8890981505
208 4194304 39788.641 39889.048 39894.649 43.7359522577 43.7420934187 43.8524769921 10.9339880644 10.9355233547 10.963119248
224 4194304 21816.541 21912.84 23081.185 81.4103865118 85.7510113705 86.1295194321 20.3525966279 21.4377528426 21.532379858
240 4194304 25553.709 26586.04 28701.557 70.1448329092 75.7264308637 78.7856635606 17.5362082273 18.9316077159 19.6964158902
256 4194304 27281.291 27701.174 28013.045 76.6601291648 77.5231998471 78.7163498971 19.1650322912 19.3807999618 19.6790874743
272 2097152 15024.633 15031.236 15128.087 75.4127529806 75.8986611613 75.9320169751 18.8531882451 18.9746652903 18.9830042438
288 2097152 16379.426 16389.208 16526.101 73.0940439006 73.7045714473 73.7485887479 18.2735109752 18.4261428618 18.437147187
304 2097152 19206.842 19315.684 19325.825 65.9774377549 66.012076818 66.3861563499 16.4943594387 16.5030192045 16.5965390875
320 2097152 19296.643 19322.137 19612.64 68.434299513 69.4631903293 69.5549624875 17.1085748782 17.3657975823 17.3887406219
352 2097152 12662.382 12888.959 12919.052 114.280444726 114.547265454 116.596941081 28.5701111815 28.6368163635 29.1492352703
384 2097152 15387.223 16264.361 17250.894 93.3640155693 99.0271143145 104.672086445 23.3410038923 24.7567785786 26.1680216112
416 2097152 18998.226 19681.022 19931.124 87.5430037965 88.6554805945 91.8417574357 21.8857509491 22.1638701486 22.9604393589
448 2097152 20693.215 20885.006 21962.408 85.5574758469 89.9711588304 90.8050388497 21.3893689617 22.4927897076 22.7012597124
480 2097152 14308.245 14480.279 15364.286 131.035436336 139.035022737 140.70669883 32.758859084 34.7587556842 35.1766747075
528 1048576 9202.645 9468.434 9580.171 115.58209723 116.946081686 120.323695633 28.8955243074 29.2365204214 30.0809239083
576 1048576 10952.833 10960.416 11292.955 106.965763345 110.211104396 110.287407103 26.7414408363 27.552776099 27.5718517757
624 1048576 8245.539 8245.899 8468.957 154.519954228 158.69983952 158.706768351 38.629988557 39.6749598801 39.6766920877
672 1048576 10270.913 10354.262 11013.519 127.95965976 136.106865366 137.211379748 31.98991494 34.0267163415 34.302844937
736 1048576 8245.164 8246.199 8926.387 172.914738292 187.177616257 187.201112313 43.2286845731 46.7944040642 46.8002780782
800 1048576 10959.105 11192.492 11737.566 142.936073799 149.897055991 153.089289682 35.7340184498 37.4742639977 38.2723224205
880 1048576 9942.737 9943.507 10379.014 177.810123389 185.59787407 185.612247412 44.4525308473 46.3994685175 46.4030618531
960 1048576 13092.507 13226.365 13982.19 143.987881727 152.216116824 153.772376826 35.9969704317 38.0540292061 38.4430942065
1056 524288 6373.999 6483.392 6681.079 165.736141722 170.789650849 173.720807926 41.4340354305 42.6974127124 43.4302019815
1152 524288 5931.373 6107.036 6188.822 195.184083821 197.798007413 203.655975101 48.7960209552 49.4495018533 50.9139937751
1264 524288 6108.363 6203.214 6233.017 212.641817598 213.663443499 216.981221319 53.1604543995 53.4158608747 54.2453053298
1376 524288 7017.083 7379.29 7472.736 193.080630173 195.525663851 205.618285547 48.2701575434 48.8814159628 51.4045713867
1504 524288 6914.357 6938.288 7131.183 221.149605052 227.29790173 228.08459326 55.2874012629 56.8244754326 57.021148315
1648 524288 7458.412 7481.541 7842.417 220.347024138 230.975576823 231.691846468 55.0867560345 57.7438942058 57.922961617
1808 524288 8684.669 8796.753 8836.898 214.535169242 215.514225306 218.295643507 53.6337923104 53.8785563264 54.5739108767
1984 524288 9940.353 10301.036 11075.514 187.835506686 201.957820942 209.285805444 46.9588766715 50.4894552354 52.3214513609
2176 262144 4772.294 4939.186 5821.366 195.976457759 230.979495002 239.057084077 48.9941144398 57.7448737505 59.7642710193
2384 262144 5352.653 5361.215 5431.909 230.103742901 233.137934591 233.510857513 57.5259357254 58.2844836478 58.3777143783
2608 262144 7360.022 7754.447 8138.772 168.003613322 176.330188858 185.779757724 42.0009033304 44.0825472145 46.4449394309
2864 262144 6369.176 6394.34 6904.153 217.486610161 234.826554734 235.754331801 54.3716525401 58.7066386836 58.9385829501
3136 262144 6763.59 7210.501 7685.646 213.926996898 228.023984464 243.090898177 53.4817492245 57.0059961159 60.7727245442
3440 262144 6458.451 6560.352 8159.865 221.027029246 274.916760564 279.254378488 55.2567573115 68.729190141 69.813594622
3776 262144 7954.755 8265.288 10337.911 191.500148144 239.521174338 248.871459649 47.875037036 59.8802935844 62.2178649122
4144 131072 4886.504 5061.004 6300.079 172.430335556 214.646093147 222.311234371 43.107583889 53.6615232867 55.5778085928
4544 131072 4488.763 4701.508 5718.931 208.287586614 253.361758823 265.369843763 52.0718966534 63.3404397057 66.3424609408
4992 131072 5505.904 6598.188 6919.585 189.118689632 198.330639867 237.676292213 47.2796724081 49.5826599666 59.4190730532
5488 131072 5745.623 6716.721 7258.307 198.206864493 214.188779317 250.389952839 49.5517161233 53.5471948291 62.5974882097
6032 131072 6022.437 6416.492 8527.081 185.43891022 246.435686042 262.560257251 46.3597275551 61.6089215104 65.6400643128
6624 131072 6691.438 7013.494 7326.299 237.014876952 247.585847511 259.502046645 59.253719238 61.8964618776 64.8755116613
7280 131072 7294.497 7296.39 8497.817 224.576302361 261.555141652 261.623018009 56.1440755902 65.3887854131 65.4057545023
8000 131072 8390.842 8461.617 8750.975 239.647810673 247.842935931 249.933439338 59.9119526681 61.9607339826 62.4833598344
8800 65536 4289.512 4390.178 5150.037 223.966080244 262.730486099 268.896228755 55.9915200609 65.6826215247 67.2240571888
9680 65536 4596.76 5511.06 5588.075 227.050810879 230.223760946 276.015489171 56.7627027196 57.5559402365 69.0038722927
10640 65536 4783.049 5872.941 6306.113 221.151457324 237.462981494 291.572609856 55.287864331 59.3657453736 72.893152464
11696 65536 5293.964 5895.186 9561.866 160.326249291 260.045758013 289.578492034 40.0815623227 65.0114395034 72.3946230084
12864 65536 5824.382 6908.749 8555.763 197.073038138 244.054344426 289.491693368 49.2682595345 61.0135861065 72.3729233419
14144 65536 6550.769 7428.153 8843.371 209.635258772 249.5751458 283.00225027 52.4088146929 62.39378645 70.7505625675
15552 65536 6644.236 8031.961 8086.176 252.08847099 253.790045046 306.797010823 63.0221177476 63.4475112616 76.6992527057
17104 32768 3728.875 4118.201 4552.557 246.219376056 272.188692101 300.607487245 61.554844014 68.0471730253 75.1518718112
18800 32768 3980.014 4731.352 4817.059 255.773657744 260.406919629 309.56594625 63.9434144361 65.1017299072 77.3914865626
20672 32768 4658.935 4808.82 5255.573 257.775925099 281.724038745 290.787528051 64.4439812747 70.4310096864 72.6968820127
22736 32768 4726.34 5138.432 5724.135 260.305966928 289.97688322 315.260115861 65.0764917319 72.4942208051 78.8150289653
25008 32768 5087.821 5433.856 6149.271 266.523346914 301.613492886 322.126955331 66.6308367285 75.4033732215 80.5317388328
27504 32768 5879.206 5928.7 6915.568 260.644121206 304.029912797 306.589383668 65.1610303015 76.0074781993 76.6473459171
30240 32768 5979.067 6332.14 7244.846 273.547379751 312.976124975 331.457841165 68.3868449378 78.2440312438 82.8644602912
33264 16384 3327.853 3351.74 4058.784 268.552047116 325.202656531 327.536929065 67.1380117789 81.3006641327 81.8842322663
36576 16384 3622.117 3735.74 4402.616 272.229594405 320.82595898 330.890020394 68.0573986012 80.206489745 82.7225050985
40224 16384 3970.011 4001.162 4993.498 263.955253812 329.41931169 332.004125933 65.988813453 82.3548279225 83.0010314833
44240 16384 4359.952 4380.217 5312.661 272.868214253 330.95536591 332.493642132 68.2170535632 82.7388414775 83.123410533
48656 16384 4709.025 4954.708 5729.616 278.266433213 321.78683547 338.575354346 69.5666083032 80.4467088676 84.6438385865
53520 16384 5142.181 5668.61 6246.612 280.751127171 309.378023889 341.050491999 70.1877817928 77.3445059724 85.2626229999
58864 16384 5597.078 6048.781 7053.835 273.447784361 318.883350546 344.618308339 68.3619460903 79.7208376365 86.1545770847
64736 16384 6116.867 6347.408 7424.074 285.728462297 334.194563828 346.790153848 71.4321155743 83.5486409571 86.6975384621
71200 8192 4598.002 4652.353 5349.303 218.073420032 250.742108348 253.706022746 54.5183550081 62.685527087 63.4265056866
78320 8192 6194.227 6215.503 7469.291 171.796075424 206.45068951 207.159808641 42.949018856 51.6126723774 51.7899521603
86144 8192 6751.714 7266.035 8184.02 172.455993021 194.243944049 209.040740766 43.1139982551 48.5609860123 52.2601851915
94752 8192 7463.445 7650.431 8975.89 172.954076755 202.918864048 208.002707597 43.2385191886 50.7297160121 52.0006768992
104224 8192 8208.033 8610.435 10199.937 167.413388534 198.318205294 208.040832195 41.8533471334 49.5795513235 52.0102080486
114640 8192 8970.023 9094.18 11366.307 165.248198909 206.534482493 209.393193306 41.3120497273 51.6336206233 52.3482983265
126096 8192 9912.897 10276.533 11911.938 173.435830845 201.036367421 208.41100881 43.3589577112 50.2590918552 52.1027522025
138704 4096 5510.162 5525.013 6668.898 170.382448195 205.658008045 206.212297932 42.5956120486 51.4145020111 51.5530744831
152560 4096 5994.392 6321.259 7276.257 171.760222323 197.709272789 208.490122101 42.9400555808 49.4273181972 52.1225305252
167808 4096 6689.963 6787.574 8000.097 171.833308521 202.529377359 205.484415385 42.9583271303 50.6323443398 51.3711038462
184576 4096 7226.744 7678.468 8743.87 172.926472146 196.920348174 209.229300498 43.2316180364 49.2300870434 52.3073251246
203024 4096 8165.52 9696.828 9907.656 167.867415663 171.517181495 203.682387405 41.9668539158 42.8792953737 50.9205968511
223312 4096 8817.175 9994.264 10528.426 173.755498115 183.042183396 207.478234695 43.4388745288 45.7605458491 51.8695586738
245632 4096 9587.174 9800.735 11618.467 173.191294858 205.312901941 209.886390296 43.2978237146 51.3282254851 52.471597574
270192 2048 5357.214 5858.243 6510.1 169.998376676 188.914394982 206.582457225 42.4995941691 47.2285987454 51.6456143062
297200 2048 5865.596 6374.982 7121.773 170.930918467 190.954452891 207.53751196 42.7327296166 47.7386132228 51.8843779899
326912 2048 6436.476 7811.853 8304.843 161.235022986 171.410234166 208.037993461 40.3087557465 42.8525585415 52.0094983653
359600 2048 7059.174 8534.381 8716.259 168.985524638 172.586810924 208.653533685 42.2463811596 43.146702731 52.1633834213
395552 2048 7938.045 9662.637 10005.93 161.922079407 167.674827482 204.10327631 40.4805198517 41.9187068706 51.0258190776
435104 2048 8700.163 10284.213 12450.9 143.137121333 173.29337539 204.845125775 35.7842803331 43.3233438475 51.2112814438
478608 2048 9533.313 11300.247 13177.212 148.77034444 173.481019309 205.634533137 37.19258611 43.3702548272 51.4086332841
526464 1024 5208.535 6327.689 6763.539 159.413329619 170.39368907 207.00605295 39.8533324048 42.5984222676 51.7515132374
579104 1024 5984.032 6224.526 7627.883 155.482850484 190.537398671 198.194961524 38.8707126211 47.6343496677 49.5487403811
637008 1024 6287.768 6593.397 7957.7 163.940885432 197.863466131 207.480998663 40.9852213579 49.4658665328 51.8702496657
700704 1024 6891.194 7443.669 8638.246 166.126525223 192.786889369 208.242837453 41.5316313057 48.1967223422 52.0607093633
770768 1024 7533.823 7560.523 9160.55 172.318568645 208.786199579 209.526141509 43.0796421612 52.1965498948 52.3815353772
847840 1024 8268.082 8758.771 10488.976 165.542977694 198.244287926 210.00956691 41.3857444235 49.5610719814 52.5023917276
932624 1024 9060.49 9115.358 11031.978 173.134314807 209.538007394 210.806915741 43.2835787018 52.3845018484 52.7017289352
1025872 1024 10165.843 11578.12 12105.082 173.562298545 181.461744739 206.671090238 43.3905746363 45.3654361848 51.6677725595
1128448 512 5556.455 5643.514 6789.061 170.204797394 204.753767245 207.961866334 42.5511993485 51.1884418113 51.9904665835
1241280 512 6118.301 6810.498 7733.648 164.355905518 186.634034692 207.748968218 41.0889763796 46.6585086729 51.9372420546
1365408 512 7532.54 7795.043 8919.519 156.754842049 179.367553457 185.618369368 39.1887105123 44.8418883642 46.404592342
1501936 512 8367.4 9607.118 9867.986 155.855760638 160.087808227 183.80649473 38.9639401596 40.0219520568 45.9516236824
1652128 512 8102.768 11191.76 11364.051 148.871126326 151.162915574 208.790264265 37.2177815816 37.7907288934 52.1975660663
1817328 512 9436.849 12727.526 13428.537 138.581281937 146.214108854 197.199708504 34.6453204843 36.5535272134 49.2999271261
1999056 512 11890.342 14295.57 15753.963 129.937676253 143.193544853 172.159332675 32.4844190633 35.7983862134 43.0398331688
2198960 256 8218.753 8371.189 8409.309 133.883476038 134.493143089 136.987633039 33.4708690096 33.6232857722 34.2469082597
2418848 256 9428.551 9540.791 9603.576 128.957190113 129.805817568 131.351060836 32.2392975283 32.451454392 32.8377652091
2660720 256 11287.394 11437.36 12033.838 113.204834567 119.108661439 120.691156878 28.3012086418 29.7771653598 30.1727892195
2926784 256 13397.445 13914.717 14621.164 102.489337237 107.692697451 111.85068556 25.6223343094 26.9231743628 27.96267139
3219456 256 15978.912 16267.235 22815.469 72.2475383697 101.330156723 103.158554975 18.0618845924 25.3325391808 25.7896387439
3541392 256 18755.397 18993.486 19087.864 94.9919123481 95.463924 96.6757837224 23.747978087 23.865981 24.1689459306
3895520 256 20706.127 21186.145 21906.077 91.0480794895 94.1420083739 96.3244473484 22.7620198724 23.5355020935 24.0811118371
4285072 128 11716.735 12088.448 12982.603 84.4960314969 90.7460107369 93.6249246911 21.1240078742 22.6865026842 23.4062311728
4713568 128 13073.828 13279.295 14139.269 85.3419938471 90.8687854287 92.2968703581 21.3354984618 22.7171963572 23.0742175895
5184912 128 14244.023 15391.622 15525.867 85.4920032485 86.2376604623 93.1855748899 21.3730008121 21.5594151156 23.2963937225
5703392 128 15785.86 16140.118 17437.344 83.7322674829 90.4620618015 92.4921639999 20.9330668707 22.6155154504 23.123041
6273728 128 17253.586 17758.938 20497.292 78.3554416847 90.4375232348 93.0864092833 19.5888604212 22.6093808087 23.2716023208
6901088 128 19136.495 19496.798 21748.376 81.2326643608 90.6137781188 92.31985941 20.3081660902 22.6534445297 23.0799648525
7591184 128 21035.136 22402.898 25284.9 76.8578520777 86.7451659156 92.385573547 19.2144630194 21.6862914789 23.0963933868
8350288 128 22654.8 23172.705 26628.8 80.2767577961 92.249641464 94.3585345269 20.069189449 23.062410366 23.5896336317
9185312 64 12565.05 13311.811 13527.697 86.9120542839 88.3215616568 93.5706532007 21.728013571 22.0803904142 23.3926633002
10103840 64 14017.002 14536.203 15139.111 85.427177329 88.9703810548 92.2659153505 21.3567943322 22.2425952637 23.0664788376
11114224 64 15545.239 15719.927 16182.826 87.9092855599 90.49791847 91.5148793788 21.97732139 22.6244796175 22.8787198447
12225632 64 16764.547 16787.064 16811.562 93.0836109102 93.2194513585 93.3446573892 23.2709027275 23.3048628396 23.3361643473
13448192 64 18531.314 18699.236 18779.068 91.6642176278 92.0555564944 92.8897203944 22.916054407 23.0138891236 23.2224300986
14793008 64 20492.799 20657.832 20916.739 90.5258235521 91.6603941788 92.3985554145 22.631455888 22.9150985447 23.0996388536
16272304 64 22871.168 23146.881 23411.524 88.9670792897 89.9842580087 91.0690224478 22.2417698224 22.4960645022 22.767255612
17899520 32 12401.203 12737.019 12864.941 89.0458246175 89.9401406247 92.3756574261 22.2614561544 22.4850351562 23.0939143565
19689472 32 13868.502 13925.571 13975.714 90.1654261099 90.4900925068 90.8624599831 22.5413565275 22.6225231267 22.7156149958
21658416 32 15253.025 15407.225 15480.574 89.540518588 89.9667931117 90.8763097156 22.385129647 22.4916982779 22.7190774289
23824256 32 16886.046 17039.174 17185.86 88.7213316063 89.4851114262 90.296590688 22.1803329016 22.3712778565 22.574147672
26206672 32 19122.163 20284.679 21853.667 76.7480811344 82.6844244368 87.7111552705 19.1870202836 20.6711061092 21.9277888176
28827328 32 21853.537 22119.357 22342.529 82.5756561399 83.4087985469 84.4233586536 20.643914035 20.8521996367 21.1058396634
31710048 32 24340.116 24741.571 25166.473 80.6407426261 82.025634993 83.3785291738 20.1601856565 20.5064087483 20.8446322935
34881040 16 13788.774 14178.163 14846.516 75.1821693386 78.726227086 80.9494216092 18.7955423346 19.6815567715 20.2373554023
38369136 16 15874.064 16323.881 16503.463 74.3972554124 75.2157132241 77.3470707942 18.5993138531 18.803928306 19.3367676986
42206048 16 18018.915 18412.265 18871.03 71.5696777547 73.3529273014 74.95420984 17.8924194387 18.3382318254 18.73855246
46426640 16 20523.674 21317.268 21717.302 68.4087038068 69.6924427652 72.387257759 17.1021759517 17.4231106913 18.0968144398
51069296 16 23434.493 24669.561 30410.49 53.7386103282 66.2442867143 69.7355591179 13.4346525821 16.5610716786 17.4338897795
56176224 16 27918.005 28424.533 28517.028 63.0373953415 63.2425225069 64.3899579501 15.7593488354 15.8106306267 16.0974894875
61793840 16 31250.323 31864.172 33068.14 59.7978259436 62.0572497537 63.2762381368 14.9494564859 15.5143124384 15.8190595342
67973216 8 17620.846 18215.507 18283.267 59.4845251672 59.7058020949 61.7207287323 14.8711312918 14.9264505237 15.4301821831
74770528 8 20234.654 20605.76 20769.993 57.5988854691 58.057962822 59.1227528773 14.3997213673 14.5144907055 14.7806882193
82247568 8 22812.316 23384.787 23853.452 55.1685805476 56.2742388032 57.6864307859 13.7921451369 14.0685597008 14.4216076965
90472320 8 25690.619 26457.254 26466.168 54.694624473 54.7130522313 56.3457470604 13.6736561183 13.6782630578 14.0864367651
99519552 8 28977.643 30035.74 39902.49 39.9050994562 53.0139371296 54.9497014647 9.97627486405 13.2534842824 13.7374253662
109471504 8 32508.582 33264.228 33398.361 52.444012567 52.6554851656 53.8794360209 13.1110031417 13.1638712914 13.4698590052
120418640 8 36453.883 36626.662 37031.411 52.0287558041 52.6037081949 52.8530318704 13.007188951 13.1509270487 13.2132579676
132460496 8 40621.031 41370.149 41726.511 50.7918799154 51.2294005999 52.1741542208 12.6979699788 12.80735015 13.0435385552
145706544 4 22747.316 23916.336 40714.972 28.6295751843 48.738751287 51.2435116301 7.15739379607 12.1846878217 12.8108779075
160277184 4 25479.832 25560.447 40373.029 31.7592586873 50.1641255335 50.3228385493 7.93981467182 12.5410313834 12.5807096373
176304896 4 28360.501 28876.444 43964.104 32.0816083958 48.8439354929 49.7325194643 8.02040209895 12.2109838732 12.4331298661
193935376 4 31524.059 31558.595 48704.808 31.8548223822 49.1619797396 49.2158388614 7.96370559555 12.2904949349 12.3039597153
213328912 4 34879.367 36607.03 60642.631 28.1424349151 46.6203157153 48.9295375114 7.03560872878 11.6550789288 12.2323843778
234661792 4 39096.735 39434.049 58069.487 32.3284126137 47.605923906 48.0166524391 8.08210315342 11.9014809765 12.0041631098
258127968 4 43242.967 43330.601 65410.028 31.5704458038 47.6573990746 47.7539791384 7.89261145095 11.9143497687 11.9384947846
283940752 2 24054.426 24150.072 25555.071 44.4437430051 47.029383929 47.2163837125 11.1109357513 11.7573459822 11.8040959281
312334816 2 26563.635 26618.099 28025.804 44.5781774539 46.9357058143 47.0319391153 11.1445443635 11.7339264536 11.7579847788
343568288 2 29375.698 30180.557 30906.074 44.4661186018 45.5350493366 46.7826552411 11.1165296504 11.3837623341 11.6956638103
377925104 2 32558.566 35638.599 69742.069 21.6755888903 42.4175040102 46.4301903223 5.41889722256 10.6043760025 11.6075475806
415717600 2 35998.269 37147.47 40079.963 41.4888207357 44.7640283443 46.193065561 10.3722051839 11.1910070861 11.5482663903
457289360 2 40877.745 41046.385 44308.989 41.2818590828 44.5631799244 44.7470240836 10.3204647707 11.1407949811 11.1867560209
503018288 2 45315.387 47824.212 76509.288 26.2984168929 42.0722698369 44.4015440495 6.57460422322 10.5180674592 11.1003860124
553320112 1 31482.23 32914.188 34462.837 32.1111179558 33.6219816208 35.1512654599 8.02777948896 8.4054954052 8.78781636498
608652112 1 33947.953 34742.92 83171.726 14.6360341734 35.0374759519 35.8579565607 3.65900854336 8.75936898798 8.96448914018
669517312 1 37428.742 38523.717 39744.505 33.6910630539 34.758707837 35.7755711907 8.42276576347 8.68967695926 8.94389279768
736469040 1 41386.852 42762.712 55279.76 26.6451605434 34.4444496411 35.5895171732 6.66129013585 8.61111241027 8.89737929331
810115936 1 45747.557 45824.625 47151.92 34.3619490362 35.3572314449 35.4167955242 8.59048725906 8.83930786122 8.85419888105
891127520 1 50609.282 51432.01 52156.058 34.1715825226 34.652642197 35.2159716473 8.54289563065 8.66316054924 8.80399291181
980240272 1 55767.055 57238.601 57543.744 34.069394998 34.2510213344 35.15481576 8.5173487495 8.56275533359 8.78870393999

META_DATA
ERT_VERSION  1.1.0
TIMESTAMP_DATA  1560424447.67
HOSTNAME  ('kcadmin-UniServer-R5200-G3', [], ['127.0.1.1'])
MPI_PROCS      1
CONFIG  {'ERT_WORKING_SET_MIN': ['1'], 'ERT_CFLAGS': ['-O3', '-march=native', '-fstrict-aliasing', '-ftree-vectorize'], 'ERT_CC': ['gcc'], 'ERT_MPI_CFLAGS': ['-I/usr/local/include'], 'ERT_MPI_LDFLAGS': ['-L/usr/local/lib', '-lmpi'], 'ERT_MEMORY_MAX': ['1073741824'], 'ERT_PROCS_THREADS': ['1-8'], 'ERT_LDFLAGS': [], 'ERT_LDLIBS': [], 'ERT_RUN': ['export', 'OMP_NUM_THREADS=ERT_OPENMP_THREADS;', 'mpirun', '-np', 'ERT_MPI_PROCS', 'ERT_CODE'], 'ERT_FLOPS': ['1,2,4,8,16'], 'ERT_OPENMP_CFLAGS': ['-fopenmp'], 'ERT_MPI': ['True'], 'ERT_TRIALS_MIN': ['1'], 'ERT_DRIVER': ['driver1'], 'ERT_RESULTS': ['Results.p100.01'], 'ERT_OPENMP': ['True'], 'ERT_MPI_PROCS': ['1,2,4,8'], 'ERT_KERNEL': ['kernel1'], 'ERT_GPU': [False], 'ERT_OPENMP_THREADS': ['1,2,4,8'], 'ERT_LD': ['gcc'], 'ERT_NUM_EXPERIMENTS': ['3'], 'ERT_OPENMP_LDFLAGS': ['-fopenmp'], 'ERT_ALIGN': ['32'], 'ERT_GNUPLOT': ['gnuplot']}
OPENMP_THREADS 2
FLOPS          4
TIMESTAMP_DATA  1560424440.12
TIMESTAMP_DATA  1560424432.45
UNAME  ('Linux', 'kcadmin-UniServer-R5200-G3', '4.4.0-141-generic', '#167-Ubuntu SMP Wed Dec 5 10:40:15 UTC 2018', 'x86_64', 'x86_64')
