1024 1048576 507849.216 507919.788 508077.86 4.22668220182 4.22799760658 4.22858513973 1.05667055045 1.05699940165 1.05714628493
1120 524288 253144.979 253165.96 253268.957 4.63698802218 4.63887451536 4.63925899158 1.15924700555 1.15971862884 1.1598147479
1232 524288 253458.023 253606.081 253707.886 5.09186234755 5.09390637206 5.09688198744 1.27296558689 1.27347659302 1.27422049686
1352 524288 252139.807 252182.961 252208.948 5.62103273196 5.62161196926 5.62257411421 1.40525818299 1.40540299231 1.40564352855
1480 524288 253068.924 253120.184 253281.116 6.12715430392 6.13104990474 6.13229177044 1.53178857598 1.53276247618 1.53307294261
1624 524288 252357.96 252372.98 252496.004 6.74421534212 6.74750293791 6.74790454004 1.68605383553 1.68687573448 1.68697613501
1784 524288 252820.015 252907.991 252921.82 7.39619691176 7.39660133554 7.39917519584 1.84904922794 1.84915033389 1.84979379896
1960 524288 251835.108 251965.046 252023.935 8.15481656534 8.15672250031 8.16093108035 2.03870414133 2.03918062508 2.04023277009
2152 262144 125450.85 125521.898 125573.158 8.98494386834 8.98861309443 8.99370371743 2.24623596708 2.24715327361 2.24842592936
2360 262144 125387.192 125450.85 125473.022 9.86124076935 9.86298363064 9.86799098268 2.46531019234 2.46574590766 2.46699774567
2592 262144 125218.153 125228.167 125259.876 10.8490806426 10.8518277362 10.8526955832 2.71227016064 2.71295693404 2.7131738958
2848 262144 125200.987 125248.194 125278.95 11.9187798429 11.9217066236 11.9262017 2.97969496073 2.98042665589 2.981550425
3128 262144 125046.968 125090.837 125125.885 13.1065835339 13.1102557416 13.1148550839 3.27664588346 3.2775639354 3.27871377097
3440 262144 124935.15 124943.972 124994.993 14.4289837274 14.4348758178 14.4358951024 3.60724593184 3.60871895444 3.60897377559
3784 262144 124886.036 124897.957 124938.011 15.8791209826 15.8842133182 15.8857295463 3.96978024566 3.97105332956 3.97143238656
4160 131072 62533.14 62541.008 62561.035 17.4312819473 17.4368638254 17.439057754 4.35782048683 4.35921595635 4.3597644385
4576 131072 62929.869 62941.074 62958.002 19.0535103703 19.0586348113 19.0620283033 4.76337759257 4.76465870284 4.76550707582
5032 131072 63130.856 63155.89 63158.989 20.8855244342 20.8865492672 20.8948316494 5.22138110855 5.2216373168 5.22370791234
5528 131072 63257.933 63275.814 63291.073 22.8963100689 22.9018315276 22.9083051449 5.72407751722 5.7254578819 5.72707628623
6080 131072 63670.158 63687.086 63697.1 25.022104931 25.0260393449 25.0326930239 6.25552623275 6.25650983623 6.25817325599
6688 131072 65392.017 65413.952 65430.88 26.7949792514 26.8019133288 26.8109037224 6.69874481285 6.70047833221 6.7027259306
7352 131072 67417.145 67443.132 67454.1 28.5717649187 28.5764114276 28.5874266553 7.14294122967 7.14410285691 7.14685666384
8080 131072 70207.834 70219.04 70230.007 30.1598079009 30.1645183415 30.1693329551 7.53995197523 7.54112958537 7.54233323877
8888 65536 35089.97 35109.997 35124.063 33.1672317067 33.1805193831 33.1994565969 8.29180792666 8.29512984578 8.29986414921
9776 65536 35108.089 35124.063 35132.17 36.4725512828 36.4809695279 36.4975681815 9.11813782069 9.12024238198 9.12439204538
10752 65536 35096.884 35120.01 35133.839 40.1119315199 40.1277261595 40.1541670765 10.02798288 10.0319315399 10.0385417691
11824 65536 35109.997 35125.017 35127.163 44.1195700319 44.1222655636 44.1411409975 11.029892508 11.0305663909 11.0352852494
13000 65536 35106.897 35115.004 35136.938 48.4941516532 48.524442714 48.5356481377 12.1235379133 12.1311106785 12.1339120344
14296 65536 35100.937 35102.844 35121.918 53.351451706 53.3804415392 53.383341647 13.3378629265 13.3451103848 13.3458354117
15720 65536 35101.891 35119.057 35146.952 58.6239125373 58.6704773992 58.6991692271 14.6559781343 14.6676193498 14.6747923068
17288 32768 17554.045 17568.111 17577.171 64.4578338573 64.4910752215 64.5427517134 16.1144584643 16.1227688054 16.1356879283
19016 32768 17555.952 17561.913 17565.966 70.9458606489 70.962233784 70.9863285113 17.7364651622 17.740558446 17.7465821278
20912 32768 17545.938 17559.052 17573.833 77.9846281685 78.0502746959 78.1086102094 19.4961570421 19.512568674 19.5271525523
23000 32768 17554.998 17559.052 17566.919 85.8049154778 85.8433587417 85.8631826674 21.4512288694 21.4608396854 21.4657956669
25296 32768 17549.992 17557.859 17565.966 94.3756042793 94.4191803796 94.4615049397 23.5939010698 23.6047950949 23.6153762349
27824 32768 17550.945 17558.098 17574.072 103.759314517 103.853712629 103.896038874 25.9398286294 25.9634281572 25.9740097186
30600 32768 17560.959 17561.913 17565.012 114.170237971 114.190384612 114.196588011 28.5425594927 28.5475961531 28.5491470027
33656 16384 8805.99 8810.997 8816.004 125.09520277 125.166290262 125.237458594 31.2738006925 31.2915725655 31.3093646484
37016 16384 8802.891 8807.182 8810.997 137.66209295 137.721723929 137.788856865 34.4155232376 34.4304309824 34.4472142163
40712 16384 8800.983 8801.937 8810.997 151.407475908 151.563322482 151.579751489 37.8518689769 37.8908306206 37.8949378723
44776 16384 8803.129 8808.851 8812.189 166.498921891 166.562014501 166.67027917 41.6247304728 41.6405036253 41.6675697925
49248 16384 8795.977 8803.129 8815.05 183.068554801 183.316462135 183.465516565 45.7671387003 45.8291155338 45.8663791413
54168 16384 8795.977 8807.182 8809.09 201.493800608 201.537452502 201.794186592 50.3734501521 50.3843631255 50.4485466481
59584 16384 8801.937 8805.037 8810.997 221.592234341 221.742226864 221.820323413 55.3980585852 55.435556716 55.4550808532
65536 16384 8801.222 8803.129 8807.898 243.813410192 243.945493472 243.998350229 60.9533525479 60.9863733679 60.9995875573
72088 8192 4406.929 4410.028 4412.889 267.645479413 267.819114074 268.007447363 66.9113698532 66.9547785184 67.0018618408
79296 8192 4405.022 4405.975 4408.836 294.677702686 294.869050324 294.932843468 73.6694256715 73.7172625809 73.7332108671
87224 8192 4406.929 4408.121 4409.075 324.121956646 324.192102712 324.279791211 81.0304891616 81.0480256781 81.0699478027
95944 8192 4403.83 4405.975 4408.836 356.544560968 356.776081571 356.949858646 89.136140242 89.1940203928 89.2374646614
105536 8192 4403.114 4407.883 4412.174 391.893389517 392.274891144 392.699762941 97.9733473793 98.068722786 98.1749407351
116088 8192 4404.068 4405.022 4410.982 431.193278957 431.776683976 431.870214538 107.798319739 107.944170994 107.967553635
127696 8192 4402.876 4403.114 4409.075 474.514782352 475.157187391 475.182872286 118.628695588 118.789296848 118.795718072
140464 4096 2207.041 2210.14 2215.147 519.46037351 520.637194024 521.368242819 129.865093378 130.159298506 130.342060705
154504 4096 2208.948 2210.855 2215.862 571.198372462 572.491985227 572.986221495 142.799593115 143.122996307 143.246555374
169952 4096 2207.041 2210.14 2212.048 629.392664174 629.936014913 630.820534825 157.348166043 157.484003728 157.705133706
186944 4096 2208.948 2212.048 2213.955 691.723746869 692.320079854 693.291670062 172.930936717 173.080019963 173.322917515
205632 4096 2212.048 2214.909 2217.054 759.808892341 760.544719444 761.528386364 189.952223085 190.136179861 190.382096591
226192 4096 2206.087 2207.041 2210.855 838.121389236 839.569751536 839.93281498 209.530347309 209.892437884 209.983203745
248808 4096 2538.919 2543.926 2552.986 798.373017322 801.216362426 802.796440532 199.59325433 200.304090606 200.699110133
273688 2048 1276.97 1279.116 1281.977 874.45098313 876.406868494 877.879705866 218.612745782 219.101717123 219.469926467
301056 2048 1282.93 1286.03 1288.891 956.733638454 958.862060761 961.179001193 239.183409613 239.71551519 240.294750298
331160 2048 1282.93 1287.937 1292.944 1049.10294645 1053.1814522 1057.29179301 262.275736613 263.29536305 264.322948251
364272 2048 1291.99 1292.944 1296.997 1150.39442034 1154.00056924 1154.85267843 287.598605085 288.500142311 288.713169607
400696 2048 1304.15 1310.825 1315.117 1247.98844209 1252.074698 1258.48316221 311.997110523 313.018674499 314.620790553
440760 2048 1320.124 1327.038 1331.091 1356.29567024 1360.43802815 1367.56316831 339.073917561 340.109507037 341.890792077
484832 2048 1857.996 1860.857 1867.056 1063.63808691 1067.18134279 1068.8246218 265.909521728 266.795335697 267.206155449
533312 1024 937.939 938.892 942.945 1158.31037441 1163.31055755 1164.49254802 289.577593603 290.827639388 291.123137006
586640 1024 935.078 938.892 941.992 1275.42348555 1279.63463316 1284.85401218 318.855871387 319.908658291 321.213503045
645304 1024 932.932 939.846 941.038 1404.3881246 1406.16930008 1416.59048248 351.097031151 351.542325019 354.14762062
709832 1024 1061.201 1062.87 1064.062 1366.21356274 1367.74576006 1369.89687722 341.553390686 341.936440016 342.474219304
780808 1024 1065.969 1066.923 1067.162 1498.45551472 1498.79118174 1500.13254044 374.61387868 374.697795436 375.03313511
858888 1024 1077.89 1078.129 1083.136 1623.99054597 1631.53261252 1631.89437141 405.997636493 407.883153129 407.973592853
944776 1024 1437.902 1437.902 1441.002 1342.74709404 1345.64194778 1345.64194778 335.686773509 336.410486946 336.410486946
1039248 1024 1437.902 1438.856 1441.002 1477.01384453 1479.21675553 1480.1981665 369.253461133 369.804188883 370.049541624
1143168 512 725.985 725.985 726.938 1610.32169456 1612.43556272 1612.43556272 402.58042364 403.10889068 403.10889068
1257480 512 808.954 809.908 811.1 1587.54718284 1589.88369049 1591.75864141 396.88679571 397.470922623 397.939660352
1383224 512 969.172 972.986 976.086 1451.12354444 1455.74692339 1461.47575043 362.78088611 363.936730847 365.368937609
1521544 512 993.967 997.066 997.066 1562.64585895 1562.64585895 1567.51789144 390.661464738 390.661464738 391.87947286
1673696 512 1078.844 1079.082 1081.228 1585.10943483 1588.26178548 1588.61216636 396.277358707 397.06544637 397.153041589
1841064 512 1224.995 1228.094 1229.763 1533.01858651 1535.10198405 1538.98549463 383.254646627 383.775496013 384.746373659
2025168 512 1267.91 1267.91 1268.864 1634.35327348 1635.58299248 1635.58299248 408.58831837 408.895748121 408.895748121
2227680 256 684.023 684.977 686.169 1662.23213232 1665.12475601 1667.44708877 415.558033079 416.281189003 416.861772192
2450448 256 773.907 776.052 777.006 1614.69715292 1616.68209862 1621.16297695 403.674288229 404.170524656 405.290744237
2695488 256 819.921 821.114 822.067 1678.80459379 1680.75304525 1683.19857157 419.701148447 420.188261313 420.799642892
2965032 256 911.951 912.905 913.143 1662.49577996 1662.92920293 1664.66880786 415.62394499 415.732300732 416.167201966
3261528 256 1046.896 1048.088 1049.995 1590.39075043 1593.2844723 1595.09859241 397.597687608 398.321118074 398.774648103
3587680 256 1378.775 1379.967 1384.02 1327.21504025 1331.11310633 1332.26390093 331.803760061 332.778276582 333.065975232
3946448 256 1647.949 1652.956 1656.055 1220.11731253 1222.40481658 1226.11887625 305.029328132 305.601204146 306.529719063
4341088 128 1272.917 1285.076 1298.904 855.581727364 864.788174396 873.048696812 213.895431841 216.197043599 218.262174203
4775192 128 1836.061 1841.068 1855.135 658.954282033 663.98913674 665.799857412 164.738570508 165.997284185 166.449964353
5252704 128 2196.074 2207.994 2212.048 607.89468583 609.010814341 612.31644471 151.973671457 152.252703585 153.079111177
5777968 128 2586.126 2596.855 2603.054 568.240154834 569.596611286 571.959683326 142.060038708 142.399152821 142.989920831
6355760 128 2919.912 2929.926 2933.979 554.562442335 555.329574877 557.234108425 138.640610584 138.832393719 139.308527106
6991336 128 3257.99 3268.003 3273.01 546.830598134 547.668412789 549.351598992 136.707649534 136.917103197 137.337899748
7690464 128 3644.943 3649.95 3654.003 538.795065029 539.393357169 540.134313211 134.698766257 134.848339292 135.033578303
8459504 64 2031.803 2036.095 2040.148 530.753902168 531.810407668 532.933809036 132.688475542 132.952601917 133.233452259
9305448 64 2254.009 2254.009 2262.115 526.541464072 528.435043516 528.435043516 131.635366018 132.108760879 132.108760879
10235992 64 2486.944 2486.944 2487.898 526.632111124 526.834128955 526.834128955 131.658027781 131.708532239 131.708532239
11259584 64 2727.032 2728.939 2735.853 526.792467285 528.127140988 528.496457687 131.698116821 132.031785247 132.124114422
12385536 64 3003.12 3008.842 3014.803 525.854793166 526.896596099 527.90051946 131.463698291 131.724149025 131.975129865
13624088 64 3316.879 3325.939 3326.893 524.177743017 524.328096216 525.760289718 131.044435754 131.082024054 131.44007243
14986496 64 3655.91 3659.01 3661.156 523.952404104 524.259700848 524.704242719 130.988101026 131.064925212 131.17606068
16485144 64 4021.883 4029.036 4034.996 522.949324361 523.722903444 524.654355186 130.73733109 130.930725861 131.163588797
18133656 32 2220.869 2223.969 2228.975 520.667115602 521.839101175 522.567510285 130.166778901 130.459775294 130.641877571
19947016 32 2447.128 2449.036 2450.228 521.016421329 521.270011547 521.676440301 130.254105332 130.317502887 130.419110075
21941712 32 2679.825 2692.938 2693.892 521.279089139 521.463757428 524.015399513 130.319772285 130.365939357 131.003849878
24135880 32 2966.881 2972.841 2974.033 519.39447881 519.602736911 520.646537559 129.848619703 129.900684228 130.16163439
26549464 32 3255.129 3258.944 3273.01 519.144669891 521.385361639 521.99642349 129.786167473 130.34634041 130.499105873
29204408 32 3588.2 3604.889 3610.134 517.732059807 518.485343654 520.896859707 129.433014952 129.621335914 130.224214927
32124848 32 3945.112 3954.172 3962.994 518.797220485 519.95468887 521.148771442 129.699305121 129.988672218 130.28719286
35337328 16 2171.04 2178.907 2182.961 518.009481617 518.973272379 520.85382858 129.502370404 129.743318095 130.213457145
38871056 16 2393.961 2398.968 2402.067 517.834761478 518.503703259 519.588160375 129.45869037 129.625925815 129.897040094
42758160 16 2634.048 2637.863 2647.877 516.738927073 518.70059969 519.451855091 129.184731768 129.675149922 129.862963773
47033976 16 2900.839 2907.038 2917.051 515.961919075 517.73909801 518.845489874 128.990479769 129.434774502 129.711372468
51737368 16 3186.941 3188.848 3198.862 517.55773647 519.18303287 519.493701327 129.389434118 129.795758217 129.873425332
56911104 16 3502.131 3505.945 3520.012 517.371908959 519.447774566 520.013479793 129.34297724 129.861943641 130.003369948
62602208 16 3865.004 3875.971 3885.031 515.638268009 516.843561523 518.310111969 128.909567002 129.210890381 129.577527992
68862424 8 2110.958 2115.011 2125.978 518.255026157 520.942342144 521.942541728 129.563756539 130.235585536 130.485635432
75748664 8 2324.82 2327.919 2331.018 519.935334691 520.627489187 521.321488975 129.983833673 130.156872297 130.330372244
83323528 8 2563.0 2568.96 2571.106 518.522553329 518.955705032 520.162484588 129.630638332 129.738926258 130.040621147
91655880 8 2815.008 2819.777 2828.121 518.540076609 520.07448816 520.955563892 129.635019152 130.01862204 130.238890973
100821464 8 3089.19 3107.071 3108.978 518.866143151 519.18460312 522.189772724 129.716535788 129.79615078 130.547443181
110903608 8 3407.001 3417.969 3425.121 518.071544918 519.155594448 520.826887929 129.517886229 129.788898612 130.206721982
121993968 8 3743.887 3757.954 3763.914 518.583444786 519.405902254 521.357479005 129.645861197 129.851475564 130.339369751
134193360 8 4131.079 4137.039 4156.113 516.61101611 518.992873889 519.741636507 129.152754028 129.748218472 129.935409127
147612696 4 2264.977 2268.791 2274.99 519.079893978 520.498171934 521.374640007 129.769973494 130.124542983 130.343660002
162373960 4 2487.898 2497.196 2499.104 519.782962214 520.180106007 522.124170685 129.945740553 130.045026502 130.531042671
178611352 4 2742.052 2746.105 2753.019 519.026863236 520.333642013 521.102742034 129.756715809 130.083410503 130.275685509
196472480 4 3014.088 3016.949 3034.115 518.035684211 520.983231735 521.477753801 129.508921053 130.245807934 130.36943845
216119728 4 3324.986 3329.992 3334.045 518.576631089 519.2078011 519.989504918 129.644157772 129.801950275 129.99737623
237731696 4 3651.857 3654.003 3678.083 517.077392761 520.484949793 520.790810812 129.26934819 130.121237448 130.197702703
261504864 4 4021.168 4029.989 4032.135 518.841485218 519.117772282 520.256530441 129.710371305 129.77944307 130.06413261
287655344 2 2211.809 2217.054 2218.962 518.540369776 518.986626397 520.217331605 129.635092444 129.746656599 130.054332901
316420872 2 2429.962 2434.015 2444.029 517.867622684 519.998228441 520.865547692 129.466905671 129.99955711 130.216386923
348062952 2 2667.904 2675.056 2681.971 519.1151612 520.457070058 521.852288538 129.7787903 130.114267514 130.463072135
382869240 2 2941.847 2946.138 2954.006 518.440707297 519.825262768 520.583483777 129.610176824 129.956315692 130.145870944
421156160 2 3232.956 3243.208 3252.029 518.02263756 519.431575156 521.078740323 129.50565939 129.857893789 130.269685081
463271776 2 3561.02 3570.795 3572.226 518.748562941 518.956451995 520.38098747 129.687140735 129.739112999 130.095246867
509598952 2 3928.185 3928.9 3931.046 518.537765267 518.820995189 518.9154299 129.634441317 129.705248797 129.728857475
560558840 1 2146.959 2152.92 2172.947 515.943407732 520.742842279 522.188677101 128.985851933 130.18571057 130.547169275
616614720 1 2361.059 2362.967 2372.026 519.905532233 521.898714624 522.320467214 129.976383058 130.474678656 130.580116804
678276192 1 2607.107 2614.021 2618.074 518.14898433 518.952366488 520.328618657 129.537246082 129.738091622 130.082154664
746103808 1 2866.983 2874.136 2885.103 517.21121083 519.184762308 520.480106091 129.302802708 129.796190577 130.120026523
820714184 1 3148.079 3159.046 3174.067 517.137277821 519.596222404 521.406345902 129.284319455 129.899055601 130.351586475
902785600 1 3473.997 3476.858 3491.879 517.077252677 519.311171178 519.738848364 129.269313169 129.827792795 129.934712091
993064160 1 3823.042 3829.002 3845.93 516.423419043 518.706524572 519.515171426 129.105854761 129.676631143 129.878792857

META_DATA
ERT_VERSION  1.1.0
HOSTNAME  ce1
UNAME  ('Linux', 'ce1', '3.10.0-514.el7.x86_64', '#1 SMP Tue Nov 22 16:42:41 UTC 2016', 'x86_64', 'x86_64')
GPU_BLOCKS     112
TIMESTAMP_DATA  1560474999.49
GPU_THREADS    1024
TIMESTAMP_DATA  1560474962.01
FLOPS          4
TIMESTAMP_DATA  1560474980.74
CONFIG  {'ERT_WORKING_SET_MIN': ['128'], 'ERT_CFLAGS': ['-O3'], 'ERT_CC': ['nvcc'], 'ERT_BLOCKS_THREADS': ['114688'], 'ERT_GPU_THREADS': ['64,128,256,512,1024'], 'ERT_GPU_LDFLAGS': [], 'ERT_MEMORY_MAX': ['1073741824'], 'ERT_LDFLAGS': [], 'ERT_LDLIBS': [], 'ERT_RUN': ['./ERT_CODE'], 'ERT_FLOPS': ['1,2,4,8,16,32,64,128,256,512,1024'], 'ERT_MPI': [False], 'ERT_TRIALS_MIN': ['1'], 'ERT_DRIVER': ['driver1'], 'ERT_RESULTS': ['Results.summitdev.ornl.gov.01'], 'ERT_GPU': ['True'], 'ERT_GPU_CFLAGS': ['-x', 'cu'], 'ERT_KERNEL': ['kernel1'], 'ERT_OPENMP': [False], 'ERT_LD': ['nvcc'], 'ERT_NUM_EXPERIMENTS': ['5'], 'ERT_ALIGN': ['32'], 'ERT_GNUPLOT': ['gnuplot'], 'ERT_GPU_BLOCKS': ['56,112,448,896,1792']}
TIMESTAMP_DATA  1560474943.22
TIMESTAMP_DATA  1560475018.28
