64 16777216 58257.99 58278.95 58556.284 36.673837568 36.8483585926 36.8616158573 4.584229696 4.60604482407 4.60770198217
128 8388608 29130.463 32381.035 34946.709 61.4502397923 66.3191787415 73.7195165075 7.68127997403 8.28989734269 9.21493956344
192 4194304 14566.146 14569.912 16698.999 96.4496576112 110.543751809 110.572332311 12.0562072014 13.8179689761 13.8215415389
256 4194304 14568.2 14570.545 18406.189 116.671824243 147.385265822 147.408989992 14.5839780304 18.4231582278 18.426123749
320 2097152 8095.923 8103.98 9953.617 134.84317108 165.619520285 165.784343552 16.8553963851 20.7024400356 20.723042944
384 2097152 9715.552 9902.263 11344.234 141.976332294 162.650975439 165.776760394 17.7470415367 20.3313719298 20.7220950493
448 2097152 10522.747 12182.744 12982.171 144.740674884 154.23850259 178.570119761 18.0925843605 19.2798128238 22.3212649701
512 2097152 11846.162 12139.529 12141.355 176.87347483 176.900079731 181.280962391 22.1091843538 22.1125099664 22.6601202989
576 1048576 5954.362 6472.866 6478.804 186.447923413 186.618964768 202.869686458 23.3059904266 23.327370596 25.3587108073
640 1048576 6745.413 7286.788 7288.58 184.147979442 184.193265949 198.976293965 23.0184974302 23.0241582437 24.8720367456
704 1048576 7043.829 7692.578 7701.28 191.707743128 191.924606809 209.601199575 23.9634678911 23.9905758512 26.2001499469
768 1048576 7744.935 8498.93 8500.364 189.475737274 189.50770697 207.956908095 23.6844671593 23.6884633713 25.9946135119
832 1048576 8272.238 8905.636 8907.753 195.877733026 195.92429603 210.926047341 24.4847166283 24.4905370038 26.3657559176
896 1048576 4880.662 5261.429 5267.917 356.696620695 357.13647224 384.998631743 44.5870775868 44.64205903 48.1248289679
960 1048576 5606.299 6068.672 6073.013 331.510227296 331.747360872 359.107839236 41.438778412 41.468420109 44.8884799045
1024 1048576 6163.073 6476.281 6483.558 331.219933253 331.59210479 348.443649459 41.4024916566 41.4490130987 43.5554561823
1088 524288 3413.76 3643.286 3653.173 312.290353619 313.137834362 334.191826022 39.0362942023 39.1422292952 41.7739782527
1152 524288 3595.501 3845.313 3846.284 314.058855768 314.138160405 335.964181904 39.257356971 39.2672700506 41.995522738
1216 524288 3995.698 4249.914 4249.993 300.016592027 300.022168919 319.110307135 37.5020740034 37.5027711149 39.8887883919
1280 524288 4138.818 4451.69 4452.233 301.461599157 301.498370282 324.289997772 37.6826998946 37.6872962852 40.5362497215
1408 524288 2976.426 3037.845 3038.579 485.883371142 486.000769625 496.0294689 60.7354213927 60.7500962031 62.0036836125
1536 524288 3413.895 3639.778 3674.22 438.355007593 442.503014195 471.781567974 54.7943759492 55.3128767744 58.9726959968
1664 524288 4066.638 4251.625 4256.289 409.941727171 410.3914301 429.059695995 51.2427158964 51.2989287625 53.6324619993
1792 524288 4741.22 4856.704 4857.943 386.799143588 386.897820415 396.321662357 48.3498929485 48.3622275519 49.5402077946
1920 524288 3569.372 3644.764 3872.755 519.853675226 552.372093227 564.039253964 64.9817094033 69.0465116534 70.5049067455
2112 262144 2154.048 2225.566 2227.643 497.070785579 497.534674775 514.053658971 62.1338481974 62.1918343469 64.2567073714
2304 262144 2486.227 2633.191 2634.826 458.458946435 458.743612598 485.860523597 57.3073683044 57.3429515747 60.7325654496
2496 262144 2066.721 2127.099 2129.879 614.411827151 615.214829211 633.187957155 76.8014783938 76.9018536514 79.1484946444
2688 262144 2437.266 2530.473 2537.423 555.400555603 556.925975499 578.224183983 69.4250694504 69.6157469374 72.2780229979
2944 262144 2135.994 2229.531 2230.989 691.847369933 692.299802963 722.616202105 86.4809212417 86.5374753704 90.3270252632
3200 262144 2667.516 2735.68 3094.446 542.171878262 613.274067142 628.945280928 67.7714847827 76.6592583928 78.618160116
3520 262144 2418.438 2534.14 3993.338 462.143139399 728.252488024 763.093269292 57.7678924248 91.0315610029 95.3866586615
3840 262144 3051.291 3241.224 5230.776 384.88857485 621.143716078 659.807904261 48.1110718563 77.6429645097 82.4759880326
4224 131072 1528.137 1570.47 2568.012 431.188115943 705.073166632 724.605356719 53.8985144929 88.134145829 90.5756695898
4608 131072 1519.931 1521.14 1664.714 725.625874475 794.114645595 794.746308878 90.7032343093 99.2643306993 99.3432886098
5056 131072 1531.895 1568.326 1568.369 845.081778587 845.104948844 865.202944066 105.635222323 105.638118605 108.150368008
5504 131072 1619.048 1625.289 1761.685 819.011671213 887.744011065 891.166028432 102.376458902 110.968001383 111.395753554
6016 131072 1665.592 1719.881 1725.639 913.898158305 916.957803476 946.845508384 114.237269788 114.619725434 118.355688548
6592 131072 1799.898 1871.689 1876.892 920.699351907 923.258750786 960.083986981 115.087418988 115.407343848 120.010498373
7232 131072 2062.376 2124.149 2129.916 890.093979293 892.510557404 919.24334263 111.261747412 111.563819676 114.905417829
7936 131072 2379.248 2432.333 2433.402 854.924416106 855.300151747 874.383327841 106.865552013 106.912518968 109.29791598
8704 65536 1164.04 1165.985 1166.555 977.965623567 978.443708967 980.078595237 122.245702946 122.305463621 122.509824405
9536 65536 1399.366 1418.385 1423.728 877.908274614 881.215320241 893.192054116 109.738534327 110.15191503 111.649006764
10432 65536 1444.368 1447.425 1657.133 825.125746696 944.672852825 946.672249731 103.140718337 118.084106603 118.334031216
11456 65536 1508.794 1545.349 1552.021 967.48744508 971.664544384 995.205993661 120.935930635 121.458068048 124.400749208
12544 65536 1669.403 1672.292 1695.668 969.627997934 983.181865368 984.883319366 121.203499742 122.897733171 123.110414921
13760 65536 1643.682 1643.878 1650.209 1092.92260556 1097.13173362 1097.26256052 136.615325695 137.141466703 137.157820065
15104 65536 1922.042 1925.672 1931.353 1025.03865839 1028.06266488 1030.00428086 128.129832299 128.50783311 128.750535108
16576 32768 1025.324 1025.403 1027.405 1057.34811102 1059.41248075 1059.49410723 132.168513877 132.426560094 132.436763404
18176 32768 1114.276 1140.597 1334.523 892.590338271 1044.34987642 1069.01910837 111.573792284 130.543734553 133.627388546
19968 32768 1143.066 1359.747 1650.018 793.096104406 962.401717378 1144.83577326 99.1370130508 120.300214672 143.104471658
21952 32768 1772.243 1772.925 2316.892 620.93799452 811.453542592 811.765808639 77.617249315 101.431692824 101.47072608
24128 32768 1483.165 1972.136 1976.989 799.828733493 801.796938954 1066.1339824 99.9785916867 100.224617369 133.266747799
26496 32768 2097.468 2120.608 2246.571 772.929881139 818.841509605 827.875255308 96.6162351424 102.355188701 103.484406913
29120 32768 2283.805 2286.165 2298.948 830.122438611 834.764034967 835.626649386 103.765304826 104.345504371 104.453331173
32000 32768 2611.894 2630.087 2638.303 794.886713164 797.369820846 802.923855256 99.3608391455 99.6712276058 100.365481907
35200 16384 1367.505 1374.357 1401.173 823.191426041 839.253265345 843.458415143 102.898928255 104.906658168 105.432301893
38720 16384 1703.239 1703.992 1705.354 743.996237731 744.590913572 744.920096358 92.9995297164 93.0738641965 93.1150120447
42560 16384 1787.207 1791.58 1793.083 777.769952646 778.42244276 780.327113759 97.2212440807 97.302805345 97.5408892199
46784 16384 1830.35 1844.401 1905.269 804.620298761 831.173975724 837.554627257 100.577537345 103.896746966 104.694328407
51456 16384 2147.49 2149.983 2158.743 781.061111953 784.243507042 785.153927609 97.6326389941 98.0304383802 98.1442409511
56576 16384 2337.455 2511.694 3956.677 468.545288888 738.100408728 793.120024984 58.568161111 92.262551091 99.1400031231
62208 16384 2545.15 2552.12 3746.245 544.126650553 798.720962964 800.908293814 68.0158313191 99.8401203705 100.113536727
68416 8192 1385.723 1408.66 2046.517 547.72461895 795.740451209 808.911841688 68.4655773688 99.4675564011 101.113980211
75200 8192 1494.717 1499.792 2175.644 566.304413774 821.498447785 824.287674523 70.7880517217 102.687305973 103.035959315
82688 8192 1644.285 1644.806 2519.027 537.81090556 823.659563499 823.920544188 67.226363195 102.957445437 102.990068023
90944 8192 1779.141 1783.433 2648.708 562.548418323 835.482182958 837.497700295 70.3185522904 104.43527287 104.687212537
100032 8192 1933.484 1947.296 3181.807 515.092300696 841.641069462 847.653400804 64.386537587 105.205133683 105.9566751
110016 8192 2085.68 2088.07 3120.389 577.653024671 863.238370361 864.227563193 72.2066280839 107.904796295 108.028445399
120960 8192 2303.786 2368.115 3431.16 577.591438464 836.871790432 860.239900755 72.198929808 104.608973804 107.529987594
133056 4096 1248.968 1270.974 1867.221 583.752406384 857.605861332 872.716316191 72.969050798 107.200732666 109.089539524
146304 4096 1368.246 1376.45 2119.845 565.38207652 870.734402267 875.955323823 70.672759565 108.841800283 109.494415478
160896 4096 1515.335 1535.811 3521.384 374.301704103 858.217600994 869.81428661 46.7877130128 107.277200124 108.726785826
176960 4096 1666.452 1697.23 4111.957 352.546566027 854.130742445 869.905835872 44.0683207534 106.766342806 108.738229484
194624 4096 1806.125 1855.205 2318.052 687.801571319 859.398184028 882.751641221 85.9751964149 107.424773004 110.343955153
214080 4096 1980.076 2080.042 2547.222 688.492545997 843.128821437 885.694973324 86.0615682496 105.39110268 110.711871666
235456 4096 2165.692 2193.714 2200.568 876.526220503 879.264823035 890.641675732 109.565777563 109.908102879 111.330209467
258944 4096 2371.526 2379.976 2410.931 879.854814592 891.298587885 894.474379788 109.981851824 111.412323486 111.809297473
284800 2048 1611.736 1766.154 1775.321 657.087253516 660.497782187 723.779080445 82.1359066896 82.5622227733 90.4723850556
313280 2048 2211.181 2480.947 2511.807 510.865237656 517.219787444 580.321050154 63.858154707 64.6524734305 72.5401312692
344576 2048 2726.406 2764.342 4604.271 306.53784193 510.567540485 517.671724607 38.3172302412 63.8209425607 64.7089655759
379008 2048 3004.902 3046.413 4426.359 350.720935198 509.588413652 516.628085708 43.8401168997 63.6985517065 64.5785107135
416896 2048 3294.155 3324.804 3367.011 507.157837025 513.59599423 518.374519717 63.3947296281 64.1994992788 64.7968149647
458560 2048 3532.191 3657.662 3699.437 507.715568612 513.51430504 531.755434516 63.4644460765 64.18928813 66.4694293146
504384 2048 3657.685 3897.993 4067.271 507.946695462 530.005278101 564.826348906 63.4933369328 66.2506597626 70.6032936133
554816 1024 1963.048 2174.236 2244.326 506.282584616 522.603419316 578.825972671 63.285323077 65.3254274145 72.3532465839
610240 1024 2113.243 2346.293 2464.763 507.055453202 532.657907601 591.399815355 63.3819316502 66.5822384502 73.9249769194
671232 1024 2306.989 2580.826 2693.291 510.410176992 532.652389584 595.877629239 63.801272124 66.581548698 74.4847036549
738304 1024 2852.46 4114.583 4444.599 340.198652792 367.484771118 530.085116706 42.524831599 45.9355963897 66.2606395883
812096 1024 2703.835 3146.222 3287.851 505.854008591 528.625318875 615.116162044 63.2317510739 66.0781648593 76.8895202555
893248 1024 2924.657 3442.52 3452.596 529.854029837 531.404873174 625.499641155 66.2317537297 66.4256091468 78.1874551443
982528 1024 3218.216 3791.448 3817.922 527.04516855 530.725291234 625.258635219 65.8806460687 66.3406614043 78.1573294024
1080768 512 2102.93 2107.222 2119.561 522.139458124 525.196885758 526.268792589 65.2674322655 65.6496107197 65.7835990737
1188800 512 2312.746 2317.16 2323.568 523.905992852 525.354830914 526.357498835 65.4882491065 65.6693538642 65.7946873543
1307648 512 2530.105 2538.207 2555.928 523.892516534 527.550176956 529.239518518 65.4865645668 65.9437721195 66.1549398148
1438400 512 2797.698 2806.749 2865.636 513.994659475 524.778524906 526.476267274 64.2493324344 65.5973156132 65.8095334093
1582208 512 3050.954 3067.828 3084.667 525.236919253 528.119891989 531.040780031 65.6546149066 66.0149864986 66.3800975039
1740416 512 2875.912 3348.603 3379.345 527.376158398 532.217758868 619.694199266 65.9220197997 66.5272198585 77.4617749083
1914432 512 3131.599 3692.84 3698.991 529.97651738 530.859275788 625.999167837 66.2470646725 66.3574094735 78.2498959797
2105856 256 1839.995 2035.422 2047.729 526.533673157 529.717312675 585.978914073 65.8167091446 66.2146640844 73.2473642591
2316416 256 1998.111 2240.038 2243.691 528.595511592 529.457532417 593.563116363 66.074438949 66.1821915521 74.1953895454
2548032 256 2165.159 2452.364 2472.892 527.557363605 531.973387311 602.538836178 65.9446704506 66.4966734139 75.3173545222
2802816 256 2364.683 2701.917 2711.038 529.332968405 531.119864896 606.864341647 66.1666210507 66.389983112 75.8580427059
3083072 256 2705.781 2973.47 2981.862 529.378242186 530.872302058 583.392692905 66.1722802732 66.3590377572 72.9240866131
3391360 256 2773.15 3271.044 3291.691 527.502830612 530.832455938 626.138622144 65.9378538265 66.3540569922 78.2673277681
3730496 256 3189.635 3597.244 3597.622 530.910126745 530.965915017 598.818972077 66.3637658431 66.3707393771 74.8523715096
4103488 256 3280.533 3950.778 3952.091 531.613734603 531.790410901 640.440396728 66.4517168253 66.4738013627 80.055049591
4513792 128 1944.102 2210.205 2806.355 411.755017451 522.816097149 594.377636564 51.4693771814 65.3520121437 74.2972045705
4965120 128 2112.375 2479.278 3077.496 413.021079475 512.677771513 601.725886739 51.6276349344 64.0847214391 75.2157358424
5461632 128 2515.829 2647.993 3259.009 429.019309858 528.014157137 555.75231544 53.6274137322 66.0017696421 69.4690394299
6007744 128 2541.391 2571.463 3535.069 435.064340753 598.096283711 605.17349121 54.3830425941 74.7620354639 75.6466864013
6608512 128 2814.663 3081.791 3673.682 460.513205008 548.959702978 601.059193232 57.564150626 68.6199628722 75.132399154
7269312 128 3259.592 3310.103 4207.588 442.282816664 562.201197969 570.913130232 55.285352083 70.2751497461 71.364141279
7996224 128 3812.198 3815.752 4420.046 463.124895985 536.469179339 536.969313766 57.8906119982 67.0586474173 67.1211642207
8795840 64 2331.054 2406.049 2692.196 418.196713761 467.932082846 482.986460202 52.2745892201 58.4915103558 60.3733075253
9675392 64 2876.1 3092.566 3219.843 384.630609629 400.460386617 430.600527103 48.0788262036 50.0575483272 53.8250658878
10642880 64 3374.889 3866.937 3870.266 351.988374959 352.291397558 403.654354262 43.9985468699 44.0364246948 50.4567942827
11707136 64 4270.13 4671.572 4754.372 315.186402747 320.772837923 350.929224169 39.3983003433 40.0966047403 43.8661530211
12877824 64 4962.789 5321.011 5589.313 294.913072859 309.783511442 332.1441778 36.8641341074 38.7229389302 41.518022225
14165568 64 5680.288 6223.01 6303.074 287.668001994 291.369080879 319.207882417 35.9585002492 36.4211351099 39.9009853022
15582080 64 6422.482 6986.288 7036.689 283.443852641 285.488694425 310.550693641 35.4304815802 35.6860868032 38.8188367052
17140288 32 3775.175 3909.128 3959.536 277.047217654 280.619726957 290.576842663 34.6309022067 35.0774658696 36.3221053329
18854272 32 3928.549 4277.597 4365.551 276.408042879 282.091419084 307.154984703 34.5510053599 35.2614273855 38.3943730879
20739648 32 4313.364 4699.99 4701.678 282.311436896 282.412828963 307.72674692 35.2889296119 35.3016036204 38.4658433649
22813568 32 4761.318 5185.232 5207.029 280.403345555 281.582068459 306.652139597 35.0504181943 35.1977585574 38.3315174496
25094912 32 5523.162 5721.58 5802.908 276.770606737 280.704694857 290.788929964 34.5963258421 35.0880868571 36.3486162455
27604352 32 5707.534 6375.326 6474.296 272.875773366 277.111872867 309.534472856 34.1094716707 34.6389841084 38.6918091071
30364736 32 6398.465 7212.344 7352.835 264.298478614 269.446812853 303.720205393 33.0373098268 33.6808516066 37.9650256741
33401152 32 7439.541 8028.282 8208.843 260.411086922 266.267892433 287.339464626 32.5513858652 33.2834865542 35.9174330782
36741248 16 4258.833 4543.032 4748.719 247.586756765 258.796314004 276.066221897 30.9483445957 32.3495392504 34.5082777371
40415360 16 5654.376 5705.051 5848.004 221.150929445 226.692367868 228.724004205 27.6438661807 28.3365459836 28.5905005256
44456896 16 7179.934 7501.258 7785.823 182.719369808 189.650945481 198.138405172 22.8399212261 23.7063681852 24.7673006465
48902528 16 9465.19 9494.778 9949.988 157.274651588 164.814900991 165.330109168 19.6593314484 20.6018626239 20.6662636461
53792768 16 11961.82 12044.503 12254.677 140.466254313 142.917360393 143.905239838 17.5582817891 17.8646700491 17.9881549798
59172032 16 14686.077 14918.599 15015.332 126.104772375 126.922442516 128.931982585 15.7630965469 15.8653053145 16.1164978231
65089216 16 17869.505 18069.813 18815.823 110.696986892 115.267098337 116.55918348 13.8371233615 14.4083872921 14.5698979351
71598080 8 10658.41 10725.638 11129.321 102.932540089 106.806632855 107.480316482 12.8665675112 13.3508291069 13.4350395603
78757888 8 12617.03 12826.993 13626.184 92.478290914 98.2401883278 99.8750266901 11.5597863643 12.280023541 12.4843783363
86633664 8 15015.587 15312.434 15590.129 88.9112991945 90.5237288859 92.3133157565 11.1139123993 11.3154661107 11.5391644696
95297024 8 17138.912 17674.909 17739.543 85.9521794896 86.2664913296 88.964362732 10.7440224362 10.7833114162 11.1205453415
104826688 8 19626.977 19853.297 20814.262 80.5806618558 84.4810314378 85.4551879283 10.072582732 10.5601289297 10.681898491
115309312 8 22322.504 22636.161 23040.637 80.073697268 81.5045003435 82.6497328436 10.0092121585 10.1880625429 10.3312166054
126840192 8 25570.455 25623.637 26766.191 75.8211383906 79.2019911927 79.3667172524 9.47764229882 9.90024889909 9.92083965655
139524160 4 14419.922 14561.613 15034.623 74.2415210544 76.653134512 77.4063327111 9.2801901318 9.58164181399 9.67579158889
153476544 4 16315.252 16468.551 17038.43 72.0613549488 74.554971594 75.2554941842 9.0076693686 9.31937144926 9.40693677303
168824192 4 18083.554 18568.524 19240.221 70.1963629212 72.7356431777 74.6862887682 8.77454536515 9.09195539721 9.33578609603
185706560 4 20302.126 20681.803 22464.362 66.1337490911 71.8337990165 73.1771874532 8.26671863639 8.97922487706 9.14714843165
204277184 4 22847.939 22997.585 25573.694 63.9022845898 71.0603949067 71.5258156108 7.98778557372 8.88254936334 8.94072695135
224704896 4 25499.291 25794.717 26960.317 66.677226681 69.6902070296 70.4976137572 8.33465333512 8.7112758787 8.81220171965
247175360 4 28416.706 28542.565 30634.857 64.5474819745 69.2790882669 69.5859287843 8.06843524682 8.65988603337 8.69824109804
271892864 2 15946.516 17780.45 26445.941 41.1243243717 61.1667002804 68.2011955464 5.14054054647 7.64583753505 8.5251494433
299082112 2 17786.384 17933.557 24671.875 48.4895634402 66.7089327566 67.2609141914 6.06119543002 8.33861659458 8.40761427393
328990272 2 19663.354 19915.57 21595.643 60.9364161095 66.076998449 66.9245484773 7.61705201369 8.25962480612 8.36556855967
361889280 2 21983.495 22948.621 24003.48 60.3061356103 63.0781745012 65.847451463 7.53826695129 7.88477181265 8.23093143288
398078208 2 25225.776 29783.695 33499.175 47.5328969146 53.4625684288 63.1224518921 5.94161211433 6.6828210536 7.89030648651
437886016 2 27093.503 27192.64 28028.38 62.4918052346 64.4124315991 64.6481211381 7.81147565432 8.05155394989 8.08101514226
481674560 2 30050.464 30080.064 30544.485 63.0784326532 64.0523318035 64.1154239748 7.88480408165 8.00654147544 8.01442799685
529841984 2 33163.673 33218.095 33573.521 63.1261742252 63.8016098154 63.9063090509 7.89077177815 7.97520122692 7.98828863136
582826176 1 27829.673 28339.105 29320.984 39.7548851703 41.1322923572 41.885233506 4.96936064629 5.14153654464 5.23565418825
641108736 1 30566.425 30895.63 32323.923 39.6677554268 41.5015803853 41.9485586555 4.95846942835 5.18769754816 5.24356983193
705219584 1 33647.636 35574.724 35731.355 39.4734307725 39.6472272842 41.9179275477 4.93417884656 4.95590341052 5.23974094346
775741504 1 37469.565 39402.681 39457.524 39.3203336327 39.3750620167 41.4064857171 4.91504170409 4.92188275209 5.17581071464
853315648 1 42252.075 43501.779 43687.677 39.0643635275 39.2312989315 40.3916564098 4.88304544094 4.90391236643 5.04895705122
938647168 1 47218.476 47603.566 56989.583 32.9410084647 39.4360022524 39.7576223341 4.11762605808 4.92950028155 4.96970279176
1032511872 1 51042.578 52816.4 68432.7 30.1759793783 39.0981540582 40.4568857004 3.77199742228 4.88726925728 5.05711071255

META_DATA
ERT_VERSION  1.1.0
WARNING: There was an error initializing an OpenFabrics device.
HOSTNAME  ('kcadmin-UniServer-R5200-G3', [], ['127.0.1.1'])
FLOPS          2
CONFIG  {'ERT_WORKING_SET_MIN': ['1'], 'ERT_CFLAGS': ['-O3', '-march=native', '-fstrict-aliasing', '-ftree-vectorize'], 'ERT_CC': ['gcc'], 'ERT_MPI_CFLAGS': ['-I/usr/local/include'], 'ERT_MPI_LDFLAGS': ['-L/usr/local/lib', '-lmpi'], 'ERT_MEMORY_MAX': ['1073741824'], 'ERT_PROCS_THREADS': ['1-8'], 'ERT_LDFLAGS': [], 'ERT_LDLIBS': [], 'ERT_RUN': ['export', 'OMP_NUM_THREADS=ERT_OPENMP_THREADS;', 'mpirun', '-np', 'ERT_MPI_PROCS', 'ERT_CODE'], 'ERT_FLOPS': ['1,2,4,8,16'], 'ERT_OPENMP_CFLAGS': ['-fopenmp'], 'ERT_MPI': ['True'], 'ERT_TRIALS_MIN': ['1'], 'ERT_DRIVER': ['driver1'], 'ERT_RESULTS': ['Results.p100.01'], 'ERT_OPENMP': ['True'], 'ERT_MPI_PROCS': ['1,2,4,8'], 'ERT_KERNEL': ['kernel1'], 'ERT_GPU': [False], 'ERT_OPENMP_THREADS': ['1,2,4,8'], 'ERT_LD': ['gcc'], 'ERT_NUM_EXPERIMENTS': ['3'], 'ERT_OPENMP_LDFLAGS': ['-fopenmp'], 'ERT_ALIGN': ['32'], 'ERT_GNUPLOT': ['gnuplot']}
OPENMP_THREADS 2
TIMESTAMP_DATA  1560424370.18
TIMESTAMP_DATA  1560424366.85
MPI_PROCS      4
TIMESTAMP_DATA  1560424363.46
UNAME  ('Linux', 'kcadmin-UniServer-R5200-G3', '4.4.0-141-generic', '#167-Ubuntu SMP Wed Dec 5 10:40:15 UTC 2018', 'x86_64', 'x86_64')
