1024 1048576 544905.901 545046.091 545100.927 3.93960740412 3.94000376016 3.94101741981 0.246225462757 0.24625023501 0.246313588738
1120 524288 273393.869 273442.984 273458.004 4.29464525749 4.29488115885 4.29565273097 0.268415328593 0.268430072428 0.268478295686
1232 524288 275794.983 275913.0 275960.207 4.68127505065 4.68207598772 4.68407952149 0.292579690665 0.292629749233 0.292754970093
1352 524288 275593.042 275642.872 275784.969 5.140507683 5.14315767251 5.14408760726 0.321281730187 0.321447354532 0.321505475454
1480 524288 277287.006 277335.882 277407.885 5.59426232603 5.59571472977 5.59670105854 0.349641395377 0.34973217061 0.349793816159
1624 524288 277328.014 277364.016 277916.908 6.12732574011 6.1395398313 6.14033685036 0.382957858757 0.383721239456 0.383771053147
1784 524288 277446.985 277508.02 277786.016 6.73417478294 6.74092079933 6.74240372084 0.420885923934 0.421307549958 0.421400232553
1960 524288 273141.861 273329.973 273396.015 7.51733327203 7.51914961042 7.52432802675 0.469833329502 0.469946850651 0.470270501672
2152 262144 140870.81 140882.969 140891.075 8.00808550861 8.00854627077 8.00923751344 0.500505344288 0.500534141923 0.50057734459
2360 262144 141498.089 141546.011 141556.025 8.74084787278 8.74146626428 8.74442678869 0.546302992049 0.546341641518 0.546526674293
2592 262144 142297.029 142319.918 142400.98 9.54315409908 9.54858964997 9.55012557571 0.596447131192 0.596786853123 0.596882848482
2848 262144 140146.017 140172.958 140298.128 10.6428520842 10.6523558132 10.6544035711 0.665178255265 0.665772238323 0.665900223194
3128 262144 140455.008 140497.923 140522.957 11.6704978248 11.6725772807 11.6761437513 0.729406114049 0.729536080046 0.729758984457
3440 262144 140417.814 140521.765 140552.998 12.8318196386 12.8346716966 12.8441731759 0.801988727412 0.802166981037 0.802760823495
3784 262144 140411.139 140455.008 140555.859 14.1147142931 14.1248490905 14.1292621521 0.882169643316 0.882803068154 0.883078884504
4160 131072 70234.06 70268.869 70307.016 15.5108138852 15.5192342714 15.5269258249 0.969425867825 0.969952141965 0.970432864055
4576 131072 70258.141 70273.161 70297.956 17.0640942106 17.0701150614 17.0737643628 1.06650588817 1.06688219134 1.06711027267
5032 131072 70232.868 70278.883 70291.996 18.7661281947 18.7696296767 18.7819271171 1.17288301217 1.17310185479 1.17387044482
5528 131072 70237.16 70264.101 70286.989 20.6173582425 20.6240741912 20.6319850062 1.28858489016 1.28900463695 1.28949906289
6080 131072 70190.907 70266.008 70294.142 22.6738028896 22.6828813158 22.7071509419 1.4171126806 1.41768008224 1.41919693387
6688 131072 70246.935 70306.063 70329.905 24.9285005006 24.9369541856 24.9579440299 1.55803128129 1.5585596366 1.55987150187
7352 131072 70254.087 70266.008 70316.076 27.4088486963 27.4283788543 27.4330330134 1.71305304352 1.71427367839 1.71456456334
8080 131072 70251.942 70286.036 70307.016 30.1267731232 30.1357658013 30.1503910027 1.8829233202 1.88348536258 1.88439943767
8888 65536 35127.163 35178.9 35188.913 33.1061074833 33.1155305027 33.1643046721 2.06913171771 2.06972065642 2.07276904201
9776 65536 35167.217 35176.992 35204.172 36.397955106 36.4260785004 36.4362034107 2.27487219413 2.27662990628 2.27726271317
10752 65536 35137.177 35176.992 35187.96 40.0502371834 40.0627246355 40.1081209227 2.50313982396 2.50392028972 2.50675755767
11824 65536 35457.85 35484.076 35577.059 43.5616481958 43.675797786 43.7081020987 2.72260301224 2.72973736163 2.73175638117
13000 65536 35143.137 35176.992 35183.907 48.42941405 48.4389341761 48.4855976289 3.02683837813 3.027433386 3.03034985181
14296 65536 35128.117 35146.952 35173.178 53.2736994081 53.3134512489 53.3420368647 3.32960621301 3.33209070306 3.33387730404
15720 65536 35140.991 35170.078 35186.052 58.558767548 58.5853645249 58.6338569678 3.65992297175 3.66158528281 3.66461606049
17288 32768 17582.178 17583.847 17612.934 64.3269524544 64.4333613685 64.4394777484 4.0204345284 4.02708508553 4.02746735928
19016 32768 17580.986 17587.9 17615.08 70.7480508746 70.8573835421 70.8852493256 4.42175317966 4.42858647138 4.43032808285
20912 32768 17567.158 17580.032 17614.841 77.8030770757 77.9571295433 78.0142600186 4.86269231723 4.87232059646 4.87589125116
23000 32768 17577.887 17586.946 17599.106 85.6479868921 85.7072057877 85.7513761466 5.35299918075 5.35670036173 5.35946100916
25296 32768 17577.171 17584.085 17596.006 94.2144857191 94.2783577309 94.315442229 5.88840535744 5.89239735818 5.89471513931
27824 32768 17567.873 17580.032 17589.092 103.670710461 103.724137931 103.795927031 6.4794194038 6.48275862069 6.48724543945
30600 32768 17576.933 17591.953 17596.96 113.962957238 113.995393235 114.092805611 7.12268482738 7.12471207716 7.13080035066
33656 16384 8798.838 8831.978 8834.124 124.838615351 124.868948722 125.339255934 7.80241345944 7.80430929515 7.83370349585
37016 16384 8808.136 8814.096 8837.938 137.242452708 137.613691523 137.706807433 8.57765329424 8.6008557202 8.60667546459
40712 16384 8805.99 8810.043 8815.05 151.337861498 151.423871143 151.493564721 9.45861634364 9.46399194646 9.46834779508
44776 16384 8810.997 8811.951 8835.077 166.06759262 166.503418823 166.521446778 10.3792245387 10.4064636764 10.4075904236
49248 16384 8806.944 8810.043 8834.839 182.658502775 183.172597909 183.237052944 11.4161564235 11.4482873693 11.452315809
54168 16384 8817.911 8818.865 8841.991 200.744043282 201.270460995 201.292236222 12.5465027051 12.5794038122 12.5807647639
59584 16384 8811.951 8820.057 8838.892 220.892902866 221.364613857 221.568244308 13.8058064291 13.8352883661 13.8480152693
65536 16384 8792.877 8812.904 8826.017 243.312883716 243.67491669 244.229920196 15.2070552323 15.2296822931 15.2643700122
72088 8192 4375.935 4381.895 4393.816 268.807294616 269.538588214 269.905698325 16.8004559135 16.8461617633 16.8691061453
79296 8192 4384.041 4385.948 4389.048 296.006255571 296.215473599 296.344323422 18.5003909732 18.5134670999 18.5215202139
87224 8192 4369.02 4388.094 4402.161 324.631020083 325.671696185 327.093493735 20.2894387552 20.3544810116 20.4433433585
95944 8192 4392.147 4397.154 4410.028 356.448189445 357.491799468 357.899336247 22.2780118403 22.3432374668 22.3687085154
105536 8192 4401.922 4405.975 4408.836 392.190098248 392.44476512 392.806102425 24.5118811405 24.52779782 24.5503814016
116088 8192 4397.154 4400.969 4426.956 429.63738334 432.17432161 432.54927892 26.8523364587 27.0108951006 27.0343299325
127696 8192 4365.921 4369.974 4393.816 476.162694114 478.760574777 479.205020888 29.7601683821 29.9225359236 29.9503138055
140464 4096 2171.993 2182.007 2200.127 523.006666433 527.349860931 529.781213844 32.6879166521 32.9593663082 33.1113258652
154504 4096 2199.888 2206.802 2218.008 570.64571814 573.543420751 575.346003069 35.6653573837 35.8464637969 35.9591251918
169952 4096 2213.001 2228.975 2232.075 623.745521096 624.613010016 629.121624437 38.9840950685 39.038313126 39.3201015273
186944 4096 2197.981 2202.034 2217.054 690.756854817 695.468484138 696.75090367 43.1723034261 43.4667802586 43.5469314794
205632 4096 2215.862 2221.107 2221.823 758.17801148 758.422419091 760.217623661 47.3861257175 47.4014011932 47.5136014788
226192 4096 2227.068 2228.022 2230.167 830.863726349 831.663629892 832.019886236 51.9289828968 51.9789768683 52.0012428898
248808 4096 2235.889 2239.227 2250.91 905.51605173 910.240514249 911.599429131 56.5947532331 56.8900321406 56.9749643207
273688 2048 1131.058 1132.011 1136.065 986.762243358 990.296073095 991.130470763 61.6726402098 61.8935045684 61.9456544227
301056 2048 1145.84 1155.138 1156.092 1066.63256557 1067.51347112 1076.17588494 66.6645353484 66.7195919449 67.2609928088
331160 2048 1173.973 1176.119 1187.086 1142.65635346 1153.31132309 1155.41955394 71.4160220911 72.0819576931 72.2137221214
364272 2048 1200.914 1216.173 1228.094 1214.93803569 1226.84693049 1242.43543834 75.9336272305 76.6779331559 77.6522148963
400696 2048 1235.962 1256.943 1266.003 1296.40357566 1305.74800608 1327.9136543 81.0252234789 81.6092503797 82.994603394
440760 2048 1317.024 1322.031 1328.945 1358.48583651 1365.59048918 1370.78212698 84.9053647818 85.3494055737 85.6738829361
484832 2048 1360.893 1365.9 1375.914 1443.31104415 1453.89257779 1459.241742 90.2069402593 90.8682861117 91.2026088752
533312 1024 715.017 720.024 723.124 1510.42279886 1516.92579136 1527.54826249 94.4014249285 94.8078619602 95.4717664056
586640 1024 766.039 766.993 771.046 1558.19331142 1566.42722945 1568.37800686 97.387081964 97.9017018408 98.023625429
645304 1024 823.021 823.975 827.074 1597.90126639 1603.91103128 1605.77019541 99.8688291495 100.244439455 100.360637213
709832 1024 883.818 886.202 890.017 1633.37996465 1640.41148181 1644.83630793 102.086247791 102.525717613 102.802269245
780808 1024 957.012 958.92 961.065 1663.87786882 1667.59978309 1670.9244858 103.992366801 104.224986443 104.432780362
858888 1024 1022.816 1024.008 1026.154 1714.17021617 1717.76257998 1719.76447768 107.13563851 107.360161249 107.485279855
944776 1024 1329.899 1332.998 1338.005 1446.10913113 1451.54099856 1454.92345509 90.3818206957 90.7213124101 90.9327159431
1039248 1024 1363.993 1364.946 1366.854 1557.13770747 1559.31436408 1560.40383198 97.3211067166 97.4571477553 97.525239499
1143168 512 704.05 705.004 705.004 1660.42183023 1660.42183023 1662.6717307 103.776364389 103.776364389 103.916983169
1257480 512 752.926 753.88 755.072 1705.34666893 1708.04308378 1710.20727137 106.584166808 106.752692736 106.88795446
1383224 512 839.949 841.141 842.81 1680.59393695 1683.92858748 1686.31830742 105.037121059 105.245536717 105.394894214
1521544 512 918.865 919.104 921.011 1691.6856107 1695.19559919 1695.6365255 105.730350669 105.94972495 105.977282844
1673696 512 1013.041 1013.041 1013.994 1690.21187897 1691.80191522 1691.80191522 105.638242435 105.737619701 105.737619701
1841064 512 1209.021 1209.974 1210.928 1556.86344357 1558.09094741 1559.31909868 97.3039652234 97.380684213 97.4574436672
2025168 512 1234.055 1235.962 1236.916 1676.56658334 1677.86067209 1680.45349032 104.785411459 104.866292006 105.028343145
2227680 256 669.003 670.195 670.91 1700.0375013 1701.85119256 1704.88347586 106.252343832 106.365699535 106.555217241
2450448 256 736.952 737.906 739.098 1697.51423492 1700.2563687 1702.45738664 106.094639682 106.266023044 106.403586665
2695488 256 808.001 808.001 809.193 1705.51383415 1708.0298861 1708.0298861 106.594614635 106.751867881 106.751867881
2965032 256 897.169 897.884 899.076 1688.50729416 1690.74889852 1692.09634305 105.531705885 105.671806158 105.756021441
3261528 256 976.086 977.039 979.185 1705.40024204 1709.14603818 1710.81476017 106.587515127 106.821627386 106.925922511
3587680 256 1365.9 1368.999 1374.96 1335.96043521 1341.77757617 1344.8218464 83.4975272008 83.8610985107 84.0513654001
3946448 256 1625.061 1626.015 1631.975 1238.12029964 1242.6585093 1243.38801805 77.3825187273 77.6661568313 77.7117511281
4341088 128 1291.037 1299.143 1302.004 853.544634271 855.424328192 860.795258385 53.346539642 53.464020512 53.7997036491
4775192 128 1893.044 1905.918 1919.031 637.013759548 641.396509189 645.758446185 39.8133599718 40.0872818243 40.3599028866
5252704 128 2221.823 2236.128 2243.996 599.240027166 601.348502411 605.220228614 37.4525016979 37.5842814007 37.8262642884
5777968 128 2635.002 2637.863 2640.009 560.285895995 560.741709482 561.350544705 35.0178684997 35.0463568426 35.0844090441
6355760 128 3020.048 3026.962 3036.976 535.754829804 537.527250094 538.757847557 33.4846768628 33.5954531309 33.6723654723
6991336 128 3278.971 3287.077 3299.952 542.366075628 544.490444246 545.836488337 33.8978797267 34.0306527654 34.1147805211
7690464 128 3637.075 3638.029 3643.036 540.417054347 541.16082747 541.302773245 33.7760658967 33.8225517169 33.8314233278
8459504 64 2029.896 2032.042 2036.095 531.810407668 532.871127664 533.434477431 33.2381504792 33.304445479 33.3396548395
9305448 64 2249.002 2257.824 2263.069 526.319499759 527.542157405 529.611509461 32.8949687349 32.9713848378 33.1007193413
10235992 64 2490.044 2491.951 2501.011 523.870936993 525.775577449 526.178242633 32.7419335621 32.8609735906 32.8861401646
11259584 64 2736.807 2737.045 2743.959 525.236256081 526.563045913 526.608837233 32.8272660051 32.9101903695 32.913052327
12385536 64 3030.062 3031.015 3034.115 522.507752013 523.042151886 523.206656497 32.6567345008 32.6901344929 32.7004160311
13624088 64 3341.913 3345.013 3351.212 520.373901741 521.338262064 521.82186191 32.5233688588 32.583641379 32.6138663694
14986496 64 3675.938 3678.083 3684.044 520.697225115 521.541109322 521.845441354 32.5435765697 32.5963193327 32.6153400846
16485144 64 4055.977 4060.984 4061.937 519.480836852 519.602744556 520.244180872 32.4675523032 32.4751715348 32.5152613045
18133656 32 2238.035 2238.989 2241.135 517.842068416 518.338403628 518.559354076 32.365129276 32.3961502267 32.4099596298
19947016 32 2460.957 2465.01 2467.155 517.441759435 517.892026402 518.744953284 32.3401099647 32.3682516501 32.4215595803
21941712 32 2705.812 2707.958 2717.972 516.660792679 518.571398818 518.982681724 32.2912995425 32.4107124261 32.4364176077
24135880 32 2981.186 2986.908 2991.915 516.290175356 517.155640549 518.148253749 32.2681359597 32.3222275343 32.3842658593
26549464 32 3277.063 3291.13 3293.991 515.837989843 516.28641105 518.502603093 32.2398743652 32.2679006906 32.4064126933
29204408 32 3624.916 3630.161 3639.936 513.493125154 514.875817354 515.620806661 32.0933203221 32.1797385846 32.2263004163
32124848 32 3996.134 4001.856 4015.923 511.959584882 513.759183739 514.494827251 31.9974740552 32.1099489837 32.1559267032
35337328 16 2205.133 2208.948 2218.962 509.605164937 511.915398642 512.801040119 31.8503228086 31.9947124151 32.0500650074
38871056 16 2436.876 2440.929 2449.989 507.705868067 509.590320734 510.437868812 31.7316167542 31.8493950459 31.9023668008
42758160 16 2673.864 2681.971 2690.077 508.632697131 510.169990652 511.716796367 31.7895435707 31.8856244158 31.9822997729
47033976 16 2943.039 2960.92 2966.881 507.296124111 508.317425665 511.405806039 31.706007757 31.7698391041 31.9628628775
51737368 16 3240.108 3246.069 3253.937 508.797735174 510.030987018 510.969318307 31.7998584484 31.8769366887 31.9355823942
56911104 16 3551.006 3561.974 3580.093 508.68939103 511.276985177 512.85616752 31.7930869394 31.9548115736 32.05351047
62602208 16 3937.006 3942.966 3948.927 507.294932522 508.061864089 508.830988828 31.7059332826 31.7538665056 31.8019368017
68862424 8 2154.112 2156.973 2182.007 504.947410343 510.807870103 511.486303405 31.5592131464 31.9254918814 31.9678939628
75748664 8 2370.119 2372.026 2377.033 509.870340042 510.946601766 511.357709887 31.8668962526 31.9341626104 31.9598568679
83323528 8 2606.869 2615.929 2625.942 507.694552279 509.637856379 511.409068887 31.7309095174 31.8523660237 31.9630668054
91655880 8 2876.997 2887.964 2911.806 503.637289023 507.795138721 509.730833922 31.4773305639 31.73719617 31.8581771201
100821464 8 3175.974 3185.034 3193.14 505.190321752 506.476045154 507.920853256 31.5743951095 31.6547528221 31.7450533285
110903608 8 3473.043 3490.925 3504.038 506.403677129 508.305886835 510.923051629 31.6502298206 31.7691179272 31.9326907268
121993968 8 3842.115 3859.997 3875.971 503.590839044 505.674871768 508.02838749 31.4744274402 31.6046794855 31.7517742181
134193360 8 4237.175 4253.149 4279.852 501.674768193 504.824486516 506.727656988 31.3546730121 31.5515304072 31.6704785618
147612696 4 2331.018 2341.032 2346.992 503.155344373 504.436320392 506.603367284 31.4472090233 31.5272700245 31.6627104553
162373960 4 2561.092 2576.828 2578.974 503.685450105 504.104922797 507.202271531 31.4803406316 31.5065576748 31.7001419707
178611352 4 2814.054 2835.989 2874.851 497.031260403 503.842157357 507.769508332 31.0644537752 31.4901348348 31.7355942708
196472480 4 3106.117 3110.886 3132.105 501.828591315 505.251507127 506.027248813 31.3642869572 31.5782191954 31.6267030508
216119728 4 3453.97 3472.09 3473.997 497.685468352 497.958815584 500.571175777 31.105341772 31.122425974 31.2856984861
237731696 4 3770.828 3805.161 3812.79 498.808895323 499.808961566 504.359670608 31.1755559577 31.2380600979 31.522479413
261504864 4 4147.053 4164.934 4189.014 499.410818871 502.29821457 504.463992141 31.2131761794 31.3936384106 31.5289995088
287655344 2 2273.083 2280.951 2285.957 503.343403222 504.448090292 506.194175928 31.4589627014 31.5280056433 31.6371359955
316420872 2 2490.997 2506.971 2527.952 500.675443205 504.865627883 508.103176359 31.2922152003 31.5541017427 31.7564485224
348062952 2 2754.927 2762.794 2787.113 499.531884068 503.928924125 505.367949133 31.2207427542 31.4955577578 31.5854968208
382869240 2 3018.856 3032.207 3034.83 504.633524777 505.070056233 507.30374685 31.5395952986 31.5668785146 31.7064841781
421156160 2 3333.092 3340.96 3360.987 501.229144891 504.233705282 505.423984696 31.3268215557 31.5146065801 31.5889990435
463271776 2 3665.209 3684.998 3705.025 500.155087752 502.873299796 505.588386365 31.2596929845 31.4295812372 31.5992741478
509598952 2 4050.016 4060.984 4088.163 498.609230601 501.94627903 503.305618546 31.1630769125 31.3716424394 31.4566011591
560558840 1 2218.008 2222.061 2249.002 498.495634953 504.539560345 505.461513214 31.1559771845 31.5337225216 31.5913445759
616614720 1 2429.962 2447.128 2460.957 501.117833428 503.949707576 507.509763527 31.3198645893 31.4968567235 31.7193602204
678276192 1 2684.116 2688.885 2723.932 498.012573001 504.503682381 505.400058716 31.1257858126 31.5314801488 31.5875036697
746103808 1 2943.993 2957.106 2968.073 502.753003717 504.617560547 506.865205182 31.4220627323 31.5385975342 31.6790753239
820714184 1 3257.036 3262.997 3307.104 496.334063882 503.043174113 503.963839515 31.0208789926 31.440198382 31.4977399697
902785600 1 3566.027 3586.054 3628.016 497.674541678 503.498051061 506.325723277 31.1046588549 31.4686281913 31.6453577048
993064160 1 3931.046 3952.98 3963.947 501.048152258 502.438241529 505.241688853 31.3155095161 31.4023900956 31.5776055533

META_DATA
ERT_VERSION  1.1.0
GPU_THREADS    128
TIMESTAMP_DATA  1560474437.42
HOSTNAME  ce1
UNAME  ('Linux', 'ce1', '3.10.0-514.el7.x86_64', '#1 SMP Tue Nov 22 16:42:41 UTC 2016', 'x86_64', 'x86_64')
TIMESTAMP_DATA  1560474417.95
FLOPS          1
TIMESTAMP_DATA  1560474379.03
GPU_BLOCKS     896
TIMESTAMP_DATA  1560474359.6
CONFIG  {'ERT_WORKING_SET_MIN': ['128'], 'ERT_CFLAGS': ['-O3'], 'ERT_CC': ['nvcc'], 'ERT_BLOCKS_THREADS': ['114688'], 'ERT_GPU_THREADS': ['64,128,256,512,1024'], 'ERT_GPU_LDFLAGS': [], 'ERT_MEMORY_MAX': ['1073741824'], 'ERT_LDFLAGS': [], 'ERT_LDLIBS': [], 'ERT_RUN': ['./ERT_CODE'], 'ERT_FLOPS': ['1,2,4,8,16,32,64,128,256,512,1024'], 'ERT_MPI': [False], 'ERT_TRIALS_MIN': ['1'], 'ERT_DRIVER': ['driver1'], 'ERT_RESULTS': ['Results.summitdev.ornl.gov.01'], 'ERT_GPU': ['True'], 'ERT_GPU_CFLAGS': ['-x', 'cu'], 'ERT_KERNEL': ['kernel1'], 'ERT_OPENMP': [False], 'ERT_LD': ['nvcc'], 'ERT_NUM_EXPERIMENTS': ['5'], 'ERT_ALIGN': ['32'], 'ERT_GNUPLOT': ['gnuplot'], 'ERT_GPU_BLOCKS': ['56,112,448,896,1792']}
TIMESTAMP_DATA  1560474398.49
