1024 1048576 543571.949 543784.857 543967.009 3.94781965169 3.94914205564 3.95068886824 0.493477456461 0.493642756955 0.49383610853
1120 524288 271831.036 271865.845 271933.079 4.31872843245 4.31979647903 4.32034964543 0.539841054056 0.539974559879 0.540043705679
1232 524288 271672.01 271780.014 271835.089 4.75231375299 4.75327678804 4.75516646709 0.594039219124 0.594159598505 0.594395808387
1352 524288 269083.023 269137.859 269148.111 5.26726621537 5.26746685608 5.26854030475 0.658408276921 0.658433357011 0.658567538094
1480 524288 269852.161 269989.967 270004.988 5.74764374353 5.74796351599 5.75089884124 0.718455467941 0.718495439499 0.718862355155
1624 524288 269968.033 270013.809 270040.989 6.30603313336 6.30666790823 6.30773727199 0.78825414167 0.788333488529 0.788467158999
1784 524288 269541.025 269548.893 269619.942 6.93813510278 6.93996388996 6.94016647002 0.867266887848 0.867495486246 0.867520808753
1960 524288 268095.016 268157.005 268328.905 7.65929022816 7.66420015767 7.66597227604 0.95741127852 0.958025019708 0.958246534505
2152 262144 138385.057 138472.795 138496.876 8.14652148544 8.1479381997 8.15310410285 1.01831518568 1.01849227496 1.01913801286
2360 262144 139019.966 139082.909 139125.824 8.89352993158 8.89627409217 8.90030198972 1.11169124145 1.11203426152 1.11253774871
2592 262144 140175.819 140213.966 140275.955 9.68772228997 9.69200526002 9.6946428114 1.21096528625 1.2115006575 1.21183035142
2848 262144 138535.023 138678.074 138806.105 10.7572518082 10.767183167 10.7783013397 1.34465647602 1.34589789587 1.34728766747
3128 262144 138553.143 138628.96 138653.04 11.8278897022 11.8299442194 11.8364176264 1.47848621278 1.47874302743 1.4795522033
3440 262144 136938.81 137052.059 137081.146 13.1568109301 13.1596032424 13.1704862924 1.64460136626 1.64495040531 1.64631078655
3784 262144 136914.968 136976.004 137009.144 14.4800977079 14.4836010255 14.4900577415 1.81001221349 1.81045012818 1.81125721769
4160 131072 69005.966 69045.067 69070.101 15.788583254 15.7943077961 15.8032573589 1.97357290675 1.97428847451 1.97540716987
4576 131072 70180.178 70255.995 70271.015 17.0706363641 17.0742858883 17.0927315687 2.13382954551 2.13428573604 2.13659144609
5032 131072 69250.107 69280.148 69350.004 19.0210314624 19.0402105954 19.0484703222 2.3776289328 2.38002632442 2.38105879028
5528 131072 68597.794 68665.981 68701.982 21.0930163849 21.1040752771 21.1250529718 2.63662704811 2.63800940964 2.64063162148
6080 131072 68169.117 68208.933 68287.849 23.3399578891 23.3669616266 23.3806097268 2.91749473614 2.92087020332 2.92257621585
6688 131072 68787.813 68856.955 68941.116 25.4306743743 25.4617572328 25.4873500921 3.17883429679 3.1827196541 3.18591876151
7352 131072 68165.064 68186.998 68252.087 28.2377107091 28.2646654719 28.2737604119 3.52971383864 3.53308318398 3.53422005149
8080 131072 68174.124 68214.893 68259.954 31.030251207 31.0507489911 31.069317737 3.87878140088 3.88134362389 3.88366471713
8888 65536 34228.086 34246.922 34259.081 34.0046464177 34.0167194004 34.0354390836 4.25058080221 4.25208992504 4.25442988545
9776 65536 34110.069 34160.852 34188.986 37.4787328293 37.5095993507 37.5654435645 4.68484160367 4.68869991884 4.69568044556
10752 65536 34759.998 34776.926 34820.08 40.4733746735 40.523597284 40.5433321371 5.05917183418 5.0654496605 5.06791651714
11824 65536 34572.124 34612.179 34648.895 44.728564302 44.7760115883 44.8278887349 5.59107053775 5.59700144854 5.60348609186
13000 65536 34153.938 34200.907 34257.174 49.7395377681 49.8213687725 49.8898838547 6.21744222101 6.22767109656 6.23623548184
14296 65536 34183.025 34222.841 34280.062 54.6616663645 54.7530613253 54.8168370704 6.83270829557 6.84413266567 6.85210463381
15720 65536 34193.993 34194.946 34239.054 60.178410303 60.2560343274 60.2577136867 7.52230128788 7.53200429093 7.53221421084
17288 32768 17494.917 17503.977 17529.011 64.6349282341 64.7273684146 64.7608884341 8.07936602926 8.09092105183 8.09511105426
19016 32768 17179.012 17181.873 17186.88 72.5106928075 72.5318232768 72.5439027576 9.06383660094 9.0664779096 9.0679878447
20912 32768 17499.924 17527.103 17546.892 78.1043635534 78.1925473936 78.3139876493 9.76304544417 9.7740684242 9.78924845616
23000 32768 17723.083 17729.998 17745.018 84.9437289948 85.0156892291 85.0488597272 10.6179661244 10.6269611536 10.6311074659
25296 32768 17179.966 17197.847 17215.967 96.2942514934 96.3957090675 96.4960382343 12.0367814367 12.0494636334 12.0620047793
27824 32768 17282.963 17358.065 17369.986 104.978418751 105.05051479 105.50700502 13.1223023438 13.1313143487 13.1883756275
30600 32768 17191.172 17196.178 17207.861 116.539853501 116.619030112 116.652989104 14.5674816876 14.577378764 14.581623638
33656 16384 8591.89 8593.082 8605.957 128.148421843 128.340426403 128.358231774 16.0185527304 16.0425533004 16.0447789718
37016 16384 8582.115 8598.089 8620.977 140.696383716 141.070915642 141.333492735 17.5870479645 17.6338644552 17.6666865918
40712 16384 8595.943 8607.149 8610.964 154.924676958 154.993345183 155.195400435 19.3655846198 19.3741681479 19.3994250544
44776 16384 8589.029 8592.129 8596.897 170.668552618 170.76326112 170.824893943 21.3335690773 21.3454076399 21.3531117429
49248 16384 8594.036 8596.897 8605.957 187.516445179 187.714062876 187.77655388 23.4395556473 23.4642578596 23.472069235
54168 16384 8594.036 8599.043 8610.01 206.152725026 206.41564695 206.53590746 25.7690906282 25.8019558688 25.8169884324
59584 16384 8750.916 8768.082 8773.088 222.54974668 222.676807995 223.113615992 27.818718335 27.8346009994 27.889201999
65536 16384 8760.929 8798.122 8820.057 243.477298163 244.084322541 245.120540071 30.4346622703 30.5105403176 30.6400675088
72088 8192 4407.883 4413.128 4426.003 266.852460787 267.630984644 267.949442397 33.3565575984 33.4538730805 33.4936802996
79296 8192 4397.869 4408.121 4426.003 293.534745458 294.725499595 295.412542757 36.6918431822 36.8406874494 36.9265678446
87224 8192 4405.022 4424.095 4436.016 322.15348547 323.021548136 324.420176789 40.2691856837 40.377693517 40.5525220986
95944 8192 4407.883 4415.989 4425.049 355.238212277 355.967031621 356.621647172 44.4047765347 44.4958789526 44.5777058965
105536 8192 4410.982 4418.135 4451.036 388.471767921 391.364642321 391.999292675 48.5589709901 48.9205802901 48.9999115843
116088 8192 4400.969 4405.022 4415.035 430.797443735 431.776683976 432.17432161 53.8496804669 53.972085497 54.0217902012
127696 8192 4392.862 4397.869 4410.982 474.30963536 475.723870811 476.2661026 59.28870442 59.4654838514 59.533262825
140464 4096 2189.159 2198.935 2223.969 517.399787497 523.2901782 525.627004708 64.6749734371 65.411272275 65.7033755885
154504 4096 2192.974 2193.928 2195.12 576.595706841 576.908981516 577.159951737 72.0744633551 72.1136226895 72.1449939671
169952 4096 2195.835 2204.895 2220.154 627.094689828 631.434505498 634.039799894 78.3868362285 78.9293131872 79.2549749867
186944 4096 2219.915 2223.015 2230.167 686.695322817 688.904594886 689.866615614 85.8369153521 86.1130743607 86.2333269517
205632 4096 2204.895 2216.816 2226.114 756.716567076 759.890466326 763.998895185 94.5895708845 94.9863082908 95.4998618982
226192 4096 2227.068 2232.075 2233.982 829.4448496 830.153495738 832.019886236 103.6806062 103.769186967 104.00248578
248808 4096 2240.896 2243.042 2245.903 907.534802705 908.692363317 909.56257497 113.441850338 113.586545415 113.695321871
273688 2048 1124.144 1127.958 1153.231 972.0741534 993.854423658 997.226376692 121.509269175 124.231802957 124.653297086
301056 2048 1156.807 1169.92 1175.88 1048.68300847 1054.02538293 1065.97330065 131.085376059 131.753172867 133.246662581
331160 2048 1165.152 1178.98 1184.94 1144.72577514 1150.5126126 1164.16687265 143.090721893 143.814076575 145.520859081
364272 2048 1249.075 1255.035 1260.042 1184.13363364 1188.8577705 1194.53044213 148.016704205 148.607221313 149.316305266
400696 2048 1250.982 1256.943 1266.956 1295.4284253 1305.74800608 1311.96996919 161.928553162 163.218500759 163.996246149
440760 2048 1308.918 1321.077 1327.991 1359.46174334 1366.57663406 1379.27124541 169.932717918 170.822079258 172.408905676
484832 2048 1414.061 1418.114 1420.975 1397.54173859 1400.36123471 1404.37496827 174.692717324 175.045154339 175.546871033
533312 1024 717.878 734.091 737.19 1481.60308197 1487.85773971 1521.46043757 185.200385247 185.982217464 190.182554696
586640 1024 788.927 790.834 794.172 1512.81928852 1519.20468771 1522.87692017 189.102411065 189.900585964 190.359615021
645304 1024 814.915 818.014 822.067 1607.63367463 1615.59898975 1621.74287134 200.954209328 201.949873719 202.717858918
709832 1024 908.852 910.044 910.997 1595.76369187 1597.43477898 1599.52988605 199.470461483 199.679347372 199.941235757
780808 1024 947.952 948.191 958.92 1667.59978309 1686.4690595 1686.89425625 208.449972886 210.808632438 210.861782031
858888 1024 1046.896 1047.134 1049.995 1675.24857166 1679.82571858 1680.20760801 209.406071457 209.978214823 210.025951002
944776 1024 1336.813 1338.005 1340.866 1443.02357432 1446.10913113 1447.39858754 180.37794679 180.763641391 180.924823442
1039248 1024 1364.946 1368.046 1368.999 1554.69792454 1555.78094889 1559.31436408 194.337240568 194.472618611 194.914295511
1143168 512 701.904 702.858 704.05 1662.6717307 1665.49151038 1667.7551802 207.833966338 208.186438797 208.469397524
1257480 512 747.919 748.873 749.826 1717.27776844 1719.46313994 1721.65638258 214.659721055 214.932892493 215.207047822
1383224 512 857.83 858.068 859.022 1648.87671794 1650.70993907 1651.16791905 206.109589743 206.338742384 206.395989881
1521544 512 926.018 926.971 926.971 1680.80884515 1680.80884515 1682.53862884 210.101105644 210.101105644 210.317328605
1673696 512 1012.087 1013.041 1013.994 1690.21187897 1691.80191522 1693.39661907 211.276484871 211.475239403 211.674577383
1841064 512 1204.014 1205.921 1207.829 1560.85798238 1563.32756126 1565.80366673 195.107247797 195.415945157 195.725458342
2025168 512 1230.001 1231.909 1233.101 1681.75358872 1683.38086011 1685.99215123 210.21919859 210.422607514 210.749018903
2227680 256 670.195 670.91 671.864 1697.62356667 1700.0375013 1701.85119256 212.202945834 212.504687663 212.73139907
2450448 256 738.859 739.098 740.051 1695.32826251 1697.51423492 1698.06333279 211.916032814 212.189279365 212.257916598
2695488 256 806.808 807.047 808.001 1708.0298861 1710.04892652 1710.55549276 213.503735763 213.756115815 213.819436595
2965032 256 890.97 891.924 892.162 1701.59274213 1702.04679322 1703.86924812 212.699092766 212.755849153 212.983656015
3261528 256 972.986 975.132 976.086 1710.81476017 1712.48850002 1716.26553311 213.851845022 214.061062502 214.533191639
3587680 256 1368.046 1370.907 1373.053 1337.81591825 1339.9101179 1342.71227722 167.226989781 167.488764738 167.839034652
3946448 256 1600.027 1601.934 1605.034 1258.90253789 1261.33871683 1262.84204954 157.362817236 157.667339603 157.855256193
4341088 128 1264.811 1267.91 1271.009 874.359290926 876.496382235 878.643946012 109.294911366 109.562047779 109.830493252
4775192 128 1853.943 1859.903 1862.049 656.507509738 657.265003605 659.377959301 82.0634387172 82.1581254506 82.4222449126
5252704 128 2199.888 2200.842 2212.048 607.89468583 610.989895685 611.254856611 75.9868357287 76.3737369607 76.4068570764
5777968 128 2574.921 2584.934 2587.08 571.748770042 572.223433171 574.448617259 71.4685962552 71.5279291464 71.8060771573
6355760 128 2968.073 2974.987 2979.04 546.174123207 546.918208382 548.192231121 68.2717654009 68.3647760478 68.5240288901
6991336 128 3237.963 3240.108 3247.023 551.20706444 552.383444009 552.749372368 68.900883055 69.0479305011 69.093671546
7690464 128 3625.87 3633.022 3646.851 539.851719744 541.906650717 542.975557315 67.481464968 67.7383313396 67.8719446643
8459504 64 2032.042 2033.949 2042.055 530.258250635 532.371515707 532.871127664 66.2822813293 66.5464394633 66.608890958
9305448 64 2248.049 2249.956 2254.009 528.435043516 529.386949789 529.836024037 66.0543804395 66.1733687237 66.2295030046
10235992 64 2480.984 2485.037 2485.037 527.238417778 527.238417778 528.099728172 65.9048022223 65.9048022223 66.0124660215
11259584 64 2720.833 2726.078 2731.8 527.574036167 528.681406768 529.700555675 65.9467545208 66.085175846 66.2125694594
12385536 64 3010.988 3015.041 3019.094 525.107402419 525.813283468 526.521064846 65.6384253024 65.7266604335 65.8151331058
13624088 64 3326.893 3329.992 3335.953 522.754146716 523.689925982 524.177743017 65.3442683395 65.4612407477 65.5222178772
14986496 64 3655.91 3659.01 3665.924 523.270937423 524.259700848 524.704242719 65.4088671778 65.532462606 65.5880303399
16485144 64 4030.943 4035.95 4038.095 522.547991565 522.825711914 523.475135223 65.3184989457 65.3532139893 65.4343919028
18133656 32 2222.061 2226.114 2231.121 520.166312809 521.336276579 522.287184735 65.0207891011 65.1670345724 65.2858980919
19947016 32 2449.036 2450.943 2454.042 520.206672909 520.8644281 521.270011547 65.0258341137 65.1080535125 65.1587514434
21941712 32 2691.984 2696.037 2698.898 520.312204463 520.864353123 521.648556604 65.0390255578 65.1080441403 65.2060695755
24135880 32 2977.848 2986.193 2991.915 516.290175356 517.279465862 518.729068777 64.5362719195 64.6599332327 64.8411335971
26549464 32 3258.944 3268.003 3278.971 518.200891682 519.94006615 521.385361639 64.7751114603 64.9925082688 65.1731702048
29204408 32 3603.935 3610.849 3618.002 516.606157763 517.629541418 518.62259225 64.5757697204 64.7036926773 64.8278240312
32124848 32 3958.941 3962.04 3964.901 518.547694381 518.9221391 519.328343615 64.8184617977 64.8652673875 64.9160429519
35337328 16 2176.046 2177.0 2184.868 517.557351748 519.42788057 519.655602869 64.6946689686 64.9284850712 64.9569503586
38871056 16 2407.074 2410.889 2416.134 514.81987009 515.939884416 516.75760363 64.3524837612 64.492485552 64.5947004537
42758160 16 2642.155 2649.069 2655.983 515.161851563 516.506410365 517.858006059 64.3952314454 64.5633012957 64.7322507574
47033976 16 2907.038 2917.051 2928.972 513.861939274 515.961919075 517.73909801 64.2327424093 64.4952398844 64.7173872512
51737368 16 3204.107 3211.975 3217.936 514.489963753 515.444788954 516.710514349 64.3112454691 64.4305986192 64.5888142937
56911104 16 3509.045 3525.019 3535.986 515.034654549 516.637024651 518.988878171 64.3793318186 64.5796280814 64.8736097713
62602208 16 3879.07 3894.091 3901.005 513.526810655 514.438582971 516.430653739 64.1908513319 64.3048228714 64.5538317174
68862424 8 2120.018 2128.124 2133.131 516.517168425 517.732417848 519.711994898 64.5646460531 64.716552231 64.9639993623
75748664 8 2338.171 2342.939 2344.131 517.026831692 517.289875665 518.344733555 64.6283539614 64.6612344581 64.7930916943
83323528 8 2569.914 2571.821 2587.795 515.178539258 518.378397252 518.763058997 64.3973174073 64.7972996565 64.8453823747
91655880 8 2832.89 2835.035 2843.857 515.670823111 517.275476317 517.667145565 64.4588528889 64.6594345396 64.7083931956
100821464 8 3110.886 3121.853 3144.026 513.082087744 516.726259693 518.547906931 64.1352609679 64.5907824616 64.8184883663
110903608 8 3426.075 3440.857 3448.963 514.490218654 515.702259059 517.927286472 64.3112773318 64.4627823824 64.740910809
121993968 8 3767.967 3778.934 3782.988 515.968723136 516.522248867 518.02563239 64.496090392 64.5652811084 64.7532040488
134193360 8 4150.867 4162.073 4173.04 514.515499492 515.871240125 517.263925826 64.3144374365 64.4839050156 64.6579907282
147612696 4 2275.944 2282.143 2293.11 514.978159792 517.452923853 518.862312957 64.372269974 64.6816154816 64.8577891196
162373960 4 2506.971 2507.925 2520.084 515.455707032 517.954755425 518.151857361 64.431963379 64.7443444282 64.7689821701
178611352 4 2759.218 2764.94 2784.014 513.248430504 516.789086201 517.860790992 64.1560538129 64.5986357751 64.732598874
196472480 4 3032.923 3049.135 3061.771 513.356433254 515.483847058 518.239282699 64.1695541567 64.4354808823 64.7799103373
216119728 4 3338.814 3349.066 3357.172 515.004242857 516.250746925 517.835921378 64.3755303571 64.5313433656 64.7294901723
237731696 4 3679.037 3682.852 3688.812 515.573460507 516.407818723 516.943310981 64.4466825634 64.5509773404 64.6179138726
261504864 4 4049.063 4062.176 4093.17 511.104819003 515.004498082 516.672354073 63.8881023754 64.3755622602 64.5840442591
287655344 2 2220.869 2228.975 2230.883 515.769484998 516.210983075 518.095113219 64.4711856247 64.5263728844 64.7618891524
316420872 2 2434.969 2446.89 2456.903 515.154032536 517.262111497 519.794497589 64.394254067 64.6577639371 64.9743121986
348062952 2 2686.977 2692.938 2694.845 516.635208333 517.00106278 518.148018386 64.5794010416 64.6251328475 64.7685022983
382869240 2 2949.953 2959.013 2967.834 516.025141568 517.563444297 519.153003455 64.503142696 64.6954305371 64.8941254318
421156160 2 3263.95 3266.811 3275.871 514.252435459 515.678635832 516.130651511 64.2815544324 64.459829479 64.5163314389
463271776 2 3570.08 3586.054 3601.074 514.592897563 516.748243055 519.060386322 64.3241121954 64.5935303819 64.8825482902
509598952 2 3952.026 3952.026 3968.954 513.585143088 515.785019633 515.785019633 64.198142886 64.4731274541 64.4731274541
560558840 1 2165.079 2166.033 2178.907 514.532139279 517.590304488 517.8183706 64.3165174099 64.6987880609 64.727296325
616614720 1 2377.987 2388.0 2394.199 515.090616945 516.427738693 518.602263175 64.3863271182 64.5534673367 64.8252828968
678276192 1 2613.068 2625.942 2635.002 514.820248334 516.596476236 519.141631217 64.3525310417 64.5745595295 64.8927039021
746103808 1 2890.11 2892.971 2897.024 515.082932002 515.804553865 516.315163091 64.3853665002 64.4755692332 64.5393953863
820714184 1 3169.06 3177.881 3182.888 515.704092635 516.516624757 517.954335986 64.4630115794 64.5645780946 64.7442919983
902785600 1 3485.918 3494.024 3509.998 514.408042398 516.759816189 517.961466678 64.3010052997 64.5949770236 64.7451833348
993064160 1 3846.884 3849.983 3862.143 514.255510477 515.879763625 516.295349691 64.2819388096 64.4849704531 64.5369187114

META_DATA
ERT_VERSION  1.1.0
HOSTNAME  ce1
UNAME  ('Linux', 'ce1', '3.10.0-514.el7.x86_64', '#1 SMP Tue Nov 22 16:42:41 UTC 2016', 'x86_64', 'x86_64')
FLOPS          2
TIMESTAMP_DATA  1560474688.03
TIMESTAMP_DATA  1560474726.57
GPU_THREADS    256
TIMESTAMP_DATA  1560474707.31
TIMESTAMP_DATA  1560474649.47
CONFIG  {'ERT_WORKING_SET_MIN': ['128'], 'ERT_CFLAGS': ['-O3'], 'ERT_CC': ['nvcc'], 'ERT_BLOCKS_THREADS': ['114688'], 'ERT_GPU_THREADS': ['64,128,256,512,1024'], 'ERT_GPU_LDFLAGS': [], 'ERT_MEMORY_MAX': ['1073741824'], 'ERT_LDFLAGS': [], 'ERT_LDLIBS': [], 'ERT_RUN': ['./ERT_CODE'], 'ERT_FLOPS': ['1,2,4,8,16,32,64,128,256,512,1024'], 'ERT_MPI': [False], 'ERT_TRIALS_MIN': ['1'], 'ERT_DRIVER': ['driver1'], 'ERT_RESULTS': ['Results.summitdev.ornl.gov.01'], 'ERT_GPU': ['True'], 'ERT_GPU_CFLAGS': ['-x', 'cu'], 'ERT_KERNEL': ['kernel1'], 'ERT_OPENMP': [False], 'ERT_LD': ['nvcc'], 'ERT_NUM_EXPERIMENTS': ['5'], 'ERT_ALIGN': ['32'], 'ERT_GNUPLOT': ['gnuplot'], 'ERT_GPU_BLOCKS': ['56,112,448,896,1792']}
GPU_BLOCKS     448
TIMESTAMP_DATA  1560474668.73
