32 33554432 101298.717 104692.803 109784.184 19.5609565035 20.5122375795 21.1995147777 1.22255978147 1.28201484872 1.3249696736
64 16777216 50505.689 50635.006 51393.488 41.785131377 42.4110475666 42.5196386886 2.61157071106 2.65069047291 2.65747741804
96 8388608 25256.825 25392.756 25842.497 62.32419166 63.4280397134 63.7694063288 3.89526197875 3.96425248209 3.98558789555
128 8388608 25250.673 25754.551 28762.914 74.6615467404 83.3826863454 85.0465905602 4.66634667127 5.21141789659 5.31541191001
160 4194304 12630.369 12692.804 12878.081 104.221838642 105.74316597 106.265880276 6.51386491512 6.60894787314 6.64161751727
192 4194304 14035.757 14133.935 14520.701 110.918387205 113.953597211 114.75068541 6.93239920029 7.1220998257 7.17191783813
224 4194304 15487.917 15569.532 15717.971 119.547757914 120.687519188 121.323493146 7.4717348696 7.54296994926 7.58271832164
256 4194304 18351.921 18390.662 18722.7 114.699463646 116.770328768 117.016831535 7.16871647786 7.298145548 7.31355197094
288 2097152 10096.422 10120.84 10188.765 118.557995204 119.353685267 119.642339831 7.40987470022 7.4596053292 7.47764623943
320 2097152 10603.62 10693.421 10952.022 122.550637681 125.514302673 126.577270781 7.65941485508 7.84464391704 7.91107942382
352 2097152 11306.865 11477.632 11908.025 123.983196878 128.632370161 130.575098226 7.74894980486 8.03952313509 8.16094363911
384 2097152 12738.275 12930.375 13152.264 122.458972539 124.560404165 126.43884168 7.65368578368 7.78502526029 7.90242760499
416 2097152 13426.608 13629.425 14014.456 124.502190024 128.019374552 129.953184304 7.78138687652 8.00121090948 8.12207401899
448 2097152 8044.041 8376.734 9097.44 206.546917814 224.317519453 233.595054028 12.9091823634 14.0198449658 14.5996908768
480 2097152 9237.522 9559.898 10274.777 195.942541624 210.594916389 217.944370796 12.2464088515 13.1621822743 13.6215231747
512 2097152 10187.581 10640.633 11298.098 190.074793828 201.819163202 210.7942649 11.8796746143 12.6136977001 13.1746415562
544 1048576 7075.053 7402.314 7905.022 144.319735986 154.120817896 161.249772687 9.0199834991 9.63255111847 10.078110793
576 1048576 5836.927 6121.318 6613.29 182.656371035 197.336513476 206.951286525 11.4160231897 12.3335320923 12.9344554078
608 1048576 6712.311 7012.178 9353.12 136.325463161 181.83628767 189.959674991 8.52034144756 11.3647679794 11.872479687
640 1048576 7039.601 7262.697 7733.565 173.552207811 184.804251093 190.660987746 10.8470129882 11.5502656933 11.9163117341
704 1048576 4850.321 4972.36 5138.239 287.334825803 296.920377447 304.391195552 17.9584266127 18.5575235904 19.024449722
768 1048576 5590.826 5784.552 6068.516 265.404711135 278.433444111 288.081356136 16.587794446 17.4020902569 18.0050847585
832 1048576 6670.545 6859.548 7247.823 240.738558875 254.365224064 261.572399856 15.0461599297 15.897826504 16.348274991
896 1048576 7389.234 7782.374 7836.161 239.79193281 241.449227704 254.295396789 14.9869958006 15.0905767315 15.8934622993
960 1048576 5316.725 5436.226 5767.621 349.063490822 370.342572218 378.666551307 21.8164681764 23.1464107636 23.6666594567
1056 524288 3398.191 3506.333 3596.906 307.846870616 315.798943226 325.848740109 19.2404294135 19.7374339517 20.3655462568
1152 524288 4133.702 4269.388 4356.591 277.271736548 282.935060482 292.222214373 17.3294835343 17.6834412801 18.2638883983
1248 524288 3228.599 3390.697 3446.238 379.725035822 385.945086807 405.322199505 23.7328147389 24.1215679254 25.3326374691
1344 524288 3953.061 4001.616 4051.853 347.812752338 352.179255581 356.505033441 21.7382970211 22.0112034738 22.2815645901
1472 524288 3217.165 3231.03 3375.906 457.21174464 477.712640242 479.771436031 28.57573404 29.8570400151 29.985714752
1600 524288 4123.203 4214.197 4248.832 394.866542146 398.111811099 406.89764729 24.6791588841 24.8819881937 25.4311029556
1760 524288 3770.051 3790.709 3865.349 477.445570892 486.84659255 489.51426917 29.8403481807 30.4279120344 30.5946418231
1920 524288 4850.878 4879.31 4993.212 403.200569093 412.612832552 415.031241767 25.2000355683 25.7883020345 25.9394526104
2112 262144 2402.061 2418.559 2447.394 452.438902768 457.833055137 460.977575507 28.277431423 28.6145659461 28.8110984692
2304 262144 2503.779 2511.845 2614.373 462.045604051 480.905291529 482.454542514 28.8778502532 30.0565807205 30.1534089071
2528 262144 2986.675 2998.152 3115.333 425.444106296 442.072337893 443.771104657 26.5902566435 27.6295211183 27.735694041
2752 262144 2653.078 2769.332 2844.438 507.249789238 521.006717866 543.836470696 31.7031118274 32.5629198666 33.9897794185
3008 262144 2842.224 3032.196 3091.738 510.087951825 520.10434154 554.867703601 31.8804969891 32.5065213462 34.6792314751
3296 262144 3612.1 3622.976 3948.615 437.635284271 476.970658376 478.406812657 27.3522052669 29.8106661485 29.9004257911
3616 262144 4010.609 4127.468 4354.123 435.409244985 459.319226218 472.702626459 27.2130778115 28.7074516386 29.5439141537
3968 262144 4563.758 4579.244 5208.498 399.419330486 454.305292315 455.846866552 24.9637081554 28.3940807697 28.4904291595
4352 131072 2429.483 2439.165 2574.204 443.185811226 467.721817917 469.585787593 27.6991132016 29.2326136198 29.3491117246
4768 131072 2769.086 2833.957 3071.074 406.992013869 441.045009504 451.377310781 25.4370008668 27.565313094 28.2110819238
5216 131072 2933.217 2998.911 3124.325 437.644324454 455.946543262 466.158181955 27.3527702784 28.4966589539 29.1348863722
5728 131072 3151.416 3155.187 3447.269 435.579826233 475.902325916 476.471792997 27.2237391396 29.7438953698 29.7794870623
6272 131072 3425.824 3430.006 3722.831 441.64432068 479.348190061 479.93334392 27.6027700425 29.9592618788 29.995833995
6880 131072 3495.689 3519.388 3777.927 477.391627737 512.46146205 515.935691075 29.8369767335 32.0288413781 32.2459806922
7552 131072 3953.481 4070.108 4276.092 462.972145595 486.402692017 500.751486601 28.9357590997 30.4001682511 31.2969679126
8288 65536 2264.867 2272.703 2278.595 476.752005512 477.987988752 479.641734371 29.7970003445 29.874249297 29.9776083982
9088 65536 2446.32 2463.891 2762.169 431.248897515 483.45577625 486.928257955 26.9530560947 30.2159860156 30.4330161222
9984 65536 2560.932 2562.217 2732.382 478.931147987 510.738492485 510.994765968 29.9331967492 31.9211557803 31.937172873
10976 65536 2768.358 2784.326 3063.54 469.602574799 516.694622684 519.674937996 29.3501609249 32.2934139178 32.4796836247
12064 65536 3019.415 3229.932 3585.24 441.04512055 489.562197594 523.695023043 27.5653200344 30.5976373496 32.7309389402
13248 65536 3274.962 3307.473 3364.257 516.144235116 525.005602767 530.217405881 32.2590146948 32.8128501729 33.1385878676
14560 65536 3522.219 3545.826 3793.368 503.090741526 538.212625211 541.819892517 31.4431713454 33.6382890757 33.8637432823
16000 65536 3932.728 4883.972 6714.434 312.334889285 429.394763115 533.25630453 19.5209305803 26.8371726947 33.3285190331
17600 32768 2241.105 2300.93 4080.108 282.696830574 501.290173973 514.671824836 17.6685519109 31.3306358733 32.1669890523
19360 32768 2778.527 3035.39 3039.859 417.380200858 417.994709082 456.636541592 26.0862625536 26.1246693176 28.5397838495
21280 32768 2870.533 2871.093 3236.189 430.940862848 485.74047584 485.835236871 26.933803928 30.35877974 30.3647023044
23392 32768 2918.155 3053.951 3229.174 474.740014629 501.978621137 525.338137282 29.6712509143 31.3736638211 32.8336335801
25728 32768 3377.969 3385.53 3678.16 458.411327403 498.034342629 499.14910646 28.6507079627 31.1271464143 31.1968191538
28288 32768 3652.39 3764.909 3954.178 468.841404712 492.410936891 507.580616528 29.3025877945 30.7756835557 31.723788533
31104 32768 3975.863 4409.04 4654.397 437.958288474 462.330063687 512.701706271 27.3723930296 28.8956289805 32.0438566419
34208 16384 2278.121 2321.324 2536.632 441.89608268 482.88293405 492.040477218 27.6185051675 30.1801833781 30.7525298261
37600 16384 2450.808 2458.488 2483.167 496.171542228 501.152252929 502.722693903 31.0107213893 31.3220158081 31.420168369
41344 16384 2661.1 2681.844 2786.184 486.242183574 505.159954121 509.097813686 30.3901364734 31.5724971326 31.8186133554
45472 16384 2875.317 2878.285 2942.526 506.376662772 517.678581516 518.212946955 31.6485414233 32.3549113448 32.3883091847
50016 16384 3130.538 3403.672 3446.707 475.504383749 481.516517455 523.527996785 29.7190239843 30.094782341 32.7204997991
55008 16384 3381.413 3409.553 3698.765 487.325402939 528.662303827 533.061812917 30.4578376837 33.0413939892 33.3163633073
60480 16384 3678.57 3697.024 4196.273 472.278290759 536.055118928 538.744305532 29.5173931725 33.503444933 33.6715190957
66528 8192 2141.616 2143.106 2162.552 504.031695885 508.605151588 508.959006657 31.5019809928 31.7878219743 31.809937916
73152 8192 2320.302 2337.615 2422.365 494.773648067 512.71161761 516.537230067 30.9233530042 32.0444761006 32.2835768792
80448 8192 2541.891 2609.506 2711.75 486.055142251 505.099444876 518.535229087 30.3784463907 31.5687153047 32.408451818
88480 8192 2727.407 2736.64 2788.271 519.912275385 529.721234799 531.514482437 32.4945172116 33.1075771749 33.2196551523
97312 8192 2983.281 3001.928 3160.797 504.417021403 531.111941392 534.431656958 31.5260638377 33.194496337 33.4019785598
107040 8192 3245.891 3447.915 3544.952 494.715685854 508.638803451 540.296442487 30.9197303659 31.7899252157 33.7685276554
117728 8192 3532.921 3753.523 3826.42 504.08882245 513.878708616 545.966227946 31.5055514031 32.1174192885 34.1228892466
129472 8192 4123.954 4145.541 4385.203 483.733420779 511.6990154 514.377524095 30.2333387987 31.9811884625 32.1485952559
142400 4096 2706.07 2990.251 3039.735 383.763979426 390.114675992 431.083009678 23.9852487141 24.3821672495 26.9426881049
156640 4096 3937.505 4243.193 4254.822 301.586031096 302.412565255 325.890349346 18.8491269435 18.9007853284 20.3681468341
172288 4096 4319.768 4363.024 4486.011 314.61877735 323.487401399 326.726642727 19.6636735844 20.2179625874 20.4204151704
189504 4096 4735.725 4849.622 5001.408 310.395946102 320.110880394 327.809737263 19.3997466313 20.0069300246 20.4881085789
208448 4096 5102.897 5205.875 5798.798 294.475857928 328.015178236 334.634623431 18.4047411205 20.5009486398 20.9146639644
229280 4096 5619.606 5626.345 5938.664 316.276819163 333.833378508 334.233709623 19.7673011977 20.8645861567 20.8896068514
252192 4096 6107.697 6171.66 6936.106 297.855434159 334.748975802 338.254642298 18.6159646349 20.9218109876 21.1409151436
277408 2048 3488.637 3531.611 3793.652 299.516974145 321.74074891 325.704040862 18.7198108841 20.1087968069 20.3565025539
305120 2048 3813.492 3846.534 4117.017 303.562389954 324.908481246 327.723650659 18.9726493721 20.3067800779 20.4827281662
335616 2048 4162.524 4219.047 4428.857 310.392305735 325.82787914 330.252302689 19.3995191084 20.3642424462 20.6407689181
369152 2048 4536.631 4641.257 4978.468 303.71724635 325.783853814 333.297240177 18.9823278969 20.3614908634 20.831077511
406048 2048 4976.677 5066.107 5332.149 311.914128431 328.294015109 334.193400134 19.4946330269 20.5183759443 20.8870875084
446624 2048 5438.815 5509.495 6208.723 294.645437395 332.039851928 336.354868478 18.4153398372 20.7524907455 21.0221792799
491264 2048 5943.411 6033.524 6762.612 297.550316949 333.50614732 338.562711547 18.5968948093 20.8441342075 21.1601694717
540384 1024 3404.356 3445.104 3500.365 316.168865818 321.240355008 325.085399999 19.7605541136 20.077522188 20.3178375
594400 1024 3727.817 3796.1 3976.216 306.153186849 320.679434156 326.553368902 19.1345741781 20.0424646348 20.4095855564
653824 1024 4107.691 4360.046 4547.2 294.473863476 307.114088246 325.981567747 18.4046164673 19.1946305154 20.3738479842
719200 1024 4465.504 4724.881 5560.849 264.873511221 311.737290315 329.844425176 16.5545944513 19.4835806447 20.6152765735
791104 1024 4867.826 4874.934 5154.998 314.293233867 332.34931837 332.834614877 19.6433271167 20.7718323981 20.8021634298
870208 1024 6124.918 6344.788 6838.476 260.61157252 280.889760856 290.973035721 16.2882232825 17.5556100535 18.1858147325
957216 1024 5819.367 6117.523 6118.147 320.420278885 320.452962416 336.871410241 20.0262674303 20.028310151 21.0544631401
1052928 512 3318.071 3337.531 3647.528 295.596982943 323.052661384 324.947317884 18.4748114339 20.1907913365 20.3092073678
1158208 512 3626.052 3638.798 3954.564 299.907901857 325.933176835 327.078870353 18.7442438661 20.3708235522 20.442429397
1274016 512 3976.973 3977.25 4411.076 295.753776176 328.01367377 328.036520238 18.484611011 20.5008546106 20.5022825149
1401408 512 3667.425 4377.195 4617.715 310.768809249 327.845067903 391.294107446 19.423050578 20.4903167439 24.4558817154
1541536 512 3997.202 4754.622 5022.232 314.309029133 331.999655072 394.909455164 19.6443143208 20.749978442 24.6818409477
1695680 512 4278.019 4811.587 5180.304 335.188112512 360.873932031 405.883265128 20.949257032 22.5546207519 25.3677040705
1865248 512 4889.028 5401.912 5673.155 336.675791865 353.581093509 390.673555562 21.0422369916 22.0988183443 24.4170972226
2051744 512 5178.168 5770.244 6305.73 333.186777106 364.106934819 405.739222057 20.8241735691 22.7566834262 25.3587013786
2256896 256 3014.695 3499.787 3797.534 304.284504629 330.171736737 383.299389159 19.0177815393 20.6357335461 23.9562118224
2482560 256 3514.628 3822.0 4177.511 304.265080331 332.566907378 361.651565969 19.0165675207 20.7854317111 22.6032228731
2730816 256 3529.63 3796.672 4769.878 293.126531119 368.264045986 396.125880616 18.3204081949 23.0165028741 24.7578675385
3003872 256 3885.745 4539.445 5781.286 266.027742616 338.804074947 395.801182013 16.6267339135 21.1752546842 24.7375738758
3304256 256 4523.036 5990.693 6630.36 255.156442787 282.401230041 374.036172164 15.9472776742 17.6500768776 23.3772607603
3634656 256 6488.229 7292.741 7953.32 233.983276418 255.177562456 286.818463405 14.6239547761 15.9485976535 17.9261539628
3998112 256 8601.832 8790.607 8924.56 229.370786235 232.86598343 237.976438508 14.3356741397 14.5541239644 14.8735274067
4397920 128 5015.41 5246.241 5630.198 199.969436244 214.604613093 224.48165155 12.4980897652 13.4127883183 14.0301032219
4837696 128 5770.092 6080.131 6558.708 188.825325964 203.688074484 214.63265681 11.8015828727 12.7305046552 13.4145410506
5321440 128 6466.906 6467.574 6482.726 210.141326349 210.633637899 210.655395331 13.1338328968 13.1646023687 13.1659622082
5853568 128 7578.241 7762.253 8269.392 181.212041708 193.051348365 197.738948656 11.3257526067 12.0657092728 12.358684291
6438912 128 8757.474 8974.154 9379.192 175.746639156 183.678759246 188.223393184 10.9841649473 11.4799224529 11.763962074
7082784 128 9992.521 10417.247 10884.819 166.579959116 174.056802531 181.45498058 10.4112474447 10.8785501582 11.3409362862
7791040 128 11006.822 12226.662 12458.954 160.086170958 163.127617333 181.206368196 10.0053856849 10.1954760833 11.3253980123
8570144 64 6152.961 6874.568 6942.029 158.019857307 159.570526032 178.284639217 9.87624108168 9.97315787697 11.142789951
9427136 64 6763.136 7435.632 7948.937 151.803116316 162.28256159 178.419213809 9.48769476975 10.1426600994 11.151200863
10369824 64 7394.821 8166.987 8759.455 151.531969968 162.52474407 179.495551278 9.47074812303 10.1577965044 11.2184719549
11406784 64 8368.636 8855.448 8948.858 163.156947177 164.877977037 174.469095322 10.1973091986 10.3048735648 10.9043184576
12547456 64 8935.894 9707.586 10125.634 158.614696917 165.445288664 179.732925212 9.9134185573 10.3403305415 11.2333078257
13802176 64 10015.216 10810.849 12786.906 138.16309653 163.417186569 176.399443407 8.63519353313 10.2135741605 11.0249652129
15182368 64 11069.458 12097.386 12397.519 156.752581222 160.641571989 175.559011471 9.79703632638 10.0400982493 10.9724382169
16700576 64 12909.701 13233.744 14396.053 148.490265214 161.532044749 165.586618001 9.28064157585 10.0957527968 10.3491636251
18370624 32 7290.216 7649.872 7679.819 153.092141364 153.691452092 161.27367639 9.56825883527 9.60571575577 10.0796047744
20207680 32 8050.545 8182.144 8251.499 156.734130368 158.062669149 160.646455613 9.79588314802 9.8789168218 10.0404034758
22228448 32 9013.43 9240.401 9394.39 151.433001185 153.956594741 157.833440988 9.46456257405 9.6222871713 9.86459006172
24451264 32 9949.972 10604.265 10721.105 145.962649932 147.570896804 157.274904492 9.12266562075 9.22318105027 9.82968153076
26896384 32 11304.818 11393.369 13266.745 129.750634085 151.08512469 152.268579291 8.10941463034 9.4428202931 9.51678620567
29586016 32 12895.659 13259.34 15596.93 121.402418553 142.80537523 146.83274612 7.58765115956 8.92533595186 9.17704663251
32544608 32 14031.409 14896.416 15227.001 136.786942616 139.822552754 148.442320511 8.5491839135 8.7389095471 9.27764503194
35799040 16 7954.984 8600.84 9259.287 123.721111572 133.192720711 144.006484488 7.73256947322 8.32454504444 9.00040528051
39378944 16 9634.329 9756.923 11748.708 107.256577319 129.152009091 130.795430382 6.70353608244 8.07200056821 8.1747143989
43316832 16 10467.659 10825.988 12348.795 112.248897484 128.038071352 132.421071798 7.01555609272 8.0023794595 8.2763169874
47648512 16 12679.324 13550.416 14524.947 104.974729615 112.524396594 120.255021798 6.56092060095 7.03277478714 7.51593886236
52413344 16 15124.539 16514.089 19977.818 83.9544642964 101.563398865 110.89442184 5.24715401852 6.34771242907 6.93090136499
57654656 16 17778.46 19846.802 19992.726 92.2810122041 92.9595101518 103.774398457 5.76756326276 5.80996938449 6.48589990359
63420096 16 20778.445 21358.894 26515.018 76.5393812669 95.0162996268 97.6705943106 4.78371132918 5.93851872667 6.10441214441
69762080 8 15399.687 15629.865 16410.469 68.0171468591 71.4141344151 72.481556281 4.25107167869 4.46338340094 4.53009726756
76738272 8 14893.543 15467.499 17639.894 69.604293087 79.3801474951 82.4392390716 4.35026831794 4.96125921844 5.15245244197
84412096 8 17198.534 19823.54 19896.223 67.8819058271 68.1307948025 78.5295732764 4.24261911419 4.25817467516 4.90809832978
92853280 8 19740.616 19913.687 22128.601 67.1372076346 74.6045913045 75.2586687264 4.19607547716 4.66278695653 4.7036667954
102138592 8 21614.836 22471.213 24950.405 65.4986350723 72.7249335405 75.6062859788 4.09366469202 4.54530834628 4.72539287367
112352448 8 24326.9 25395.943 28989.445 62.0101270652 70.7845016033 73.8951189013 3.87563294158 4.4240313502 4.61844493133
123587680 8 27251.688 28684.229 32369.456 61.0885422356 68.9369367397 72.5607485305 3.81803388973 4.30855854623 4.53504678316
135946432 4 15352.104 16186.345 17349.376 62.686488321 67.1906755972 70.8418504721 3.91790552006 4.19941722483 4.42761565451
149541056 4 17318.209 18256.87 19503.667 61.3386420102 65.5275766328 69.0792245318 3.83366512564 4.09547353955 4.31745153324
164495136 4 19338.814 20472.472 26634.299 49.4085122345 64.2795402529 68.0476624885 3.08803201466 4.01747126581 4.25297890553
180944640 4 21663.51 23456.381 33709.951 42.941537352 61.7127220094 66.8200637847 2.6838460845 3.85704512559 4.17625398654
199039104 4 24656.413 25699.368 30549.817 52.1218451816 61.9592214096 64.5800681551 3.25761532385 3.8724513381 4.03625425969
218943008 4 27091.398 28588.149 33764.626 51.8751211401 61.2681871778 64.6531442933 3.24219507126 3.82926169862 4.04082151833
240837280 4 30116.537 32053.821 37108.408 51.9208002672 60.108223603 63.9747604447 3.2450500167 3.75676397519 3.9984225278
264920992 4 33383.996 35394.711 41379.072 51.218353471 59.8780969281 63.4845491834 3.20114709194 3.74238105801 3.96778432396
291413088 2 18580.177 19841.161 21636.855 53.8734650669 58.7492008154 62.7363427162 3.36709156668 3.67182505096 3.92102141976
320554368 2 20565.327 22018.951 23864.347 53.7294178634 58.2324504015 62.3485088275 3.35808861646 3.63952815009 3.89678180172
352609792 2 22906.21 24482.895 26233.24 53.7653438157 57.6091662363 61.5745323211 3.36033398848 3.60057288977 3.84840827007
387870752 2 25395.607 27134.09 28745.312 53.9734273192 57.1783689079 61.0925743181 3.37333920745 3.57364805674 3.81828589488
426657824 2 28048.264 31622.535 44549.866 38.3083373584 53.968832543 60.8462361877 2.3942710849 3.37305203394 3.80288976173
469323584 2 31235.583 33046.359 34710.528 54.0842921202 56.8079023774 60.1011460551 3.38026825752 3.55049389859 3.75632162845
516255936 2 34753.075 36649.175 64711.83 31.9110701088 56.3457088461 59.4198856936 1.9944418818 3.52160680288 3.71374285585
567881504 1 22163.114 36336.142 36379.987 31.2194451306 31.2571160692 51.2456421061 1.95121532067 1.95356975432 3.20285263163
624669632 1 43063.306 43104.272 46106.504 27.0968118511 28.9841170267 29.0116895345 1.69355074069 1.81150731417 1.8132305959
687136576 1 31185.487 46874.086 50204.727 27.373381634 29.3183989124 44.0677149598 1.71083635212 1.83239993202 2.75423218499
755850208 1 29865.32 51475.882 54651.368 27.6607973656 29.3671590902 50.6172515814 1.72879983535 1.83544744313 3.16357822384
831435200 1 32823.291 56663.663 62673.011 26.5324798261 29.3463272927 50.6612941402 1.65827998913 1.83414545579 3.16633088376
914578720 1 36302.441 43481.559 60968.939 30.0014641882 42.067430011 50.3866238637 1.87509151176 2.62921437569 3.14916399148
1006036576 1 46676.369 66029.823 72217.777 27.8611892471 30.472187575 43.1068910266 1.74132432794 1.90451172344 2.69418068916

META_DATA
ERT_VERSION  1.1.0
OPENMP_THREADS 2
HOSTNAME  ('kcadmin-UniServer-R5200-G3', [], ['127.0.1.1'])
CONFIG  {'ERT_WORKING_SET_MIN': ['1'], 'ERT_CFLAGS': ['-O3', '-march=native', '-fstrict-aliasing', '-ftree-vectorize'], 'ERT_CC': ['gcc'], 'ERT_MPI_CFLAGS': ['-I/usr/local/include'], 'ERT_MPI_LDFLAGS': ['-L/usr/local/lib', '-lmpi'], 'ERT_MEMORY_MAX': ['1073741824'], 'ERT_PROCS_THREADS': ['1-8'], 'ERT_LDFLAGS': [], 'ERT_LDLIBS': [], 'ERT_RUN': ['export', 'OMP_NUM_THREADS=ERT_OPENMP_THREADS;', 'mpirun', '-np', 'ERT_MPI_PROCS', 'ERT_CODE'], 'ERT_FLOPS': ['1,2,4,8,16'], 'ERT_OPENMP_CFLAGS': ['-fopenmp'], 'ERT_MPI': ['True'], 'ERT_TRIALS_MIN': ['1'], 'ERT_DRIVER': ['driver1'], 'ERT_RESULTS': ['Results.p100.01'], 'ERT_OPENMP': ['True'], 'ERT_MPI_PROCS': ['1,2,4,8'], 'ERT_KERNEL': ['kernel1'], 'ERT_GPU': [False], 'ERT_OPENMP_THREADS': ['1,2,4,8'], 'ERT_LD': ['gcc'], 'ERT_NUM_EXPERIMENTS': ['3'], 'ERT_OPENMP_LDFLAGS': ['-fopenmp'], 'ERT_ALIGN': ['32'], 'ERT_GNUPLOT': ['gnuplot']}
FLOPS          1
MPI_PROCS      2
TIMESTAMP_DATA  1560424162.0
TIMESTAMP_DATA  1560424166.08
TIMESTAMP_DATA  1560424170.58
UNAME  ('Linux', 'kcadmin-UniServer-R5200-G3', '4.4.0-141-generic', '#167-Ubuntu SMP Wed Dec 5 10:40:15 UTC 2018', 'x86_64', 'x86_64')
