16 67108864 197004.432 197707.008 203702.055 10.5422777792 10.861950063 10.9006869856 0.658892361199 0.678871878937 0.681292936597
32 33554432 96061.544 101493.105 107091.0 20.0528863116 21.1589117113 22.3552897297 1.25330539448 1.32243198196 1.3972056081
48 16777216 47871.857 48055.276 50647.854 31.8002167673 33.5158357222 33.6442502324 1.98751354796 2.09473973264 2.10276563953
64 16777216 47582.871 48130.914 50648.071 42.4001073605 44.6175538657 45.1314433717 2.65000671003 2.78859711661 2.82071521073
80 8388608 24099.367 25055.11 25440.9 52.7566744887 53.5690036883 55.6934661396 3.29729215554 3.34806273052 3.48084163372
96 8388608 27097.582 28129.799 28230.094 57.0530419063 57.2564608798 59.4375075975 3.56581511914 3.57852880499 3.71484422485
112 8388608 30152.78 31556.346 32320.033 58.1388079647 59.5458102785 62.3175770858 3.63367549779 3.72161314241 3.89484856786
128 8388608 34398.174 34628.301 35146.054 61.1017000088 62.0152761176 62.4301641128 3.81885625055 3.87595475735 3.90188525705
144 4194304 18548.542 18658.873 18860.133 64.0483050676 64.7391486077 65.1242319747 4.00301906673 4.04619678798 4.07026449842
160 4194304 19999.627 20106.729 20404.059 65.7799156531 66.7526418643 67.1101156037 4.11124472832 4.17204011652 4.19438222523
176 4194304 21328.156 21488.763 21491.365 68.6971259387 68.7054442361 69.222815512 4.29357037117 4.29409026476 4.3264259695
192 4194304 23809.499 23851.576 24054.251 66.95750934 67.5264702005 67.6458053989 4.18484433375 4.22040438753 4.22786283743
208 4194304 25230.175 25459.313 28054.685 62.1939067931 68.5340748983 69.1564947132 3.88711917457 4.28337968114 4.32228091957
224 4194304 15023.683 15279.015 15646.96 120.09030457 122.982285965 125.072406813 7.50564403565 7.68639287284 7.81702542579
240 4194304 17293.829 17307.933 17602.197 114.375831608 116.320413304 116.415278537 7.14848947549 7.27002583151 7.27595490854
256 4194304 19095.848 19100.589 19715.225 108.925140241 112.430231759 112.458145247 6.80782126504 7.02688948493 7.02863407794
272 2097152 10274.886 10277.917 10572.938 107.90290154 111.00018496 111.032929027 6.74393134624 6.93751155998 6.9395580642
288 2097152 10960.482 11096.561 11097.416 108.850524482 108.858911513 110.210440745 6.80315778015 6.80368196958 6.88815254658
304 2097152 11969.513 12117.52 12119.77 105.205661164 105.225195915 106.526340378 6.57535382272 6.57657474467 6.65789627364
320 2097152 12986.251 12986.72 13199.212 101.686167326 103.349982136 103.353714632 6.35538545786 6.45937388347 6.45960716453
352 2097152 9050.078 9059.62 9063.127 162.901282085 162.964341551 163.136163909 10.1813301303 10.1852713469 10.1960102443
384 2097152 10271.251 10274.026 10416.587 154.62000519 156.765491541 156.80784512 9.66375032436 9.79784322134 9.80049032002
416 2097152 12309.817 12314.45 12452.601 140.117752428 141.689678711 141.743005928 8.75735952674 8.85560491942 8.85893787048
448 2097152 13815.946 13886.981 14445.334 130.079940831 135.310057096 136.005756826 8.12999630192 8.4568785685 8.50035980164
480 2097152 9910.638 10207.233 11229.937 179.276688729 197.239146006 203.141908725 11.2047930456 12.3274466253 12.6963692953
528 1048576 6211.301 6408.94 7392.243 149.791647271 172.773696742 178.27122788 9.36197795446 10.7983560464 11.1419517425
576 1048576 7567.899 7817.17 8355.643 144.568114267 154.526452924 159.616235893 9.0355071417 9.65790330772 9.97601474333
624 1048576 5869.565 6025.731 6770.882 193.272139139 217.172463889 222.950567546 12.0795086962 13.573278993 13.9344104716
672 1048576 7220.987 7362.089 8407.764 167.617233785 191.42476327 195.165306903 10.4760771116 11.9640477044 12.1978316815
736 1048576 5871.168 6142.047 6830.488 225.972708246 251.301214725 262.895538332 14.1232942654 15.7063259203 16.4309711458
800 1048576 7749.989 8584.79 9710.532 172.773396967 195.429544578 216.480513714 10.7983373105 12.2143465361 13.5300321071
880 1048576 6986.442 7017.308 8064.114 228.852637748 262.991699951 264.153593489 14.3032898592 16.4369812469 16.509599593
960 1048576 8919.5 9161.012 10673.388 188.624822784 219.764576228 225.715109591 11.789051424 13.7352860143 14.1071943495
1056 524288 4343.029 4448.974 4956.434 223.405830886 248.888003391 254.959443283 13.9628644304 15.555500212 15.9349652052
1152 524288 4271.627 4289.131 5483.377 220.294820509 281.632701822 282.786758301 13.7684262818 17.6020438639 17.6741723938
1264 524288 4647.188 4648.629 6093.637 217.505582298 285.11633516 285.20474403 13.5940988936 17.8197709475 17.8252965019
1376 524288 4675.636 4679.982 5622.84 256.603527043 308.300454147 308.587019178 16.0377204402 19.2687783842 19.2866886986
1504 524288 5143.739 5153.475 5923.424 266.240995748 306.018425237 306.597652797 16.6400622343 19.1261515773 19.1623532998
1648 524288 5718.723 5954.36 7963.313 217.001799126 290.216454497 302.174672213 13.5626124453 18.1385284061 18.8859170133
1808 524288 6367.835 6393.073 7385.275 256.703427834 296.543682201 297.71899052 16.0439642397 18.5339801376 18.6074369075
1984 524288 7289.702 8381.389 8548.054 243.374080697 248.213605645 285.385436058 15.2108800436 15.5133503528 17.8365897536
2176 262144 4027.166 4142.244 4275.209 266.852611884 275.418514216 283.288716681 16.6782882428 17.2136571385 17.7055447925
2384 262144 4324.461 4515.942 4966.225 251.680620995 276.775607836 289.030839219 15.7300388122 17.2984754897 18.0644274512
2608 262144 4557.596 4773.558 5260.587 259.922153935 286.44107896 300.014109193 16.2451346209 17.902567435 18.7508818245
2864 262144 5072.491 5698.825 7947.711 188.929973926 263.486040017 296.020403388 11.8081233704 16.4678775011 18.5012752117
3136 262144 5374.953 6245.915 7119.179 230.94898555 263.23879976 305.894240936 14.4343115969 16.452424985 19.1183900585
3440 262144 5467.403 5496.75 5535.956 325.788485313 328.112197207 329.873382299 20.3617803321 20.5070123255 20.6170863937
3776 262144 6280.527 6290.543 6553.859 302.068062191 314.712336916 315.214230908 18.8792538869 19.6695210572 19.7008894317
4144 131072 3469.409 3490.36 3947.574 275.187934666 311.23572812 313.115212418 17.1992459166 19.4522330075 19.5697007761
4544 131072 3786.829 3794.68 4330.592 275.062239989 313.9085077 314.559314931 17.1913899993 19.6192817313 19.6599571832
4992 131072 3967.45 3977.081 4553.786 287.37029979 329.04103487 329.839783236 17.9606437369 20.5650646793 20.6149864523
5488 131072 4298.533 4987.639 5360.715 268.368356087 288.442341557 334.683081879 16.7730222554 18.0276463473 20.9176926175
6032 131072 4741.389 5534.399 5784.083 273.379999561 285.713517945 333.499868498 17.0862499726 17.8570948715 20.8437417812
6624 131072 5154.165 5972.36 5972.698 290.729893927 290.746347508 336.90071156 18.1706183705 18.1716467192 21.0562944725
7280 131072 5570.806 5576.913 6493.393 293.900018065 342.197972247 342.573107015 18.368751129 21.3873732655 21.4108191885
8000 131072 6234.083 6400.498 7511.828 279.179981224 327.654504384 336.401039255 17.4487488265 20.478406524 21.0250649534
8800 65536 3443.496 3446.419 3919.463 294.283579154 334.67596366 334.960052226 18.3927236971 20.9172477287 20.9350032641
9680 65536 4178.156 4362.51 4768.642 266.066725076 290.836458828 303.669121019 16.6291703173 18.1772786767 18.9793200637
10640 65536 4354.043 4449.854 4488.681 310.693961099 313.404907217 320.301402627 19.4183725687 19.5878067011 20.0188376642
11696 65536 4511.832 4514.486 4520.01 339.162548755 339.577553679 339.777303765 21.1976592972 21.223597105 21.2360814853
12864 65536 5305.878 5306.98 5612.357 300.4281816 317.71557609 317.781563768 18.77676135 19.8572235056 19.8613477355
14144 65536 5756.962 6013.632 6033.487 307.26549473 308.279982546 322.024423298 19.2040934206 19.2674989091 20.1265264561
15552 65536 6258.043 6275.476 6432.156 316.912671894 324.825040204 325.729903741 19.8070419934 20.3015650128 20.3581189838
17104 32768 3502.959 3784.322 4158.983 269.519674401 296.203056717 319.99453719 16.8449796501 18.5126910448 19.9996585744
18800 32768 3796.16 4078.371 4575.429 269.281153745 302.100225801 324.558711962 16.8300721091 18.8812641126 20.2849194976
20672 32768 4137.452 4138.267 4164.714 325.294892278 327.373799709 327.438286172 20.3309307674 20.4608624818 20.4648928858
22736 32768 4500.082 4503.945 4533.93 328.639060594 330.82697413 331.110965534 20.5399412871 20.6766858832 20.6944353458
25008 32768 4908.49 4918.955 5045.803 324.809408532 333.185460733 333.895818877 20.3005880333 20.8240912958 20.8684886798
27504 32768 5338.042 5338.972 5339.462 337.58122897 337.612211489 337.671030689 21.0988268106 21.1007632181 21.104439418
30240 32768 5825.043 5856.634 6524.865 303.731746174 338.386971083 340.222147716 18.9832341359 21.1491856927 21.2638842323
33264 16384 3282.571 3295.176 3351.316 325.243800346 330.784987509 332.055194541 20.3277375216 20.6740617193 20.7534496588
36576 16384 3576.816 3577.31 3856.824 310.753710307 335.034528179 335.080800354 19.4221068942 20.9396580112 20.9425500221
40224 16384 3899.595 3899.881 3900.009 337.963330854 337.974423322 337.999210687 21.1227081784 21.1234014576 21.124950668
44240 16384 4272.404 4338.236 4481.794 323.454473811 334.158012612 339.306938202 20.2159046132 20.8848757882 21.2066836376
48656 16384 4641.474 4652.899 4664.347 341.818438465 342.659449088 343.502906189 21.3636524041 21.416215568 21.4689316368
53520 16384 5071.99 5094.699 5544.322 316.313403154 344.229042776 345.770271629 19.7695876971 21.5143151735 21.6106419768
58864 16384 5549.221 5550.451 5649.009 341.450252956 347.513301532 347.590328805 21.3406408097 21.7195813457 21.7243955503
64736 16384 6077.641 6256.74 6349.944 334.061095342 339.037461681 349.02838914 20.8788184589 21.1898413551 21.8142743212
71200 8192 4195.607 4202.46 4212.595 276.917387026 277.585223893 278.038624685 17.3073366891 17.3490764933 17.3774140428
78320 8192 6160.41 6170.229 6172.131 207.901433071 207.965519594 208.29699322 12.9938395669 12.9978449746 13.0185620762
86144 8192 6764.217 7122.561 7470.099 188.937696274 198.156715822 208.654349203 11.8086060171 12.3847947389 13.0408968252
94752 8192 7432.119 7432.956 7547.647 205.682216988 208.855907125 208.87942833 12.8551385617 13.0534941953 13.0549642706
104224 8192 8177.212 8686.265 8925.576 191.316058034 196.586912327 208.824965771 11.9572536271 12.2866820204 13.0515603607
114640 8192 9146.779 9170.001 9219.013 203.737836144 204.8267781 205.34679585 12.733614759 12.8016736312 12.8341747406
126096 8192 9805.679 10366.067 10566.654 195.516656834 199.299972111 210.68983229 12.2197910521 12.4562482569 13.1681145181
138704 4096 5485.013 5513.405 5647.894 201.18351513 206.091003291 207.157789416 12.5739696956 12.8806877057 12.9473618385
152560 4096 6014.475 6396.113 6639.887 188.221805582 195.395472219 207.793950428 11.7638628489 12.2122170137 12.9871219017
167808 4096 6589.437 6592.857 10381.144 132.421160519 208.510989394 208.619209198 8.27632253247 13.0319368371 13.0387005749
184576 4096 7355.53 8461.293 11337.962 133.361409396 178.701599389 205.565960849 8.33508808726 11.1688499618 12.847872553
203024 4096 7930.28 7931.272 9694.921 171.550919084 209.698092311 209.724323479 10.7219324428 13.1061307694 13.1077702174
223312 4096 9037.921 10123.807 10366.443 176.470550603 180.699997936 202.410698655 11.0294094127 11.293749871 12.6506686659
245632 4096 9550.813 9595.189 11751.265 171.234104924 209.711069162 210.685450966 10.7021315578 13.1069418226 13.1678406854
270192 2048 5346.252 5385.929 6583.208 168.11050661 205.481065941 207.00603563 10.5069066631 12.8425666213 12.9378772269
297200 2048 5858.196 5869.85 7470.387 162.954235169 207.387105292 207.799670752 10.1846396981 12.9616940808 12.987479422
326912 2048 6425.364 6709.812 7602.865 176.121968758 199.563199684 208.397773574 11.0076230474 12.4726999803 13.0248608484
359600 2048 7066.414 7124.834 8672.119 169.845639803 206.730655058 208.439754591 10.6153524877 12.9206659411 13.027484662
395552 2048 7727.204 7729.697 9187.354 176.349032812 209.604722151 209.672346168 11.0218145507 13.1002951345 13.1045216355
435104 2048 8535.811 8890.52 10620.904 167.79983926 200.459138948 208.789297701 10.4874899538 12.5286961843 13.0493311063
478608 2048 9315.717 9399.01 10235.007 191.536592794 208.572856929 210.437733134 11.9710370496 13.035803558 13.1523583209
526464 1024 5283.889 5743.29 5884.331 183.232090785 187.731817826 204.053921647 11.4520056741 11.7332386141 12.753370103
579104 1024 5712.29 5726.806 5728.796 207.025174574 207.09711347 207.623386068 12.9390734109 12.9435695918 12.9764616292
637008 1024 6271.149 6278.15 6323.499 206.308625019 207.798855395 208.030838368 12.8942890637 12.9874284622 13.001927398
700704 1024 6894.917 6900.222 7128.314 201.315737775 207.970380083 208.130394028 12.5822336109 12.9981487552 13.0081496267
770768 1024 7578.488 7764.062 8006.865 197.147430861 203.312758708 208.291266543 12.3217144288 12.7070474193 13.0182041589
847840 1024 8294.568 8321.141 8322.957 208.624929818 208.670459977 209.338969793 13.0390581136 13.0419037485 13.0836856121
932624 1024 9110.389 9418.179 10239.458 186.534673222 202.800769873 209.652293881 11.6584170764 12.6750481171 13.1032683676
1025872 1024 9980.948 10011.332 10047.594 209.103378978 209.860771374 210.499629494 13.0689611861 13.1162982109 13.1562268434
1128448 512 5579.032 5618.963 5732.712 201.567905731 205.648400248 207.120294703 12.5979941082 12.8530250155 12.945018419
1241280 512 6140.808 6162.587 6781.307 187.437424673 206.256028515 206.987536494 11.7148390421 12.8910017822 12.9367210308
1365408 512 6727.922 6745.303 8830.368 158.337431917 207.281688013 207.817182185 9.8960894948 12.9551055008 12.9885738866
1501936 512 7409.711 7444.381 8188.282 187.82724679 206.596420038 207.563083634 11.7392029244 12.9122762524 12.9726927272
1652128 512 8138.718 8543.689 9222.425 183.441889958 198.015057898 207.868004764 11.4651181224 12.3759411186 12.9917502978
1817328 512 9771.816 10077.832 10526.287 176.790151361 184.657163565 190.439921505 11.0493844601 11.5410727228 11.9024950941
1999056 512 11127.059 12290.506 13846.92 147.833116968 166.55403317 183.968948489 9.23956981047 10.4096270731 11.4980592805
2198960 256 6899.467 7399.781 9597.266 117.31127594 152.14876224 163.181811001 7.33195474628 9.50929764002 10.1988631875
2418848 256 8951.351 9336.145 9570.831 129.398395604 132.651129133 138.353436928 8.08739972527 8.29069557082 8.64708980801
2660720 256 11089.623 11414.128 13496.703 100.93492018 119.35109191 122.843548424 6.30843251126 7.45944324437 7.67772177648
2926784 256 13611.128 13946.818 16011.87 93.5876576565 107.444824189 110.094726021 5.84922860353 6.71530151179 6.88092037633
3219456 256 16696.449 17464.923 20037.135 82.2653274533 94.3812619157 98.7252721821 5.14158296583 5.89882886973 6.17032951138
3541392 256 18955.44 20133.914 22031.265 82.3008893951 90.0566429359 95.6555323432 5.1438055872 5.62854018349 5.97847077145
3895520 256 21208.414 22315.296 24633.768 80.9663483069 89.3784353118 94.0431585313 5.06039676918 5.58615220699 5.87769740821
4285072 128 11659.481 12450.203 13581.609 80.7694016224 88.1092807884 94.0846708357 5.0480876014 5.50683004928 5.88029192723
4713568 128 12817.964 13672.36 14329.242 84.2105540544 88.2564098663 94.1392414583 5.2631596284 5.51602561665 5.88370259114
5184912 128 14483.225 15020.895 15807.094 83.9709988439 88.3660708633 91.6465408775 5.24818742775 5.52287942896 5.72790880484
5703392 128 15905.333 16429.38 17765.263 82.1867006416 88.8693518562 91.7974085799 5.1366687901 5.55433449102 5.73733803624
6273728 128 17417.418 17665.746 19608.588 81.906681297 90.9146077386 92.2108183888 5.11916758106 5.68216298366 5.7631761493
6901088 128 19138.556 19270.302 21772.394 81.1430533546 91.6788189412 92.3099176343 5.07144083466 5.72992618382 5.76936985215
7591184 128 20686.991 20786.73 25111.023 77.3900411783 93.489601491 93.9403465685 4.83687757365 5.84310009318 5.87127166053
8350288 128 23029.337 23123.321 25861.469 82.6586350528 92.4466571216 92.8239370504 5.1661646908 5.7779160701 5.80149606565
9185312 64 12816.914 13029.139 14902.538 78.8939398108 90.2377306743 91.7319048876 4.93087123817 5.63985816714 5.73324405547
10103840 64 13770.947 13800.208 15858.434 81.5522844185 93.7153642902 93.9144940431 5.09701777616 5.85721026814 5.8696558777
11114224 64 15275.461 16794.369 17340.882 82.0385417535 84.7081942763 93.1311121805 5.1274088596 5.29426214227 5.82069451128
12225632 64 16837.222 17108.271 18861.692 82.9660931798 91.469260453 92.9417510798 5.18538082374 5.71682877831 5.80885944249
13448192 64 18485.215 18592.247 19499.548 88.2773578136 92.5852897716 93.1213716476 5.51733486335 5.78658061072 5.82008572797
14793008 64 20538.527 20568.24 20879.623 90.686743913 92.0596523572 92.1928346663 5.66792149456 5.75372827233 5.76205216664
16272304 64 22598.019 23253.564 25229.658 82.5558123697 89.5714270724 92.1698009016 5.15973827311 5.59821419203 5.76061255635
17899520 32 12487.75 12686.432 12694.619 90.2405404999 90.2987758891 91.7354431343 5.64003378124 5.64367349307 5.73346519589
19689472 32 13601.899 14123.235 14348.753 87.8213046109 89.2236239077 92.6434028072 5.48883153818 5.57647649423 5.79021267545
21658416 32 15595.725 15674.787 16540.783 83.8012701092 88.4310979154 88.879396373 5.23757938182 5.52694361971 5.55496227332
23824256 32 17103.857 17150.143 17690.25 86.1916809542 88.9061032319 89.1466985488 5.38698005964 5.55663145199 5.5716686593
26206672 32 19154.872 19190.144 19199.941 87.3558417706 87.400438892 87.561379058 5.45974011066 5.46252743075 5.47258619113
28827328 32 21034.009 21246.296 21492.038 85.8433710195 86.8362651071 87.7126653317 5.36521068872 5.42726656919 5.48204158323
31710048 32 24020.7 24240.166 24544.003 82.6859038438 83.7223256639 84.4872577402 5.16786899024 5.232645354 5.28045360876
34881040 16 13654.239 13804.93 14066.365 79.3519349171 80.8546859709 81.7470149746 4.95949593232 5.05341787318 5.10918843591
38369136 16 15488.645 15817.372 16009.917 76.6907381219 77.6242951105 79.2717730957 4.79317113262 4.8515184444 4.95448581848
42206048 16 17844.611 18431.691 19041.378 70.9294010129 73.275617305 75.6863534879 4.43308756331 4.57972608156 4.73039709299
46426640 16 20495.115 20824.308 21701.536 68.4584022071 71.3422256336 72.488126073 4.27865013794 4.4588891021 4.53050787956
51069296 16 23515.817 23803.484 26209.526 62.3520422308 68.6545495609 69.4943948577 3.89700263942 4.29090934756 4.34339967861
56176224 16 27479.3 27858.458 29872.073 60.1779182851 64.5275904359 65.4179388849 3.76111989282 4.03297440224 4.08862118031
61793840 16 31482.266 31529.664 32436.065 60.9630940128 62.7156343943 62.8100556675 3.8101933758 3.91972714965 3.92562847922
67973216 8 17939.827 17946.383 17967.531 60.5298221553 60.6011504379 60.6232967575 3.78311388471 3.78757190237 3.78895604735
74770528 8 20487.25 20538.724 20646.562 57.9432279331 58.2474572422 58.3938033655 3.62145174582 3.64046607764 3.64961271034
82247568 8 23247.599 23576.551 23898.821 55.0638497188 55.8165224422 56.6063225712 3.44149060742 3.48853265263 3.5378951607
90472320 8 26395.282 26418.268 27646.753 52.3590282013 54.7937934463 54.8415099335 3.27243926258 3.42461209039 3.42759437084
99519552 8 29674.076 29710.3 30297.693 52.5555801229 53.5946399733 53.6600644954 3.28472375768 3.34966499833 3.35375403096
109471504 8 34209.641 34256.421 38548.432 45.4374918285 51.1303870302 51.2003053174 2.83984323928 3.19564918939 3.20001908234
120418640 8 37778.466 42450.174 53125.127 36.2671742884 45.3872872229 50.9999066664 2.26669839302 2.83670545143 3.18749416665
132460496 8 41820.227 41997.341 65242.686 32.4843758885 50.4643362064 50.6780591124 2.03027349303 3.1540210129 3.16737869453
145706544 4 23647.494 25279.625 28025.902 41.5919656038 46.1103498173 49.2928490435 2.59949785024 2.88189686358 3.08080306522
160277184 4 26110.735 26240.004 27190.463 47.1568826173 48.864987673 49.1069084038 2.94730516358 3.05406172956 3.06918177524
176304896 4 29131.821 29225.931 29965.904 47.0681334359 48.2598541685 48.4157570514 2.94175833975 3.01624088553 3.02598481571
193935376 4 32466.603 32520.335 33280.181 46.6188272233 47.7080881239 47.7870446748 2.91367670146 2.98175550775 2.98669029218
213328912 4 36252.28 37128.252 37189.914 45.8896273866 45.965840137 47.0765230766 2.86810171166 2.87286500857 2.94228269229
234661792 4 40650.585 41771.904 42695.382 43.9694938436 44.9415553574 46.1812378838 2.74809336523 2.80884720984 2.88632736774
258127968 4 44488.617 45644.735 45804.796 45.08313374 45.24122539 46.4169012941 2.81769585875 2.82757658687 2.90105633088
283940752 2 24860.016 24904.518 25532.555 44.4829359224 45.6046974288 45.6863345542 2.78018349515 2.8502935893 2.85539590964
312334816 2 27482.388 27532.337 28238.3 44.2427222602 45.3771601009 45.4596326928 2.76517014126 2.8360725063 2.8412270433
343568288 2 30440.206 30530.404 31230.193 44.0046320559 45.0132645477 45.146644277 2.75028950349 2.81332903423 2.82166526731
377925104 2 33717.713 33781.078 34459.44 43.8689780217 44.7499163881 44.8340139795 2.74181112636 2.79686977426 2.80212587372
415717600 2 37440.797 37861.103 73661.171 22.5745854624 43.9202840974 44.4133280603 1.4109115914 2.74501775609 2.77583300377
457289360 2 41402.315 41640.774 84526.839 21.6399602971 43.9270758992 44.1800764039 1.35249751857 2.7454422437 2.76125477525
503018288 2 45619.847 45801.286 45912.792 43.8238030046 43.9304947027 44.1052148202 2.73898768779 2.74565591892 2.75657592626
553320112 1 30885.263 44736.507 49924.534 22.1662604602 24.7368491241 35.8306880534 1.38539127876 1.54605307026 2.23941800334
608652112 1 34145.45 49303.445 57886.513 21.0291510218 24.6900439513 35.650554437 1.31432193886 1.54312774696 2.22815965231
669517312 1 37477.455 60626.155 62625.991 21.3814520556 22.086748269 35.7290702904 1.33634075347 1.38042176681 2.23306689315
736469040 1 41505.655 60076.737 69859.193 21.0843844131 24.5176112012 35.4876481289 1.31777402582 1.53235070007 2.21797800806
810115936 1 44916.363 72958.838 74318.316 21.8012457656 22.2074791268 36.0721964955 1.36257786035 1.38796744542 2.25451228097
891127520 1 48954.989 73752.02 93851.351 18.9901905621 24.1655081447 36.4059940857 1.18688691013 1.51034425905 2.27537463036
980240272 1 53890.473 80940.385 95483.328 20.5321765073 24.2212900766 36.3789819399 1.28326103171 1.51383062979 2.27368637124

META_DATA
ERT_VERSION  1.1.0
TIMESTAMP_DATA  1560424155.1
TIMESTAMP_DATA  1560424148.4
HOSTNAME  ('kcadmin-UniServer-R5200-G3', [], ['127.0.1.1'])
OPENMP_THREADS 1
CONFIG  {'ERT_WORKING_SET_MIN': ['1'], 'ERT_CFLAGS': ['-O3', '-march=native', '-fstrict-aliasing', '-ftree-vectorize'], 'ERT_CC': ['gcc'], 'ERT_MPI_CFLAGS': ['-I/usr/local/include'], 'ERT_MPI_LDFLAGS': ['-L/usr/local/lib', '-lmpi'], 'ERT_MEMORY_MAX': ['1073741824'], 'ERT_PROCS_THREADS': ['1-8'], 'ERT_LDFLAGS': [], 'ERT_LDLIBS': [], 'ERT_RUN': ['export', 'OMP_NUM_THREADS=ERT_OPENMP_THREADS;', 'mpirun', '-np', 'ERT_MPI_PROCS', 'ERT_CODE'], 'ERT_FLOPS': ['1,2,4,8,16'], 'ERT_OPENMP_CFLAGS': ['-fopenmp'], 'ERT_MPI': ['True'], 'ERT_TRIALS_MIN': ['1'], 'ERT_DRIVER': ['driver1'], 'ERT_RESULTS': ['Results.p100.01'], 'ERT_OPENMP': ['True'], 'ERT_MPI_PROCS': ['1,2,4,8'], 'ERT_KERNEL': ['kernel1'], 'ERT_GPU': [False], 'ERT_OPENMP_THREADS': ['1,2,4,8'], 'ERT_LD': ['gcc'], 'ERT_NUM_EXPERIMENTS': ['3'], 'ERT_OPENMP_LDFLAGS': ['-fopenmp'], 'ERT_ALIGN': ['32'], 'ERT_GNUPLOT': ['gnuplot']}
FLOPS          1
MPI_PROCS      2
TIMESTAMP_DATA  1560424141.63
UNAME  ('Linux', 'kcadmin-UniServer-R5200-G3', '4.4.0-141-generic', '#167-Ubuntu SMP Wed Dec 5 10:40:15 UTC 2018', 'x86_64', 'x86_64')
