64 16777216 52236.452 52267.928 52487.406 40.9142651858 41.086068076 41.1108252145 2.55714157411 2.56787925475 2.56942657591
128 8388608 26116.81 26130.338 26256.603 81.7883276066 82.1835388429 82.2261083187 5.11177047541 5.13647117768 5.13913176992
192 4194304 13058.47 13083.323 20709.773 77.7706610304 123.104255394 123.338548544 4.8606663144 7.69401596215 7.70865928397
256 4194304 13058.835 13065.183 21423.297 100.240576789 164.366901558 164.446801572 6.26503604931 10.2729313474 10.2779250982
320 2097152 6533.132 6533.57 12032.862 111.542647128 205.42785644 205.441628916 6.97141544547 12.8392410275 12.8401018072
384 2097152 7264.001 7273.12 13531.621 119.025853296 221.447293046 221.725291062 7.43911583099 13.8404558154 13.8578306914
448 2097152 7985.53 7986.791 10351.808 181.518841153 235.269483326 235.306634876 11.3449275721 14.7043427079 14.7066646797
512 2097152 9430.726 9432.902 9435.249 227.60222311 227.658852811 227.711381711 14.2251389444 14.2286783007 14.231961357
576 1048576 5082.069 5109.661 9300.716 129.878124652 236.406985121 237.690505973 8.11738279074 14.7754365701 14.8556566233
640 1048576 5444.299 5445.893 7173.546 187.100951189 246.456784957 246.528943396 11.6938094493 15.4035490598 15.4080589622
704 1048576 5803.255 5807.103 5808.136 254.194290216 254.23950772 254.408087875 15.8871431385 15.8899692325 15.9005054922
768 1048576 6531.145 6531.857 6535.815 246.428752344 246.578076648 246.60495763 15.4017970215 15.4111297905 15.4128098519
832 1048576 6890.455 6891.257 6891.982 253.16816904 253.194803793 253.224273869 15.823010565 15.824675237 15.8265171168
896 1048576 4451.924 4457.037 4457.986 421.501591077 421.591337922 422.075532287 26.3438494423 26.3494586202 26.3797207679
960 1048576 5057.476 5058.253 5060.673 397.825727922 398.016058113 398.077206891 24.8641079951 24.8760036321 24.8798254307
1024 1048576 5664.153 5665.346 5667.385 378.919668948 379.056044944 379.135882805 23.6824793092 23.691002809 23.6959926753
1088 524288 3032.987 3036.205 3037.345 375.60787069 375.748899696 376.147569376 23.4754919181 23.484306231 23.509223086
1152 524288 3235.899 3239.342 6011.617 200.937543426 372.902753707 373.299522637 12.5585964641 23.3064221067 23.3312201648
1216 524288 3541.868 3581.594 4184.772 304.692445849 356.005849909 359.998852583 19.0432778656 22.2503656193 22.4999282864
1280 524288 3844.772 3844.793 3845.308 349.042854305 349.089607685 349.091514399 21.815178394 21.8181004803 21.81821965
1408 524288 2628.353 2628.679 2628.747 561.634500391 561.649029037 561.718691515 35.1021562745 35.1030643148 35.1074182197
1536 524288 3036.547 3036.551 3191.024 504.732253972 530.408590536 530.409289235 31.5457658733 33.1505369085 33.1505805772
1664 524288 3642.756 3681.356 3835.277 454.9424889 473.964067588 478.986367465 28.4339055562 29.6227542243 29.9366479665
1792 524288 3843.621 4047.534 4047.981 464.193925811 464.245190281 488.874473316 29.0121203632 29.0153243926 30.5546545822
1920 524288 2847.89 2854.882 2878.311 699.460871323 705.201097629 706.932472813 43.7163044577 44.0750686018 44.1832795508
2112 262144 1753.94 1819.845 1820.432 608.260158028 608.456355349 631.319347298 38.0162598768 38.0285222093 39.4574592061
2304 262144 2120.881 2227.719 2228.328 542.092345472 542.240539314 569.555553565 33.880771592 33.8900337071 35.5972220978
2496 262144 1663.037 1719.477 1720.491 760.610109556 761.058652137 786.887392163 47.5381318472 47.5661657585 49.1804620102
2688 262144 2030.238 2126.637 2128.674 662.048836036 662.682979747 694.148244689 41.3780522522 41.4176862342 43.384265293
2944 262144 1719.624 1719.989 1778.634 867.802972393 897.391711226 897.582187734 54.2376857746 56.0869819516 56.0988867334
3200 262144 2116.418 2228.014 2236.785 750.059393281 753.012144448 792.717506655 46.8787120801 47.063259028 49.5448441659
3520 262144 1937.093 2025.823 2027.36 910.294057296 910.984701033 952.713039591 56.893378581 56.9365438145 59.5445649744
3840 262144 2502.957 2632.226 2633.535 764.472816955 764.852987547 804.354976933 47.7795510597 47.8033117217 50.2721860583
4224 131072 1255.391 1268.27 1279.73 865.257715299 873.076124169 882.032972994 54.0786072062 54.5672577606 55.1270608121
4608 131072 1213.823 1214.235 1219.458 990.570853609 994.83176815 995.169437389 61.9106783505 62.1769855094 62.1980898368
5056 131072 1825.273 1825.574 1844.225 718.675901259 726.018262749 726.137988126 44.9172438287 45.3761414218 45.3836242579
5504 131072 1452.312 1593.231 1595.842 904.124954726 905.6066421 993.478382056 56.5078096704 56.6004151313 62.0923988785
6016 131072 1661.688 1692.443 1697.499 929.048149071 931.823585196 949.070044437 58.0655093169 58.2389740748 59.3168777773
6592 131072 2191.374 2231.06 2241.151 771.056143919 774.543601696 788.570662972 48.1910089949 48.408975106 49.2856664358
7232 131072 2329.254 2492.329 2493.178 760.405156792 760.664185186 813.919567381 47.5253222995 47.5415115741 50.8699729613
7936 131072 2430.612 2859.616 2864.967 726.142669008 727.501449146 855.90574884 45.383916813 45.4688405716 53.4941093025
8704 65536 1424.885 1429.319 1498.231 761.465146563 798.17779516 800.66158883 47.5915716602 49.8861121975 50.0413493019
9536 65536 1557.122 1675.755 1697.955 736.122330686 745.874302628 802.70048975 46.0076456679 46.6171439142 50.1687806094
10432 65536 1758.711 1760.513 1760.824 776.535930905 776.67310835 777.468898529 48.5334956816 48.5420692719 48.591806158
11456 65536 1903.261 1904.739 1917.674 783.011519163 788.328916455 788.941102665 48.9382199477 49.2705572785 49.3088189166
12544 65536 2061.171 2086.686 2087.41 787.658949607 787.93223705 797.685960068 49.2286843505 49.2457648156 49.8553725043
13760 65536 2032.352 2155.064 2156.585 836.299390008 836.889632976 887.420446852 52.2687118755 52.305602061 55.4637779282
15104 65536 2128.311 2451.942 2457.347 805.629602982 807.405512855 930.17960627 50.3518501864 50.4628445534 58.1362253919
16576 32768 1321.534 1322.707 1322.749 821.262942554 821.289020168 822.018000294 51.3289339096 51.3305637605 51.3761250183
18176 32768 1366.228 1445.335 1450.273 821.350418852 824.15656993 871.876682369 51.3344011783 51.5097856206 54.4922926481
19968 32768 1417.857 1515.549 1516.012 863.200850653 863.464558388 922.958272943 53.9500531658 53.9665348992 57.6848920589
21952 32768 1521.449 1643.508 1661.209 866.023644225 875.350939576 945.576402495 54.1264777641 54.7094337235 59.098525156
24128 32768 1663.174 1830.114 1847.951 855.678861615 864.018639276 950.743943809 53.4799288509 54.0011649548 59.421496488
26496 32768 1993.846 1994.26 2120.318 818.953504144 870.719894096 870.900689421 51.184594009 54.419993381 54.4312930888
29120 32768 2154.243 2155.377 2172.368 878.492189169 885.417409576 885.883495966 54.905761823 55.3385880985 55.3677184979
32000 32768 2436.981 2438.629 2454.293 854.483144433 859.971730017 860.553282935 53.4051965271 53.7482331261 53.7845801834
35200 16384 1305.494 1305.618 1306.622 882.759971897 883.438800629 883.522712475 55.1724982436 55.2149250393 55.2201695297
38720 16384 1602.472 1609.843 1639.781 773.747811446 788.137079206 791.762327204 48.3592382153 49.2585674504 49.4851454503
42560 16384 1733.094 1736.281 1745.039 799.183330573 803.214502722 804.691540101 49.9489581608 50.2009064201 50.2932212563
46784 16384 1742.873 1744.108 1748.132 876.946427386 878.969715178 879.592553215 54.8091517117 54.9356071986 54.974534576
51456 16384 2059.382 2062.026 2062.274 817.597568509 817.695901022 818.745724688 51.0998480318 51.1059938139 51.171607793
56576 16384 2241.606 2242.069 2245.748 825.507745304 826.862316905 827.033103944 51.5942340815 51.6788948065 51.6895689965
62208 16384 2438.101 2442.837 2442.953 834.413000987 834.452623732 836.073544123 52.1508125617 52.1532889833 52.2545965077
68416 8192 1332.187 1336.834 1446.163 775.104703965 838.494341107 841.419218173 48.4440439978 52.4058963192 52.5887011358
75200 8192 1450.713 1451.21 1453.201 847.836465843 848.999662351 849.290521282 52.9897791152 53.0624788969 53.0806575801
82688 8192 1583.695 1587.271 1591.223 851.395556751 853.515368201 855.442614897 53.2122222969 53.3447105126 53.4651634311
90944 8192 1729.854 1730.686 1733.769 859.4146602 860.945599606 861.35968469 53.7134162625 53.8090999754 53.8349802931
100032 8192 1894.056 1894.152 1894.184 865.240276552 865.254894011 865.298749351 54.0775172845 54.0784308757 54.0811718344
110016 8192 2067.409 2069.11 2071.481 870.151424995 871.148534394 871.865288388 54.3844640622 54.4467833996 54.4915805242
120960 8192 2263.43 2268.664 2269.515 873.230024917 873.557582789 875.577614505 54.5768765573 54.5973489243 54.7236009066
133056 4096 1239.393 1240.318 1240.516 878.662388877 878.802655448 879.458534944 54.9163993048 54.9251659655 54.966158434
146304 4096 1358.023 1358.387 1364.127 878.600282818 882.312896104 882.549388339 54.9125176761 55.1445560065 55.1593367712
160896 4096 1493.251 1495.288 1495.688 881.239959136 881.475696989 882.678151228 55.077497446 55.0922310618 55.1673844518
176960 4096 1636.162 1710.901 1766.602 820.590217831 847.305788003 886.010260598 51.2868886144 52.9566117502 55.3756412874
194624 4096 1787.059 1787.51 1795.59 887.930879544 891.944553037 892.169653044 55.4956799715 55.7465345648 55.7606033153
214080 4096 1960.252 1960.699 1968.821 890.758154246 894.448031034 894.651993723 55.6723846404 55.9030019396 55.9157496077
235456 4096 2154.816 2156.368 2156.854 894.291200053 894.492754483 895.137010306 55.8932000033 55.9057971552 55.9460631441
258944 4096 2366.653 2367.396 2368.522 895.608842983 896.034819692 896.316125769 55.9755526864 56.0021762308 56.0197578606
284800 2048 1695.903 1707.076 1732.107 673.480795355 683.35610131 687.858208872 42.0925497097 42.7097563319 42.9911380545
313280 2048 2503.095 2513.251 2542.384 504.721112153 510.571717668 512.643299595 31.5450695096 31.9107323542 32.0402062247
344576 2048 2747.155 2766.809 2794.964 504.973694116 510.112297596 513.761799389 31.5608558822 31.8820185998 32.1101124618
379008 2048 3028.068 3049.232 3060.135 507.303360146 509.117301668 512.675662502 31.7064600091 31.8198313543 32.0422289064
416896 2048 3347.443 3352.59 3542.171 482.078932948 509.339351367 510.122507239 30.1299333093 31.8337094604 31.8826567024
458560 2048 3610.081 3686.527 4674.252 401.831514433 509.493558572 520.282442416 25.114469652 31.8433474107 32.517652651
504384 2048 3469.641 3916.661 4030.322 512.603425731 527.479111417 595.438220842 32.0377141082 32.9674444635 37.2148888026
554816 1024 2018.671 2154.875 2215.499 512.870088409 527.298877197 562.876847193 32.0543805256 32.9561798248 35.1798029496
610240 1024 2117.925 2376.32 2425.746 515.21120513 525.927282521 590.092434812 32.2007003206 32.8704551576 36.8807771758
671232 1024 2304.301 2624.875 2650.795 518.592775375 523.713752464 596.572728997 32.4120484609 32.732109529 37.2857955623
738304 1024 2512.002 2890.945 2921.257 517.601358593 523.028487917 601.928896553 32.3500849121 32.6892804948 37.6205560346
812096 1024 2831.412 3200.767 3206.324 518.716326859 519.616894326 587.400423534 32.4197704287 32.4760558954 36.7125264709
893248 1024 2967.581 3509.489 3515.631 520.353786845 521.264464428 616.452222871 32.5221116778 32.5790290267 38.5282639294
982528 1024 3872.67 4008.179 5241.247 383.919579444 502.027814626 519.594322263 23.9949737152 31.3767384141 32.4746451415
1080768 512 2102.921 2118.458 2134.671 518.443559687 522.411316155 526.271044894 32.4027224804 32.6507072597 32.8919403059
1188800 512 2039.903 2320.88 2342.669 519.634314536 524.512771018 596.759355714 32.4771446585 32.7820481886 37.2974597322
1307648 512 2224.091 2556.237 2567.717 521.487201276 523.829187982 602.057897811 32.5929500798 32.7393242489 37.6286186132
1438400 512 2415.111 2811.026 2821.819 521.975931128 523.98006991 609.877392799 32.6234956955 32.7487543694 38.1173370499
1582208 512 2763.624 3089.3 3091.708 524.040754172 524.449225391 586.25232376 32.7525471358 32.7780765869 36.640770235
1740416 512 3098.762 3400.098 3547.276 502.409731862 524.157240174 575.128384819 31.4006082414 32.7598275109 35.9455240512
1914432 512 3217.192 3724.917 3738.451 524.382523136 526.287798627 609.344536478 32.773907696 32.8929874142 38.0840335299
2105856 256 1847.506 2040.318 2069.157 521.080938759 528.44618927 583.596628103 32.5675586724 33.0278868294 36.4747892564
2316416 256 2004.603 2262.593 2396.06 494.981341035 524.17955505 591.640834619 30.9363338147 32.7612221906 36.9775521637
2548032 256 2169.215 2172.259 2609.63 499.91469442 600.569445909 601.412208564 31.2446684013 37.5355903693 37.5882630352
2802816 256 2324.81 2349.505 2706.973 530.127855727 610.784736359 617.272719921 33.1329909829 38.1740460225 38.5795449951
3083072 256 2555.687 2888.312 2985.845 528.672072395 546.524358864 617.655003919 33.0420045247 34.157772429 38.6034377449
3391360 256 2746.698 2776.225 3293.802 527.16475368 625.44509901 632.168633028 32.947797105 39.0903186881 39.5105395642
3730496 256 3021.319 3252.607 3615.266 528.319064766 587.225555378 632.178843743 33.0199415479 36.7015972111 39.511177734
4103488 256 3337.205 3594.939 3970.866 529.100165052 584.428791699 629.564517613 33.0687603158 36.5267994812 39.3477823508
4513792 128 1955.361 1955.887 2308.727 500.505582514 590.796274018 590.9552006 31.2815989071 36.9247671261 36.9347000375
4965120 128 2086.03 2115.527 2636.374 482.12837784 600.829353632 609.325235016 30.133023615 37.551834602 38.0828271885
5461632 128 2293.761 2358.328 2885.717 484.5166009 592.868249031 609.556877111 30.2822875563 37.0542655644 38.0973048195
6007744 128 2490.467 2932.811 3228.855 476.324413453 524.405583585 617.547818943 29.7702758408 32.7753489741 38.5967386839
6608512 128 2775.674 2833.082 3660.875 462.124238604 597.151466848 609.502078414 28.8827649128 37.321966678 38.0938799009
7269312 128 3158.574 3530.346 4066.834 457.590320136 527.127899645 589.172161868 28.5993950085 32.9454937278 36.8232601167
7996224 128 3672.221 3978.221 4977.49 411.258153005 514.559986486 557.437404775 25.7036345628 32.1599991554 34.8398377984
8795840 64 2292.577 2720.199 2882.017 390.652629738 413.891601313 491.092565266 24.4157893586 25.8682250821 30.6932853291
9675392 64 2846.839 2966.942 3351.603 369.509806502 417.416375514 435.026419127 23.0943629063 26.0885234696 27.1891511954
10642880 64 3472.962 3627.628 3906.412 348.73142925 375.531515359 392.25555592 21.7957143281 23.47071971 24.515972245
11707136 64 4121.755 4282.677 4564.337 328.309107763 349.901103445 363.561979788 20.5193192352 21.8688189653 22.7226237367
12877824 64 4783.576 5373.707 5573.685 295.739976694 306.74569194 344.587704261 18.4837485434 19.1716057463 21.5367315163
14165568 64 5490.715 5817.953 6171.488 293.801544133 311.654752797 330.22888713 18.3625965083 19.4784220498 20.6393054456
15582080 64 6164.247 6449.402 6962.78 286.452572105 309.254445606 323.56040243 17.9032857566 19.3284028504 20.2225251519
17140288 32 3494.339 3558.935 3848.583 285.034370312 308.232218908 313.930168767 17.8146481445 19.2645136818 19.620635548
18854272 32 3948.602 4261.225 4285.213 281.590065185 283.175239045 305.595096188 17.599379074 17.6984524403 19.0996935118
20739648 32 4342.72 4731.046 7086.813 187.296810569 280.558986744 305.646569892 11.7060506606 17.5349366715 19.1029106182
22813568 32 4866.445 5095.747 5202.612 280.641407047 286.52685308 300.027710577 17.5400879404 17.9079283175 18.7517319111
25094912 32 5393.239 5648.699 5842.248 274.906913914 284.32642065 297.794028412 17.1816821196 17.7704012906 18.6121267758
27604352 32 6319.573 6480.198 8030.622 219.992738794 272.627245032 279.556629538 13.7495461746 17.0392028145 17.4722893461
30364736 32 7035.937 7118.709 7592.646 255.950705986 272.990945971 276.202459459 15.9969191241 17.0619341232 17.2626537162
33401152 32 8028.784 8362.583 10316.735 207.20448165 255.623618683 266.251244024 12.9502801032 15.9764761677 16.6407027515
36741248 16 4907.904 5316.293 7066.161 166.387368757 221.154089137 239.556424902 10.3992105473 13.8221305711 14.9722765563
40415360 16 6609.045 6892.336 9226.188 140.176150757 187.641972185 195.685083094 8.76100942231 11.7276232615 12.2303176934
44456896 16 8377.944 9035.345 11911.647 119.431063731 157.450619982 169.805464443 7.4644414832 9.84066374887 10.6128415277
48902528 16 10016.529 11192.821 15124.841 103.464287393 139.811125006 156.229857269 6.46651796207 8.73819531287 9.76436607931
53792768 16 13025.298 15811.982 18563.077 92.7307782002 108.864820109 132.155792213 5.79567363751 6.80405125683 8.25973701331
59172032 16 15520.796 19485.04 21620.889 87.5775748167 97.1773742317 121.99793258 5.47359842604 6.07358588948 7.62487078627
65089216 16 18391.323 19865.321 26951.468 77.2816869196 104.848792124 113.252043477 4.83010543248 6.55304950773 7.07825271733
71598080 8 10787.106 11778.281 15501.797 73.8991279527 97.2611606057 106.198018264 4.61869549704 6.07882253786 6.63737614148
78757888 8 12688.157 13572.955 17758.897 70.957459126 92.8409626349 99.3151493948 4.43484119537 5.80256016468 6.20719683718
86633664 8 14645.205 15427.329 20246.786 68.462156117 89.8495536071 94.6479495507 4.27888475731 5.61559710044 5.91549684692
95297024 8 17616.227 18708.989 24748.66 61.6094925543 81.4983847604 86.5538565097 3.85059328465 5.09364904752 5.40961603186
104826688 8 20133.897 20846.16 26923.887 62.2951287829 80.4573603964 83.3036449923 3.89344554893 5.02858502477 5.20647781202
115309312 8 24062.113 25256.386 30123.856 61.2454458686 73.0488119718 76.6744380263 3.82784036678 4.56555074823 4.79215237664
126840192 8 26298.056 28109.549 32591.001 62.2700441757 72.1976390301 77.1708400043 3.89187776098 4.51235243938 4.82317750027
139524160 4 14735.265 15066.762 18624.38 59.9318355833 74.0831560225 75.7497934377 3.74573972395 4.63019725141 4.73436208986
153476544 4 16686.008 17826.815 21660.726 56.6838042271 68.874465349 73.583349115 3.54273776419 4.30465408431 4.59895931969
168824192 4 18604.309 19155.292 24062.499 56.1285648677 70.5075932019 72.5957376864 3.50803530423 4.40672457512 4.5372336054
185706560 4 20787.593 22008.888 26418.282 56.2357718795 67.5023872174 71.4682301121 3.51473574247 4.21889920109 4.466764382
204277184 4 23246.475 23779.207 29110.313 56.1387805071 68.7246413221 70.2995818506 3.50867378169 4.29529008263 4.39372386566
224704896 4 26052.443 26336.748 36988.249 48.6002775638 68.255927725 69.0007907512 3.03751734774 4.26599548281 4.31254942195
247175360 4 28982.008 29268.001 35200.0 56.1762181818 67.5619383777 68.2286361939 3.51101363636 4.22262114861 4.26428976212
271892864 2 16215.662 16412.566 19276.367 56.4199392967 66.2645594845 67.069198655 3.52624620604 4.14153496778 4.19182491594
299082112 2 18024.804 18222.894 21181.204 56.4806631389 65.6497506927 66.3712319979 3.53004144618 4.1031094183 4.14820199987
328990272 2 20061.733 20221.381 23190.758 56.7450657715 65.0777060182 65.5955837913 3.54656661072 4.06735662614 4.09972398696
361889280 2 22349.061 24672.996 25504.661 56.7565716714 58.6696937818 64.7703776011 3.54728572946 3.66685586136 4.04814860007
398078208 2 24714.366 25017.794 34782.13 45.7796239621 63.6472117406 64.4286336133 2.86122649763 3.97795073379 4.02678960083
437886016 2 27324.21 29666.961 30781.319 56.9028268087 59.0402253874 64.1022764794 3.55642667554 3.69001408671 4.00639227996
481674560 2 30312.332 30438.303 33654.535 57.2492901774 63.2984775794 63.5615313266 3.57808063609 3.95615484871 3.97259570791
529841984 2 33109.764 33799.993 36880.197 57.46628566 62.7032063587 64.01036069 3.59164285375 3.91895039742 4.00064754312
582826176 1 31004.961 31413.983 36044.606 32.3391619817 37.1061623099 37.5956722539 2.02119762386 2.31913514437 2.34972951587
641108736 1 33479.551 42442.191 44549.431 28.781904577 30.2109161141 38.2985265244 1.79886903606 1.88818225713 2.39365790778
705219584 1 35366.8 36896.928 37231.654 37.8827963969 38.2264661166 39.8803162288 2.3676747748 2.38915413229 2.4925197643
775741504 1 41006.344 41276.508 42445.585 36.5522823634 37.5875548387 37.8351946713 2.28451764771 2.34922217742 2.36469966696
853315648 1 45355.02 46526.703 48066.404 35.5056994902 36.6806841224 37.6282778841 2.21910621814 2.29254275765 2.35176736776
938647168 1 49589.73 49849.68 50397.754 37.2495634627 37.6591050534 37.8565145646 2.32809771642 2.35369406584 2.36603216029
1032511872 1 54763.461 54838.438 54896.055 37.616978925 37.6565018865 37.7080576408 2.35106118281 2.35353136791 2.35675360255

META_DATA
ERT_VERSION  1.1.0
OPENMP_THREADS 8
TIMESTAMP_DATA  1560424135.16
HOSTNAME  ('kcadmin-UniServer-R5200-G3', [], ['127.0.1.1'])
MPI_PROCS      1
CONFIG  {'ERT_WORKING_SET_MIN': ['1'], 'ERT_CFLAGS': ['-O3', '-march=native', '-fstrict-aliasing', '-ftree-vectorize'], 'ERT_CC': ['gcc'], 'ERT_MPI_CFLAGS': ['-I/usr/local/include'], 'ERT_MPI_LDFLAGS': ['-L/usr/local/lib', '-lmpi'], 'ERT_MEMORY_MAX': ['1073741824'], 'ERT_PROCS_THREADS': ['1-8'], 'ERT_LDFLAGS': [], 'ERT_LDLIBS': [], 'ERT_RUN': ['export', 'OMP_NUM_THREADS=ERT_OPENMP_THREADS;', 'mpirun', '-np', 'ERT_MPI_PROCS', 'ERT_CODE'], 'ERT_FLOPS': ['1,2,4,8,16'], 'ERT_OPENMP_CFLAGS': ['-fopenmp'], 'ERT_MPI': ['True'], 'ERT_TRIALS_MIN': ['1'], 'ERT_DRIVER': ['driver1'], 'ERT_RESULTS': ['Results.p100.01'], 'ERT_OPENMP': ['True'], 'ERT_MPI_PROCS': ['1,2,4,8'], 'ERT_KERNEL': ['kernel1'], 'ERT_GPU': [False], 'ERT_OPENMP_THREADS': ['1,2,4,8'], 'ERT_LD': ['gcc'], 'ERT_NUM_EXPERIMENTS': ['3'], 'ERT_OPENMP_LDFLAGS': ['-fopenmp'], 'ERT_ALIGN': ['32'], 'ERT_GNUPLOT': ['gnuplot']}
FLOPS          1
TIMESTAMP_DATA  1560424132.04
TIMESTAMP_DATA  1560424138.27
UNAME  ('Linux', 'kcadmin-UniServer-R5200-G3', '4.4.0-141-generic', '#167-Ubuntu SMP Wed Dec 5 10:40:15 UTC 2018', 'x86_64', 'x86_64')
