64 16777216 52246.534 52309.646 52544.298 40.8699655289 41.0533011063 41.1028920694 2.55437284556 2.56583131914 2.56893075433
128 8388608 26127.759 26196.938 26203.354 81.9545333013 81.9746051237 82.1916509564 5.12215833133 5.12341282023 5.13697818477
192 4194304 13061.585 13123.572 13244.345 121.607579386 122.72670398 123.309134075 7.60047371161 7.67041899873 7.7068208797
256 4194304 13148.103 13149.207 18786.57 114.309511955 163.316589966 163.330303086 7.14434449716 10.2072868729 10.2081439429
320 2097152 6534.486 6554.759 6599.04 203.389777907 204.763787654 205.399059697 12.7118611192 12.7977367284 12.837441231
384 2097152 7338.052 7349.608 7408.235 217.408429403 219.142672099 219.487779045 13.5880268377 13.6964170062 13.7179861903
448 2097152 7998.335 8073.146 14162.255 132.680014023 232.752905992 234.929918789 8.29250087645 14.5470566245 14.6831199243
512 2097152 9407.789 9514.4 9520.487 225.56447459 225.708783318 228.266561676 14.0977796619 14.1067989574 14.2666601047
576 1048576 5120.926 5167.498 5176.586 233.350619887 233.761010067 235.886937636 14.584413743 14.6100631292 14.7429336022
640 1048576 5444.277 5475.37 5531.153 242.65777497 245.129969299 246.529939604 15.1661109356 15.3206230812 15.4081212253
704 1048576 5804.74 5892.416 5912.885 249.691141972 250.558515896 254.343003821 15.6056963733 15.6599072435 15.8964377388
768 1048576 6603.091 6609.089 6613.403 243.537666766 243.696632925 243.917997798 15.2211041728 15.2310395578 15.2448748624
832 1048576 6949.279 6982.953 6985.679 249.772493697 249.869999698 251.080790396 15.6107808561 15.6168749811 15.6925493997
896 1048576 4223.92 4453.429 4453.459 421.930053022 421.932895304 444.858849599 26.3706283139 26.3708059565 27.8036781
960 1048576 4826.965 5059.29 5067.174 397.315331978 397.934476972 417.087325058 24.8322082486 24.8709048108 26.0679578161
1024 1048576 5438.593 5670.048 5674.08 378.472571412 378.741705185 394.860150042 23.6545357133 23.6713565741 24.6787593777
1088 524288 2900.278 3034.628 3034.633 375.943545068 375.944164491 393.35908075 23.4964715667 23.4965102807 24.5849425469
1152 524288 3119.206 3241.28 3253.734 371.253320646 372.6797907 387.265077074 23.2033325404 23.2924869187 24.2040673171
1216 524288 3468.962 3549.369 3550.73 359.100358518 359.238054989 367.564826597 22.4437724074 22.4523784368 22.9728016623
1280 524288 3739.282 3846.547 3846.823 348.90539024 348.930425132 358.939839253 21.80658689 21.8081515707 22.4337399533
1408 524288 2492.058 2630.105 2630.333 561.295854175 561.344512101 592.440066804 35.0809908859 35.0840320063 37.0275041753
1536 524288 3037.801 3038.752 3054.005 527.37724267 530.024410021 530.190337023 32.9610776669 33.1265256263 33.136896064
1664 524288 3585.81 3646.918 3650.186 478.011384625 478.439730205 486.593116757 29.8757115391 29.9024831378 30.4120697973
1792 524288 3911.689 4050.04 4352.391 431.727800191 463.957934243 480.367481157 26.9829875119 28.9973708902 30.0229675723
1920 524288 2832.339 2990.462 3038.282 662.63300115 673.22905959 710.813896218 41.4145625719 42.0768162244 44.4258685136
2112 262144 1755.99 1821.604 1821.712 607.832772689 607.868810126 630.582324501 37.989548293 37.9918006328 39.4113952813
2304 262144 2225.887 2225.959 2302.501 524.629327848 542.669272884 542.68682642 32.7893329905 33.9168295553 33.9179266513
2496 262144 1665.877 1720.39 2073.756 631.039933338 760.654763164 785.545900448 39.4399958336 47.5409226978 49.096618778
2688 262144 2063.27 2124.912 2128.191 662.199090213 663.220944679 683.035251809 41.3874431383 41.4513090424 42.6897032381
2944 262144 1721.597 1723.378 2086.435 739.780473391 895.627002318 896.553532563 46.236279587 55.9766876448 56.0345957852
3200 262144 2144.035 2226.458 2229.973 752.350633842 753.538400455 782.506628856 47.0219146151 47.0961500284 48.9066643035
3520 262144 2027.703 2033.775 2123.165 869.218247286 907.422777839 910.140074755 54.3261404554 56.713923615 56.8837546722
3840 262144 2633.702 2635.57 2651.445 759.308950403 763.882545332 764.424342617 47.4568094002 47.7426590832 47.7765214136
4224 131072 1274.021 1280.688 1285.271 861.527456855 864.610471871 869.135011118 53.8454660535 54.038154492 54.3209381949
4608 131072 1217.844 1418.199 1437.003 840.610320229 851.756031417 991.883650123 52.5381450143 53.2347519636 61.9927281327
5056 131072 1822.826 1823.543 1827.952 725.073778743 726.826877129 727.112771049 45.3171111714 45.4266798205 45.4445481906
5504 131072 1589.156 1589.349 1816.248 794.407248349 907.818594909 907.928847766 49.6504530218 56.7386621818 56.7455529854
6016 131072 1468.006 1468.427 1777.452 887.257886008 1073.97800776 1074.28600701 55.4536178755 67.123625485 67.1428754378
6592 131072 2316.123 2317.05 2339.705 738.577405271 745.798859757 746.09735666 46.1610878294 46.6124287348 46.6310847913
7232 131072 2457.965 2525.436 2570.069 737.655451274 750.692319267 771.298780902 46.1034657046 46.9182699542 48.2061738064
7936 131072 2849.825 2850.383 2951.325 704.895185722 729.857981892 730.000889177 44.0559491076 45.6161238683 45.6250555736
8704 65536 1426.081 1426.17 1475.868 773.003200828 799.940181044 799.990104349 48.3127000518 49.9962613153 49.9993815218
9536 65536 1681.851 1681.857 1801.764 693.710492606 743.168171848 743.170823099 43.3569057879 46.4480107405 46.4481764437
10432 65536 1756.18 1772.74 1999.193 683.947524826 771.316213319 778.589383776 42.7467203016 48.2072633325 48.661836486
11456 65536 1900.801 1901.057 1910.927 785.776134829 789.855765503 789.962143328 49.1110084268 49.3659853439 49.372633958
12544 65536 2083.324 2084.484 2088.136 787.385097522 788.764590182 789.203776273 49.2115685951 49.2977868863 49.3252360171
13760 65536 2120.06 2156.29 2157.32 836.014462389 836.413803338 850.707395074 52.2509038993 52.2758627086 53.1692121921
15104 65536 2448.793 2451.909 2591.865 763.817362401 807.416379645 808.443787613 47.7385851501 50.4635237278 50.5277367258
16576 32768 1316.665 1316.87 1319.697 823.162237999 824.929367364 825.057805896 51.4476398749 51.5580854602 51.5661128685
18176 32768 1444.431 1444.772 1451.508 820.651581665 824.477727974 824.672369951 51.2907238541 51.5298579984 51.5420231219
19968 32768 1522.264 1541.254 1610.794 812.408568693 849.06371565 859.655649743 50.7755355433 53.0664822281 53.7284781089
21952 32768 1645.56 1658.576 1701.188 845.671537772 867.398462295 874.259384039 52.8544711108 54.2124038935 54.6412115025
24128 32768 1849.841 1851.587 1855.455 852.218247276 853.998547192 854.80460645 53.2636404548 53.3749091995 53.4252879031
26496 32768 1992.095 1996.121 2115.058 820.990183721 869.908114789 871.66618861 51.3118864825 54.3692571743 54.4791367882
29120 32768 2174.407 2178.74 2269.616 840.850751845 875.922927931 877.668403385 52.5531719903 54.7451829957 54.8542752116
32000 32768 2434.324 2434.969 2459.473 852.68348138 861.264352852 861.49255399 53.2927175862 53.8290220533 53.8432846244
35200 16384 1307.691 1312.576 1313.755 877.967048651 878.755668243 882.038340862 54.8729405407 54.9222292652 55.1273963039
38720 16384 1622.412 1631.169 1642.057 772.675345618 777.832928409 782.031296613 48.2922091011 48.6145580256 48.8769560383
42560 16384 1748.312 1762.197 1767.068 789.22038088 791.401914769 797.687186269 49.326273805 49.4626196731 49.8554491418
46784 16384 1736.574 1736.755 1883.52 813.911247027 882.691060052 882.783061361 50.8694529392 55.1681912532 55.1739413351
51456 16384 2055.877 2062.412 2063.707 817.029843868 817.542861465 820.141578509 51.0643652418 51.0964288416 51.2588486568
56576 16384 2243.002 2247.76 2259.949 820.320444399 824.768822294 826.518374928 51.270027775 51.5480513934 51.657398433
62208 16384 2443.83 2445.289 2449.462 832.195700117 833.615880986 834.113561091 52.0122312573 52.1009925616 52.1320975682
68416 8192 1335.599 1336.272 1338.894 837.204247685 838.846989236 839.269678998 52.3252654803 52.4279368272 52.4543549374
75200 8192 1449.061 1449.331 1454.607 847.016960595 850.100356647 850.258753772 52.9385600372 53.1312722905 53.1411721108
82688 8192 1588.504 1589.517 1593.516 850.170435691 852.309344285 852.852867856 53.1356522307 53.2693340178 53.303304241
90944 8192 1586.294 1740.121 1740.611 856.036469952 856.277520931 939.312949554 53.502279372 53.5173450582 58.7070593471
100032 8192 1703.939 1896.048 1896.389 864.234230424 864.389661021 961.844460394 54.0146394015 54.0243538138 60.1152787747
110016 8192 1973.036 2069.774 2069.796 870.859806474 870.869062999 913.567792985 54.4287379046 54.4293164374 57.0979870616
120960 8192 2125.611 2265.816 2265.903 874.622011622 874.655594276 932.347753187 54.6638757264 54.6659746422 58.2717345742
133056 4096 1241.798 1244.795 1265.032 861.634134156 875.641974783 877.75528065 53.8521333848 54.7276234239 54.8597050406
146304 4096 1301.274 1364.749 1365.662 877.61273873 878.199850669 921.037666164 54.8507961706 54.8874906668 57.5648541353
160896 4096 1490.356 1492.66 1569.807 839.631898698 883.027636568 884.392743747 52.4769936686 55.1892272855 55.2745464842
176960 4096 1615.586 1633.952 1636.604 885.77097453 887.208632812 897.294430628 55.3606859081 55.4505395507 56.0809019142
194624 4096 1704.314 1792.177 1891.697 842.819863858 889.621844271 935.484780387 52.6762414911 55.6013652669 58.4677987742
214080 4096 1789.118 1962.504 1962.853 893.46647966 893.625368407 980.227888826 55.8416549787 55.8515855254 61.2642430516
235456 4096 2055.917 2154.275 2154.668 895.198495545 895.361804784 938.197189867 55.9499059716 55.960112799 58.6373243667
258944 4096 2369.636 2369.901 2452.414 864.971920728 895.087705351 895.187804372 54.0607450455 55.9429815845 55.9492377732
284800 2048 1655.366 1659.152 1823.621 639.683793946 703.0945929 704.70264582 39.9802371216 43.9434120563 44.0439153637
313280 2048 2297.299 2441.669 2459.223 521.788743843 525.540062965 558.566769062 32.6117964902 32.8462539353 34.9104230664
344576 2048 2441.234 2692.746 2712.011 520.419458476 524.142750932 578.143388139 32.5262161547 32.7589219332 36.1339617587
379008 2048 2767.865 2970.16 2981.978 520.599671761 522.67109112 560.871562739 32.5374794851 32.666943195 35.0544726712
416896 2048 2760.158 3276.935 3294.175 518.371372498 521.098531402 618.662415702 32.3982107812 32.5686582126 38.6664009814
458560 2048 3450.46 3610.532 3625.053 518.133599702 520.217452719 544.351118402 32.3833499814 32.5135907949 34.0219449001
504384 2048 3586.258 3978.118 3981.113 518.939518672 519.330211924 576.075916457 32.433719917 32.4581382453 36.0047447785
554816 1024 2016.097 2164.181 2181.622 520.834117001 525.031486738 563.595485733 32.5521323126 32.8144679211 35.2247178583
610240 1024 2089.666 2362.602 2390.107 522.893544097 528.980979446 598.072380945 32.680846506 33.0613112153 37.3795238091
671232 1024 2255.981 2609.218 2790.514 492.627213481 526.856374592 609.350493643 30.7892008426 32.928523412 38.0844058527
738304 1024 2672.791 2862.667 2870.062 526.834121353 528.195068445 565.718229371 32.9271325846 33.0121917778 35.3573893357
812096 1024 3116.498 3162.688 3166.029 525.31818502 525.873120586 533.667150757 32.8323865637 32.8670700366 33.3541969223
893248 1024 3226.603 3484.589 3784.43 483.394303501 524.989289698 566.965289501 30.2121439688 32.8118306061 35.4353305938
982528 1024 3456.672 3831.635 4702.587 427.895825 525.158931892 582.125623721 26.7434890625 32.8224332432 36.3828514826
1080768 512 1967.566 2080.173 2111.378 524.163097276 532.026149748 562.474870983 32.7601935797 33.2516343593 35.1546794364
1188800 512 2159.53 2240.079 2321.001 524.485426762 543.43226288 563.701916621 32.7803391726 33.96451643 35.2313697888
1307648 512 2208.535 2437.056 2533.867 528.453763359 549.446361512 606.298542699 33.0283602099 34.3403975945 37.8936589187
1438400 512 2503.753 2795.236 2957.066 498.102375801 526.939979308 588.285505799 31.1313984876 32.9337487067 36.7678441124
1582208 512 2697.966 2704.988 3065.582 528.50681926 598.960509991 600.519425375 33.0316762037 37.4350318744 37.5324640859
1740416 512 2975.67 3023.058 3368.281 529.108463338 589.530860473 598.919229619 33.0692789586 36.8456787796 37.4324518512
1914432 512 3083.068 3400.949 3702.24 529.511422274 576.420983672 635.853107359 33.0944638921 36.0263114795 39.74081921
2105856 256 1839.58 1931.012 2039.069 528.769880764 558.359177468 586.11110797 33.0481175478 34.8974485917 36.6319442481
2316416 256 2022.701 2192.539 2245.149 528.252241611 540.92766058 586.347162532 33.0157651007 33.8079787862 36.6466976582
2548032 256 2151.076 2461.461 2573.98 506.838586158 530.007334668 606.483631448 31.6774116349 33.1254584168 37.9052269655
2802816 256 2357.912 2618.338 2706.143 530.290451022 548.073545891 608.607018413 33.1431531889 34.2545966182 38.0379386508
3083072 256 2549.727 2810.71 2975.867 530.444695277 561.613565256 619.098775673 33.1527934548 35.1008478285 38.6936734796
3391360 256 2753.087 2974.344 3276.269 529.985883333 583.784632847 630.701579718 33.1241177083 36.4865395529 39.4188487324
3730496 256 3169.712 3249.468 5374.602 355.377747413 587.792817778 602.582806261 22.2111092133 36.7370511111 37.6614253913
4103488 256 3964.385 4506.055 5641.709 372.402379492 466.258369239 529.965141125 23.2751487182 29.1411480774 33.1228213203
4513792 128 1953.463 1990.026 2169.408 532.647962947 580.661133071 591.529377316 33.2904976842 36.2913208169 36.9705860823
4965120 128 2096.982 2449.703 3356.05 378.740102203 518.867274931 606.142885347 23.6712563877 32.4292046832 37.8839303342
5461632 128 2572.48 2613.192 2637.859 530.042656564 535.045948403 543.51357134 33.1276660352 33.4403717752 33.9695982087
6007744 128 2795.656 2903.46 3334.586 461.221412193 529.706785697 550.132943395 28.8263382621 33.1066741061 34.3833089622
6608512 128 2700.47 3460.511 3620.114 467.327568137 488.881287186 626.475788289 29.2079730086 30.5550804491 39.154736768
7269312 128 3594.18 3800.023 4393.959 423.523267286 489.71910749 517.765908218 26.4702042054 30.6074442181 32.3603692636
7996224 128 3443.412 3775.125 5985.339 342.007920353 542.242533426 594.478193141 21.3754950221 33.8901583391 37.1548870713
8795840 64 2165.222 2196.793 2887.811 389.868838369 512.505056234 519.97786832 24.3668023981 32.0315660146 32.49861677
9675392 64 2909.666 2936.536 3339.383 370.861975401 421.738461916 425.633105655 23.1788734626 26.3586538697 26.6020691035
10642880 64 3521.212 3600.762 3844.611 354.337185218 378.333430535 386.880608154 22.1460740762 23.6458394084 24.1800380096
11707136 64 4323.042 4685.24 4811.971 311.413640689 319.837064483 346.634015584 19.4633525431 19.9898165302 21.664625974
12877824 64 4982.275 5418.591 5567.561 296.065273825 304.204814868 330.845140423 18.504079614 19.0128009292 20.6778212764
14165568 64 5676.13 6184.238 6558.689 276.456576002 293.195815556 319.441715394 17.2785360001 18.3247384722 19.9651072121
15582080 64 6370.213 6718.62 7430.796 268.410845891 296.862486642 313.098830447 16.7756778682 18.5539054151 19.568676903
17140288 32 3553.511 3910.907 3944.765 278.084608842 280.49207818 308.702697698 17.3802880526 17.5307548863 19.2939186061
18854272 32 3918.21 4151.494 4376.786 275.698516674 290.660039012 307.965476072 17.2311572921 18.1662524383 19.2478422545
20739648 32 4272.041 4576.136 4881.042 271.937318302 290.056386436 310.703355141 16.9960823939 18.1285241523 19.4189596963
22813568 32 4661.415 5012.085 5473.278 266.763053512 291.309575157 313.224278894 16.6726908445 18.2068484473 19.5765174309
25094912 32 5187.557 5520.878 5817.304 276.085686428 290.909230017 309.601295562 17.2553554017 18.1818268761 19.3500809726
27604352 32 6216.332 6433.71 6734.778 262.321716915 274.597165244 284.199513153 16.3951073072 17.1623228277 17.7624695721
30364736 32 6947.254 6972.507 7263.552 267.547214366 278.715116959 279.728235645 16.7217008979 17.4196948099 17.4830147278
33401152 32 7847.575 7874.527 8501.699 251.440768251 271.466937379 272.399273406 15.7150480157 16.9666835862 17.0249545879
36741248 16 4545.384 4605.531 5192.109 226.443615879 255.284338766 258.66240036 14.1527259925 15.9552711729 16.1664000225
40415360 16 5530.724 5554.339 6239.187 207.285263288 232.843461661 233.837653081 12.9553289555 14.5527163538 14.6148533176
44456896 16 7132.163 7299.531 8073.56 176.207357349 194.892065257 199.465529882 11.0129598343 12.1807540786 12.4665956176
48902528 16 9315.026 9581.981 10432.707 149.997588929 163.314965454 167.995333132 9.37484930805 10.2071853409 10.4997083207
53792768 16 12018.416 12351.473 13258.927 129.827140311 139.365448639 143.227574749 8.11419626943 8.71034053995 8.95172342179
59172032 16 14865.663 15477.065 15884.399 119.205329959 122.342642097 127.37440799 7.45033312246 7.64641513103 7.96090049936
65089216 16 18925.906 19334.889 20166.146 103.284728376 107.725206594 110.053115132 6.4552955235 6.73282541213 6.87831969577
71598080 8 11182.047 11485.211 11591.579 98.827716224 99.7429894845 102.447188784 6.176732264 6.23393684278 6.402949299
78757888 8 13197.528 13754.981 13947.015 90.3509609762 91.6123554078 95.4819878389 5.64693506101 5.72577221299 5.96762423993
86633664 8 15297.44 15858.422 15886.538 87.252403513 87.4070966203 90.6124569863 5.45327521956 5.46294353877 5.66327856164
95297024 8 17701.912 18359.654 18586.277 82.0364607716 83.0490805546 86.1348979703 5.12727879822 5.19056753466 5.38343112315
104826688 8 20037.224 20372.38 20887.261 80.2990400704 82.3284764961 83.7055576162 5.0186900044 5.14552978101 5.23159735101
115309312 8 22759.801 23903.577 24446.865 75.4677130176 77.182966884 81.061736524 4.7167320636 4.82393543025 5.06635853275
126840192 8 25881.654 26573.097 27784.872 73.0412964292 76.372094378 78.4124180008 4.56508102683 4.77325589863 4.90077612505
139524160 4 14756.061 15540.289 16013.69 69.702440849 71.8257736391 75.6430377999 4.35640255307 4.48911085244 4.72768986249
153476544 4 16888.651 17898.288 18191.184 67.4949113812 68.5994298449 72.7004396029 4.21843196133 4.28746436531 4.54377747518
168824192 4 18561.9 18816.752 21440.531 62.9925413694 71.7761245937 72.7615996207 3.93703383559 4.4860077871 4.5475999763
185706560 4 20804.532 20999.368 22729.295 65.3628931298 70.7474853529 71.4100408507 4.08518082061 4.42171783456 4.46312755317
204277184 4 23214.715 23461.773 25489.036 64.1145264183 69.6544746213 70.3957585523 4.00715790115 4.35340466383 4.39973490952
224704896 4 25868.694 26115.348 28382.222 63.3368017486 68.8345860067 69.4909131478 3.95855010929 4.30216162542 4.34318207174
247175360 4 28939.447 29119.639 31408.515 62.957541291 67.9061605125 68.3289794722 3.93484633068 4.24413503203 4.27056121701
271892864 2 16102.517 16361.906 17231.288 63.1160860407 66.4697288934 67.5404631462 3.94475537754 4.15435805584 4.22127894664
299082112 2 17941.083 18229.893 19157.67 62.4464482372 65.6245457941 66.6809494165 3.90290301482 4.10153411213 4.16755933853
328990272 2 19952.519 20286.193 20959.452 62.786044597 64.8697904037 65.9546339988 3.92412778731 4.05436190023 4.12216462493
361889280 2 22092.861 22578.874 23263.901 62.2233184366 64.1111297224 65.5214876878 3.88895740229 4.00694560765 4.09509298049
398078208 2 24458.039 25203.565 25606.002 62.1851404995 63.1780794503 65.1038634782 3.88657128122 3.94862996564 4.06899146739
437886016 2 27717.916 27780.656 28395.028 61.6848859596 63.0490534133 63.1917660765 3.85530537248 3.94056583833 3.94948537978
481674560 2 30527.404 30874.906 31288.301 61.5788706456 62.4033718516 63.113726932 3.84867941535 3.90021074072 3.94460793325
529841984 2 33915.132 34135.788 34835.247 60.8397562388 62.0863926153 62.490334285 3.80248476493 3.88039953846 3.90564589281
582826176 1 23597.312 24238.349 24580.343 47.4221353217 48.0912438384 49.397675125 2.96388345761 3.0057027399 3.08735469531
641108736 1 26463.769 26726.108 27053.605 47.3954385007 47.9762138206 48.4518086596 2.96221490629 2.99851336379 3.02823804123
705219584 1 28916.99 29342.98 29918.589 47.1425697248 48.0673458524 48.775448897 2.9464106078 3.00420911577 3.04846555606
775741504 1 32351.527 32454.44 33948.309 45.7013339899 47.8049538984 47.9570255834 2.85633337437 2.98780961865 2.99731409896
853315648 1 35520.263 35602.497 36993.159 46.1336999092 47.9357191154 48.0466965011 2.88335624433 2.99598244471 3.00291853132
938647168 1 38908.885 40341.24 40742.003 46.0776151825 46.5353651995 48.2484742495 2.87985094891 2.90846032497 3.01552964059
1032511872 1 43098.954 43429.37 44400.673 46.5088388187 47.5490145033 47.9135466722 2.90680242617 2.97181340646 2.99459666701

META_DATA
ERT_VERSION  1.1.0
TIMESTAMP_DATA  1560424210.28
WARNING: There was an error initializing an OpenFabrics device.
TIMESTAMP_DATA  1560424213.33
HOSTNAME  ('kcadmin-UniServer-R5200-G3', [], ['127.0.1.1'])
OPENMP_THREADS 1
CONFIG  {'ERT_WORKING_SET_MIN': ['1'], 'ERT_CFLAGS': ['-O3', '-march=native', '-fstrict-aliasing', '-ftree-vectorize'], 'ERT_CC': ['gcc'], 'ERT_MPI_CFLAGS': ['-I/usr/local/include'], 'ERT_MPI_LDFLAGS': ['-L/usr/local/lib', '-lmpi'], 'ERT_MEMORY_MAX': ['1073741824'], 'ERT_PROCS_THREADS': ['1-8'], 'ERT_LDFLAGS': [], 'ERT_LDLIBS': [], 'ERT_RUN': ['export', 'OMP_NUM_THREADS=ERT_OPENMP_THREADS;', 'mpirun', '-np', 'ERT_MPI_PROCS', 'ERT_CODE'], 'ERT_FLOPS': ['1,2,4,8,16'], 'ERT_OPENMP_CFLAGS': ['-fopenmp'], 'ERT_MPI': ['True'], 'ERT_TRIALS_MIN': ['1'], 'ERT_DRIVER': ['driver1'], 'ERT_RESULTS': ['Results.p100.01'], 'ERT_OPENMP': ['True'], 'ERT_MPI_PROCS': ['1,2,4,8'], 'ERT_KERNEL': ['kernel1'], 'ERT_GPU': [False], 'ERT_OPENMP_THREADS': ['1,2,4,8'], 'ERT_LD': ['gcc'], 'ERT_NUM_EXPERIMENTS': ['3'], 'ERT_OPENMP_LDFLAGS': ['-fopenmp'], 'ERT_ALIGN': ['32'], 'ERT_GNUPLOT': ['gnuplot']}
FLOPS          1
TIMESTAMP_DATA  1560424207.11
MPI_PROCS      8
UNAME  ('Linux', 'kcadmin-UniServer-R5200-G3', '4.4.0-141-generic', '#167-Ubuntu SMP Wed Dec 5 10:40:15 UTC 2018', 'x86_64', 'x86_64')
