32 33554432 238534.917 252641.05 254343.458 8.44324310476 8.50013744006 9.00280627679 4.22162155238 4.25006872003 4.50140313839
64 16777216 116564.12 120272.962 128169.969 16.7549673668 17.8550824083 18.4231961602 8.3774836834 8.92754120415 9.2115980801
96 8388608 58072.984 59072.628 61893.833 26.0221844073 27.2649582477 27.7342858084 13.0110922036 13.6324791238 13.8671429042
128 8388608 59364.386 59627.577 61590.305 34.8672351598 36.0149406708 36.1746123004 17.4336175799 18.0074703354 18.0873061502
160 4194304 29139.394 29469.488 30878.144 43.4669026739 45.54464197 46.0605762769 21.733451337 22.772320985 23.0302881385
192 4194304 30400.109 31582.07 32299.382 49.865125469 50.997693818 52.9804921423 24.9325627345 25.498846909 26.4902460712
224 4194304 30408.839 31020.991 32228.473 58.3039783486 60.5734417704 61.7928291179 29.1519891743 30.2867208852 30.8964145589
256 4194304 32968.118 34189.205 35367.185 60.7196656449 62.8117456373 65.138193451 30.3598328224 31.4058728186 32.5690967255
288 2097152 17708.631 17739.111 18566.082 65.0627069298 68.0958336638 68.2130398448 32.5313534649 34.0479168319 34.1065199224
320 2097152 19760.04 20450.539 20670.993 64.9304694748 65.6304110126 67.9238139194 32.4652347374 32.8152055063 33.9619069597
352 2097152 21224.812 21988.853 21995.251 67.1233534912 67.1428840786 69.5598626739 33.5616767456 33.5714420393 34.779931337
384 2097152 22933.523 24061.31 24890.546 64.707810588 66.9378656441 70.2296256881 32.353905294 33.468932822 35.1148128441
416 2097152 24663.069 25058.246 25795.986 67.639611217 69.6309894954 70.7466886623 33.8198056085 34.8154947477 35.3733443312
448 2097152 19848.436 20645.324 21184.475 88.6993041838 91.0156794827 94.6698365554 44.3496520919 45.5078397413 47.3349182777
480 2097152 24807.074 26174.408 26374.394 76.3341110321 76.917343078 81.1569280601 38.167055516 38.458671539 40.5784640301
512 2097152 25768.344 26437.772 27311.372 78.6296509747 81.2278601994 83.3380541644 39.3148254873 40.6139300997 41.6690270822
544 1048576 14375.699 14771.417 15915.092 71.6835748106 77.2336660728 79.3596671717 35.8417874053 38.6168330364 39.6798335858
576 1048576 15400.133 16061.576 16964.157 71.20657702 75.2080338816 78.4382545268 35.60328851 37.6040169408 39.2191272634
608 1048576 17815.365 18174.889 19000.508 67.1070697689 70.1554994916 71.5712765919 33.5535348844 35.0777497458 35.7856382959
640 1048576 18426.609 18685.503 19491.501 68.8596163015 71.829871532 72.8390817866 34.4298081507 35.914935766 36.4195408933
704 1048576 12332.519 12819.287 13334.076 110.723458303 115.169822471 119.715607817 55.3617291517 57.5849112357 59.8578039085
768 1048576 15008.075 15050.567 15677.381 102.734808575 107.013425873 107.316410399 51.3674042877 53.5067129365 53.6582051995
832 1048576 18675.049 19475.978 20948.064 83.2931608382 89.5888496074 93.431105 41.6465804191 44.7944248037 46.7155525
896 1048576 22015.576 22673.218 23916.814 78.5659909384 82.8752315617 85.3508530506 39.2829954692 41.4376157809 42.6754265253
960 1048576 14140.963 14774.212 14934.953 134.802293653 136.268920468 142.371203432 67.4011468265 68.1344602338 71.1856017161
1056 524288 9649.682 10090.655 10573.268 104.726018105 109.734824548 114.749507393 52.3630090526 54.867412274 57.3747536965
1152 524288 11203.014 11747.444 12454.058 96.9932492686 102.827436504 107.824515081 48.4966246343 51.4137182522 53.9122575407
1248 524288 8162.873 9007.291 9273.539 141.113640434 145.284841802 160.31400317 70.5568202172 72.642420901 80.1570015851
1344 524288 10653.741 11457.744 11616.475 121.31788206 122.998571447 132.28087148 60.6589410299 61.4992857233 66.1404357399
1472 524288 8315.112 9187.019 9223.31 167.348150718 168.009217353 185.626347787 83.6740753591 84.0046086767 92.8131738935
1600 524288 11320.685 11974.067 12198.89 137.530676971 140.112929049 148.199653996 68.7653384857 70.0564645245 74.0998269981
1760 524288 9784.984 10001.216 10990.263 167.920800439 184.526937524 188.604678352 83.9604002197 92.2634687622 94.302339176
1920 524288 13182.722 13857.433 14990.508 134.302714758 145.284189359 152.72004674 67.1513573789 72.6420946794 76.36002337
2112 262144 6194.009 6244.198 6418.382 172.519531558 177.332021822 178.768912993 86.259765779 88.6660109112 89.3844564966
2304 262144 6012.087 6183.844 6200.576 194.814086949 195.341207184 200.921834963 97.4070434747 97.6706035922 100.460917482
2528 262144 5982.115 6036.003 6502.198 203.838773289 219.582406437 221.560445428 101.919386644 109.791203218 110.780222714
2752 262144 6013.474 6058.919 6394.053 225.653521483 238.134983485 239.934616164 112.826760742 119.067491742 119.967308082
3008 262144 6997.126 7211.558 7854.775 200.777018311 218.684825665 225.386580719 100.388509155 109.342412832 112.693290359
3296 262144 7708.266 7757.429 9189.744 188.041500177 222.761078187 224.18183908 94.0207500884 111.380539094 112.09091954
3616 262144 8452.493 9287.345 11214.451 169.052003348 204.129964807 224.291863714 84.5260016741 102.064982403 112.145931857
3968 262144 11158.417 11585.916 13046.303 159.46086673 179.560665208 186.439956851 79.7304333649 89.7803326038 93.2199784253
4352 131072 4973.501 5005.926 6617.846 172.390032648 227.900030484 229.385836657 86.195016324 113.950015242 114.692918329
4768 131072 6248.685 7337.401 7676.337 162.825393414 170.346774287 200.026500296 81.4126967068 85.1733871435 100.013250148
5216 131072 5951.718 7600.089 9070.004 150.754410252 179.911459458 229.739228908 75.3772051258 89.955729729 114.869614454
5728 131072 6251.375 7991.6 8488.453 176.894521534 187.892391011 240.196889804 88.4472607671 93.9461955053 120.098444902
6272 131072 6626.749 8641.441 10321.273 159.298874083 190.265393006 248.110675084 79.6494370413 95.1326965028 124.055337542
6880 131072 7760.941 8553.198 9020.37 199.941989076 210.862734617 232.388149839 99.9709945379 105.431367308 116.19407492
7552 131072 9080.446 9273.099 10384.827 190.634999312 213.489739299 218.019190687 95.317499656 106.744869649 109.009595344
8288 65536 4667.441 5240.79 6539.1 166.127561285 207.28263029 232.745252913 83.0637806426 103.641315145 116.372626456
9088 65536 5104.39 5613.69 5685.096 209.527215723 212.192396801 233.364287603 104.763607862 106.096198401 116.682143802
9984 65536 5104.218 5668.875 6149.687 212.795032983 230.843482702 256.380673396 106.397516491 115.421741351 128.190336698
10976 65536 5423.285 6011.699 6689.03 215.075470135 239.307768403 265.27211312 107.537735068 119.653884201 132.63605656
12064 65536 6074.879 6633.947 7804.443 202.609283968 238.357739065 260.293679594 101.304641984 119.178869533 130.146839797
13248 65536 5427.843 6577.8 7893.501 219.983738014 263.985201131 319.913795591 109.991869007 131.992600566 159.956897795
14560 65536 6021.376 7235.277 7629.61 250.131831116 263.764375573 316.938905659 125.065915558 131.882187786 158.469452829
16000 65536 7479.47 8343.629 8600.82 243.831634658 251.347704938 280.387781487 121.915817329 125.673852469 140.193890744
17600 32768 3607.743 4365.324 4369.597 263.967958601 264.226343795 319.710578054 131.983979301 132.113171897 159.855289027
19360 32768 4244.471 5095.16 5425.244 233.865418772 249.016117256 298.924638665 116.932709386 124.508058628 149.462319333
21280 32768 4368.906 4914.826 5324.401 261.927319148 283.754924386 319.211738591 130.963659574 141.877462193 159.605869295
23392 32768 4819.706 5565.158 5858.484 261.674882444 275.467131751 318.072951338 130.837441222 137.733565875 159.036475669
25728 32768 5373.54 5781.967 6689.68 252.046466797 291.615328832 313.780153865 126.023233398 145.807664416 156.890076933
28288 32768 5952.763 5991.054 7345.769 252.374171853 309.441772349 311.432248857 126.187085927 154.720886175 155.716124428
31104 32768 6259.142 6898.667 7591.915 268.500338057 295.481974126 325.672711052 134.250169028 147.740987063 162.836355526
34208 16384 3754.692 3813.065 4295.918 260.928570797 293.970269062 298.540531154 130.464285398 146.985134531 149.270265577
37600 16384 3924.644 4201.532 4482.899 274.83929484 293.244654569 313.933391156 137.41964742 146.622327284 156.966695578
41344 16384 4297.209 4745.781 5045.496 268.508822919 285.466226107 315.265138838 134.254411459 142.733113053 157.632569419
45472 16384 5117.584 5249.143 5501.061 270.861656688 283.860907581 291.158190271 135.430828344 141.93045379 145.579095136
50016 16384 5087.42 5097.915 6009.582 272.718516529 321.489135853 322.152345983 136.359258265 160.744567926 161.076172991
55008 16384 5759.804 6046.544 6344.143 284.12066752 298.10452781 312.945048825 142.06033376 149.052263905 156.472524412
60480 16384 5888.948 6248.059 7331.474 270.31516991 317.187888271 336.530164641 135.157584955 158.593944135 168.26508232
66528 8192 3402.104 3954.396 4254.077 256.223559658 275.641274167 320.388427867 128.111779829 137.820637083 160.194213933
73152 8192 3750.156 3984.858 4273.499 280.454580193 300.769153631 319.592669745 140.227290096 150.384576816 159.796334872
80448 8192 3894.027 3958.655 5312.436 248.108406765 332.956529933 338.482509751 124.054203382 166.478264966 169.241254876
88480 8192 4282.241 4484.091 5537.478 261.789991762 323.288782498 338.5274953 130.894995881 161.644391249 169.26374765
97312 8192 4637.252 5907.401 6117.569 260.619832486 269.891921676 343.815649441 130.309916243 134.945960838 171.90782472
107040 8192 5701.223 6330.085 6453.188 271.763872368 277.048943261 307.608272821 135.881936184 138.52447163 153.804136411
117728 8192 5527.908 6669.661 7317.88 263.581194554 289.198439321 348.930472794 131.790597277 144.59921966 174.465236397
129472 8192 6145.17 7928.617 8009.87 264.831919619 267.545934934 345.192931685 132.41595981 133.772967467 172.596465842
142400 4096 3939.971 4282.748 4856.15 240.21926835 272.381377564 296.078524436 120.109634175 136.190688782 148.039262218
156640 4096 3830.182 4857.655 5490.608 233.707246993 264.159327906 335.021907575 116.853623497 132.079663953 167.510953788
172288 4096 4091.439 5279.692 5593.425 252.328992701 267.323036268 344.960121854 126.164496351 133.661518134 172.480060927
189504 4096 4484.596 5435.565 5450.351 284.828769377 285.603569822 346.166470291 142.414384688 142.801784911 173.083235145
208448 4096 5089.449 5927.731 5932.865 287.821485235 288.070767044 335.518838287 143.910742618 144.035383522 167.759419143
229280 4096 5463.76 6526.744 6824.895 275.207422239 287.779290868 343.767251856 137.603711119 143.889645434 171.883625928
252192 4096 5877.035 7092.756 7095.127 291.179687693 291.277024615 351.530468 145.589843846 145.638512307 175.765234
277408 2048 3839.997 4237.859 4343.934 261.574685067 268.121985182 295.90209784 130.787342533 134.060992591 147.95104892
305120 2048 3628.219 4410.123 4704.738 265.641045261 283.386998503 344.458677935 132.820522631 141.693499252 172.229338968
335616 2048 4322.822 4802.725 4816.831 285.391606224 286.229824943 318.005954444 142.695803112 143.114912472 159.002977222
369152 2048 4342.169 5271.894 5276.486 286.563177084 286.812783413 348.223800594 143.281588542 143.406391707 174.111900297
406048 2048 4880.481 5920.066 6079.478 273.571613879 280.938186838 340.780469794 136.785806939 140.469093419 170.390234897
446624 2048 5227.164 6308.926 6317.649 289.565296204 289.965661984 349.974078487 144.782648102 144.982830992 174.987039243
491264 2048 5705.326 6910.36 7447.496 270.187099664 291.188497271 352.691037112 135.093549832 145.594248635 176.345518556
540384 1024 3528.829 3930.108 3930.764 281.549956192 281.596951534 313.618606059 140.774978096 140.798475767 156.809303029
594400 1024 3533.089 4269.87 4355.581 279.487673401 285.097953802 344.551524176 139.743836701 142.548976901 172.275762088
653824 1024 3978.382 4673.367 6035.393 221.863191345 286.523945584 336.576917953 110.931595672 143.261972792 168.288458977
719200 1024 4846.81 5181.983 6230.45 236.406936899 284.238987276 303.895056749 118.203468449 142.119493638 151.947528374
791104 1024 5471.201 5892.018 6800.137 238.257110408 274.978961707 296.128947191 119.128555204 137.489480854 148.064473595
870208 1024 5760.888 5870.943 7845.79 227.151884514 303.560430411 309.359595951 113.575942257 151.780215206 154.679797976
957216 1024 5972.165 6446.54 8557.548 229.081784642 304.097759108 328.252546271 114.540892321 152.048879554 164.126273135
1052928 512 3154.253 3547.545 4715.24 228.662437543 303.928004296 341.82364953 114.331218771 151.964002148 170.911824765
1158208 512 3546.407 3901.839 5182.713 228.838639531 303.960515029 334.424388402 114.419319766 151.980257514 167.212194201
1274016 512 3976.238 4290.953 5699.953 228.87774408 304.03324949 328.097157162 114.43887204 152.016624745 164.048578581
1401408 512 4159.122 5026.363 6270.671 228.849798052 285.503015202 345.034791478 114.424899026 142.751507601 172.517395739
1541536 512 4722.495 4727.048 6891.409 229.05807274 333.936288356 334.258239342 114.52903637 166.968144178 167.129119671
1695680 512 5107.544 5123.924 6640.868 261.468277942 338.876283099 339.963066397 130.734138971 169.438141549 169.981533199
1865248 512 5542.661 5698.914 6990.716 273.22150578 335.154022679 344.602340284 136.61075289 167.577011339 172.301170142
2051744 512 6153.61 6268.796 7766.83 270.507511559 335.149820795 341.423303719 135.253755779 167.574910397 170.71165186
2256896 256 3364.839 3674.066 3786.213 305.19433323 314.510069226 343.413385306 152.597166615 157.255034613 171.706692653
2482560 256 4058.2 4267.51 5035.876 252.403101268 297.848328416 313.210467695 126.201550634 148.924164208 156.605233848
2730816 256 4475.086 4882.745 5076.612 275.415531461 286.350770315 312.435960337 137.70776573 143.175385157 156.217980168
3003872 256 4526.302 5243.534 5382.29 285.748717368 293.310287299 339.78785861 142.874358684 146.655143649 169.893929305
3304256 256 5131.785 5754.872 7855.544 215.361160475 293.973362396 329.666786898 107.680580237 146.986681198 164.833393449
3634656 256 6893.108 7205.025 9706.484 191.721726631 258.284165843 269.971669093 95.8608633157 129.142082921 134.985834547
3998112 256 7065.975 8332.014 9072.15 225.639274483 245.682897796 289.702885164 112.819637241 122.841448898 144.851442582
4397920 128 4387.383 4799.934 5379.499 209.288545272 234.558958519 256.614824828 104.644272636 117.27947926 128.307412414
4837696 128 5297.12 5733.146 6040.757 205.015725016 216.015809819 233.796888875 102.507862508 108.007904909 116.898444438
5321440 128 6396.121 6765.365 8425.871 161.679266155 201.362179276 212.986689902 80.8396330777 100.681089638 106.493344951
5853568 128 7933.721 8266.868 9378.163 159.787520008 181.267368488 188.87901503 79.893760004 90.6336842441 94.4395075148
6438912 128 8807.145 9292.637 10366.755 159.004574913 177.383607258 187.161840983 79.5022874564 88.691803629 93.5809204913
7082784 128 10629.268 10647.051 11890.215 152.494526297 170.299992364 170.584908011 76.2472631487 85.149996182 85.2924540053
7791040 128 11162.087 12010.211 13608.88 146.559176067 166.067543693 178.685781611 73.2795880337 83.0337718463 89.3428908053
8570144 64 6251.263 6534.044 7534.95 145.585363141 167.88660009 175.481087902 72.7926815705 83.9433000451 87.7405439509
9427136 64 6984.396 7189.606 8417.332 143.355805379 167.835818541 172.767037837 71.6779026894 83.9179092707 86.3835189185
10369824 64 7761.187 7871.726 9304.048 142.662362877 168.620893563 171.02248303 71.3311814384 84.3104467813 85.511241515
11406784 64 8399.313 8799.814 10199.113 143.156405072 165.920365135 173.831877917 71.5782025358 82.9601825675 86.9159389583
12547456 64 9471.978 9617.781 11385.903 141.058146025 166.990116327 169.560610044 70.5290730125 83.4950581636 84.7803050218
13802176 64 10261.679 11022.417 12344.513 143.114477501 160.280501817 172.162716062 71.5572387505 80.1402509087 86.0813580312
15182368 64 11341.232 11658.691 13490.553 144.052145527 166.686217518 171.352028069 72.0260727637 83.343108759 85.6760140345
16700576 64 12415.418 12892.428 14976.948 142.730930761 165.80846742 172.178957487 71.3654653805 82.9042337099 86.0894787433
18370624 32 7153.641 7457.23 8421.388 139.611182385 157.661750543 164.352661253 69.8055911923 78.8308752714 82.1763306266
20207680 32 7644.588 7981.632 9064.408 142.677990664 162.033468844 169.17739975 71.3389953321 81.0167344222 84.588699875
22228448 32 8461.592 10036.81 10211.798 139.311477959 141.740321078 168.126833816 69.6557389796 70.8701605391 84.0634169078
24451264 32 9586.459 10509.03 11395.857 137.320159072 148.908214745 163.238678223 68.6600795359 74.4541073724 81.6193391116
26896384 32 10947.376 11706.276 12668.605 135.876726443 147.046641989 157.240289911 67.9383632215 73.5233209947 78.6201449553
29586016 32 12093.005 13257.333 14324.32 132.188126487 142.826994238 156.578536435 66.0940632435 71.4134971189 78.2892682175
32544608 32 13825.49 14654.717 16170.713 128.804148092 142.128634214 150.653243538 64.4020740458 71.0643171069 75.3266217689
35799040 16 8012.268 8113.116 9088.741 126.042680719 141.199667304 142.976904916 63.0213403595 70.5998336521 71.4884524582
39378944 16 8964.211 9450.148 10194.427 123.609321838 133.344600317 140.573019533 61.8046609191 66.6723001587 70.2865097664
43316832 16 10594.164 10797.759 11742.692 118.042662108 128.372806246 130.839830684 59.0213310542 64.1864031231 65.4199153421
47648512 16 12553.853 12586.009 13051.214 116.828394968 121.146614785 121.456925137 58.4141974839 60.5733073924 60.7284625684
52413344 16 14664.761 14827.562 15331.54 109.397164799 113.115494509 114.371247373 54.6985823994 56.5577472547 57.1856236866
57654656 16 17519.856 17565.446 17797.192 103.665173248 105.032857805 105.306173293 51.8325866238 52.5164289025 52.6530866464
63420096 16 20525.723 21292.347 21629.574 93.8272326584 95.3132631175 98.8731589138 46.9136163292 47.6566315587 49.4365794569
69762080 8 11977.609 12225.668 12325.215 90.5617695107 91.2991650027 93.1899914248 45.2808847554 45.6495825013 46.5949957124
76738272 8 13855.178 14025.195 14221.513 86.3348612767 87.5433355472 88.6175805176 43.1674306384 43.7716677736 44.3087902588
84412096 8 15831.339 15961.431 16263.329 83.0453307561 84.6160683212 85.311390022 41.522665378 42.3080341606 42.655695011
92853280 8 18328.608 18463.757 18704.828 79.4261502966 80.4631733401 81.0564817579 39.7130751483 40.23158667 40.528240879
102138592 8 20802.159 20912.508 21293.249 76.7481501766 78.1454559157 78.5599933161 38.3740750883 39.0727279578 39.279996658
112352448 8 23597.51 23674.694 23946.077 75.0702993229 75.9308301091 76.1791887364 37.5351496615 37.9654150546 38.0895943682
123587680 8 26737.785 26802.325 27200.275 72.697900297 73.7772890971 73.9553736407 36.3489501485 36.8886445486 36.9776868204
135946432 4 15007.178 15122.963 15211.762 71.4954293921 71.9152361875 72.4700843823 35.747714696 35.9576180938 36.2350421911
149541056 4 16825.423 16885.111 17029.687 70.2495852096 70.8510857879 71.1024292227 35.1247926048 35.425542894 35.5512146114
164495136 4 18830.258 18979.512 19043.121 69.104275922 69.3358758645 69.8854518085 34.552137961 34.6679379322 34.9427259042
180944640 4 21103.137 21218.642 21343.2 67.8228719217 68.221006792 68.5944047086 33.9114359609 34.110503396 34.2972023543
199039104 4 23544.438 23661.044 23728.94 67.1042546359 67.2968120933 67.63010576 33.552127318 33.6484060467 33.81505288
218943008 4 26221.504 26434.84 26744.625 65.4914422618 66.2589243589 66.7980015181 32.7457211309 33.1294621795 33.3990007591
240837280 4 29370.213 29371.598 30451.639 63.270756625 65.5973243267 65.6004176749 31.6353783125 32.7986621634 32.8002088374
264920992 4 32334.315 32705.308 33356.231 63.5373923391 64.801956184 65.5454719236 31.7686961695 32.400978092 32.7727359618
291413088 2 18077.702 18127.36 18572.59 62.7619708398 64.3034811467 64.480117661 31.3809854199 32.1517405734 32.2400588305
320554368 2 19944.934 20139.0 20669.655 62.0338110143 63.6683783703 64.2878774129 31.0169055071 31.8341891852 32.1439387064
352609792 2 22112.6 22298.946 23129.696 60.9795808817 63.2513827335 63.7844110598 30.4897904408 31.6256913668 31.8922055299
387870752 2 24589.493 24731.642 25704.959 60.3573422545 62.7327133395 63.0953638613 30.1786711272 31.3663566697 31.5476819307
426657824 2 27133.974 28380.035 41296.219 41.3265751036 60.1349256969 62.8964742135 20.6632875518 30.0674628484 31.4482371067
469323584 2 30065.431 31626.235 32059.488 58.5565912968 59.3587676813 62.4402935052 29.2782956484 29.6793838407 31.2201467526
516255936 2 33420.487 35176.007 41178.715 50.1478432243 58.7054620497 61.7891577702 25.0739216122 29.3527310249 30.8945788851
567881504 1 22757.076 36347.221 40174.081 28.2710389318 31.2475885846 49.9081256309 14.1355194659 15.6237942923 24.9540628155
624669632 1 25245.597 41357.904 44415.582 28.1284001637 30.2079927455 49.4874121614 14.0642000819 15.1039963727 24.7437060807
687136576 1 28370.311 45873.189 48803.686 28.1592081385 29.9580905962 48.4405388436 14.0796040693 14.9790452981 24.2202694218
755850208 1 30860.323 52476.154 53895.572 28.0486941673 28.8073782236 48.9852428311 14.0243470837 14.4036891118 24.4926214155
831435200 1 34488.82 61906.796 68944.463 24.1189840002 26.8608700085 48.2147664084 12.0594920001 13.4304350043 24.1073832042
914578720 1 36736.085 69559.535 74997.648 24.3895307224 26.2962861957 49.7918447216 12.1947653612 13.1481430979 24.8959223608
1006036576 1 40172.817 73092.908 73474.186 27.3847627519 27.5276111877 50.0854384197 13.692381376 13.7638055938 25.0427192099

META_DATA
ERT_VERSION  1.1.0
TIMESTAMP_DATA  1560424721.13
FLOPS          8
HOSTNAME  ('kcadmin-UniServer-R5200-G3', [], ['127.0.1.1'])
CONFIG  {'ERT_WORKING_SET_MIN': ['1'], 'ERT_CFLAGS': ['-O3', '-march=native', '-fstrict-aliasing', '-ftree-vectorize'], 'ERT_CC': ['gcc'], 'ERT_MPI_CFLAGS': ['-I/usr/local/include'], 'ERT_MPI_LDFLAGS': ['-L/usr/local/lib', '-lmpi'], 'ERT_MEMORY_MAX': ['1073741824'], 'ERT_PROCS_THREADS': ['1-8'], 'ERT_LDFLAGS': [], 'ERT_LDLIBS': [], 'ERT_RUN': ['export', 'OMP_NUM_THREADS=ERT_OPENMP_THREADS;', 'mpirun', '-np', 'ERT_MPI_PROCS', 'ERT_CODE'], 'ERT_FLOPS': ['1,2,4,8,16'], 'ERT_OPENMP_CFLAGS': ['-fopenmp'], 'ERT_MPI': ['True'], 'ERT_TRIALS_MIN': ['1'], 'ERT_DRIVER': ['driver1'], 'ERT_RESULTS': ['Results.p100.01'], 'ERT_OPENMP': ['True'], 'ERT_MPI_PROCS': ['1,2,4,8'], 'ERT_KERNEL': ['kernel1'], 'ERT_GPU': [False], 'ERT_OPENMP_THREADS': ['1,2,4,8'], 'ERT_LD': ['gcc'], 'ERT_NUM_EXPERIMENTS': ['3'], 'ERT_OPENMP_LDFLAGS': ['-fopenmp'], 'ERT_ALIGN': ['32'], 'ERT_GNUPLOT': ['gnuplot']}
OPENMP_THREADS 2
MPI_PROCS      2
TIMESTAMP_DATA  1560424709.68
TIMESTAMP_DATA  1560424715.63
UNAME  ('Linux', 'kcadmin-UniServer-R5200-G3', '4.4.0-141-generic', '#167-Ubuntu SMP Wed Dec 5 10:40:15 UTC 2018', 'x86_64', 'x86_64')
