32 33554432 432029.751 433909.046 436242.423 4.9226841196 4.94915620634 4.97068464158 4.9226841196 4.94915620634 4.97068464158
64 16777216 214023.605 219125.48 225684.989 9.51540311793 9.80024617858 10.0338635451 9.51540311793 9.80024617858 10.0338635451
96 8388608 101710.754 109125.292 109328.519 14.7318627448 14.7592982936 15.8352256046 14.7318627448 14.7592982936 15.8352256046
128 8388608 102288.227 108576.41 117444.579 18.2850810679 19.7785471817 20.9944361241 18.2850810679 19.7785471817 20.9944361241
160 4194304 57408.584 57647.87 60111.481 22.3281352858 23.2823394863 23.379383125 22.3281352858 23.2823394863 23.379383125
192 4194304 54040.165 56909.669 63791.597 25.2480391109 28.3012142629 29.8039936777 25.2480391109 28.3012142629 29.8039936777
224 4194304 57405.926 59790.542 62408.007 30.1090882777 31.4271811083 32.7326518868 30.1090882777 31.4271811083 32.7326518868
256 4194304 58226.446 59318.325 61813.999 34.7410567629 36.2027020824 36.8815855256 34.7410567629 36.2027020824 36.8815855256
288 2097152 32073.809 32463.488 35216.067 34.3013759032 37.2097894102 37.6618677252 34.3013759032 37.2097894102 37.6618677252
320 2097152 34307.586 35093.168 37497.439 35.7938386139 38.2461133176 39.1218805077 35.7938386139 38.2461133176 39.1218805077
352 2097152 36890.909 37474.31 39754.855 37.1374768692 39.3975234767 40.0205646329 37.1374768692 39.3975234767 40.0205646329
384 2097152 39138.184 40080.783 41862.081 38.4742635226 40.1841634681 41.1519537033 38.4742635226 40.1841634681 41.1519537033
416 2097152 42418.62 44092.871 46860.214 37.2347950438 39.5717136224 41.1335980284 37.2347950438 39.5717136224 41.1335980284
448 2097152 39200.764 39946.332 41898.523 44.8475998068 47.0393174522 47.9339686339 44.8475998068 47.0393174522 47.9339686339
480 2097152 47853.848 49814.92 52794.626 38.1339176453 40.4149182614 42.0711396083 38.1339176453 40.4149182614 42.0711396083
512 2097152 51540.222 53127.577 54628.761 39.310495217 40.4212608454 41.6661699284 39.310495217 40.4212608454 41.6661699284
544 1048576 27489.266 28294.562 28564.423 39.9395670621 40.3204929626 41.5016788007 39.9395670621 40.3204929626 41.5016788007
576 1048576 28522.597 29289.726 29841.414 40.4793000761 41.2417498204 42.3509665687 40.4793000761 41.2417498204 42.3509665687
608 1048576 29292.534 30084.375 30095.372 42.3675911366 42.3830781261 43.5287850481 42.3675911366 42.3830781261 43.5287850481
640 1048576 29309.584 29918.068 30014.423 44.717743866 44.8617631326 45.793119411 44.717743866 44.8617631326 45.793119411
704 1048576 23961.098 24936.355 24961.512 59.146858091 59.2065282997 61.6163336088 59.146858091 59.2065282997 61.6163336088
768 1048576 28885.609 29563.536 29734.133 54.1671329714 54.47970554 55.7583098213 54.1671329714 54.47970554 55.7583098213
832 1048576 31892.456 31941.089 33409.643 52.2253549372 54.626517712 54.7098180209 52.2253549372 54.626517712 54.7098180209
896 1048576 33074.088 34121.22 34473.484 54.5070580043 55.0697833196 56.8133032723 54.5070580043 55.0697833196 56.8133032723
960 1048576 25649.917 25867.016 27121.239 74.2320776717 77.8313942358 78.4901533989 74.2320776717 77.8313942358 78.4901533989
1056 524288 17303.547 17450.477 17670.463 62.6636809686 63.453638316 63.9924436302 62.6636809686 63.453638316 63.9924436302
1152 524288 18607.801 18895.836 19003.424 63.5653633787 63.9272881073 64.9168352564 63.5653633787 63.9272881073 64.9168352564
1248 524288 15444.565 15583.548 15717.047 83.2613688818 83.9746409483 84.7303143857 83.2613688818 83.9746409483 84.7303143857
1344 524288 17973.816 18159.227 19720.745 71.462114844 77.6071659878 78.4077317805 71.462114844 77.6071659878 78.4077317805
1472 524288 15572.74 15922.89 16890.047 91.3854101176 96.936163724 99.1157543245 91.3854101176 96.936163724 99.1157543245
1600 524288 19806.811 20182.818 20511.366 81.7947278597 83.1262314311 84.7042767258 81.7947278597 83.1262314311 84.7042767258
1760 524288 19859.992 20758.805 20815.704 88.6587242017 88.9017339871 92.9252015811 88.6587242017 88.9017339871 92.9252015811
1920 524288 25407.531 27654.374 28550.289 70.5164812868 72.8009941574 79.2389437604 70.5164812868 72.8009941574 79.2389437604
2112 262144 15197.201 15630.751 17855.543 62.0141463074 70.840886404 72.8618550219 62.0141463074 70.840886404 72.8618550219
2304 262144 14748.996 15059.872 17391.916 69.4552314995 80.2104793454 81.9011376774 69.4552314995 80.2104793454 81.9011376774
2528 262144 12855.82 14469.346 18912.501 70.0806341795 91.6005508473 103.097279209 70.0806341795 91.6005508473 103.097279209
2752 262144 13722.488 14763.663 17579.687 82.0743040533 97.7291730379 105.144240316 82.0743040533 97.7291730379 105.144240316
3008 262144 13833.222 15300.817 17726.637 88.9654537406 103.07020233 114.005132282 88.9654537406 103.07020233 114.005132282
3296 262144 15411.872 17235.971 20454.261 84.4837781233 100.258537683 112.124811833 84.4837781233 100.258537683 112.124811833
3616 262144 17749.409 19748.208 19794.181 95.7769057482 95.999870368 106.810621582 95.7769057482 95.999870368 106.810621582
3968 262144 19580.823 21063.246 21854.177 95.1934627417 98.7680048935 106.245523184 95.1934627417 98.7680048935 106.245523184
4352 131072 9610.858 10413.399 11325.011 100.737269747 109.556033337 118.704353763 100.737269747 109.556033337 118.704353763
4768 131072 11065.96 11309.738 13164.687 94.9435859736 110.515609822 112.950217785 94.9435859736 110.515609822 112.950217785
5216 131072 11168.844 11406.835 11698.878 116.87814028 119.870507814 122.424765177 116.87814028 119.870507814 122.424765177
5728 131072 11994.807 12826.236 13693.259 109.656936453 117.069484142 125.184242814 109.656936453 117.069484142 125.184242814
6272 131072 13013.587 13164.262 13745.551 119.614496938 124.896265966 126.342350345 119.614496938 124.896265966 126.342350345
6880 131072 12727.368 12854.885 13040.437 138.304469398 140.300805491 141.706495797 138.304469398 140.300805491 141.706495797
7552 131072 15102.485 15160.211 15290.382 129.474298811 130.586011501 131.085148437 129.474298811 130.586011501 131.085148437
8288 65536 7756.889 8307.161 9312.942 116.646784228 130.76967402 140.04644594 116.646784228 130.76967402 140.04644594
9088 65536 8650.288 8791.475 9772.084 121.8964487 135.492887826 137.704355739 121.8964487 135.492887826 137.704355739
9984 65536 9091.726 9095.711 10474.362 124.935804968 143.872518377 143.935579229 124.935804968 143.872518377 143.935579229
10976 65536 9685.202 9710.889 11351.869 126.732106581 148.147741365 148.540657386 126.732106581 148.147741365 148.540657386
12064 65536 10743.676 12379.224 12651.359 124.986778733 127.734388521 147.179848685 124.986778733 127.734388521 147.179848685
13248 65536 10728.122 12799.439 13107.21 132.479898926 135.665465963 161.858884155 132.479898926 135.665465963 161.858884155
14560 65536 11891.632 12282.578 14118.534 135.170430584 155.375224973 160.483297835 135.170430584 155.375224973 160.483297835
16000 65536 13984.386 13987.894 16698.816 125.586867955 149.926214768 149.963823939 125.586867955 149.926214768 149.963823939
17600 32768 7168.427 7780.898 9716.443 118.709449538 148.239136408 160.904700571 118.709449538 148.239136408 160.904700571
19360 32768 8474.046 8639.019 12645.656 100.333028196 146.86586058 149.725049876 100.333028196 146.86586058 149.725049876
21280 32768 8485.956 8899.55 13218.694 105.502561751 156.705235658 164.342836564 105.502561751 156.705235658 164.342836564
23392 32768 9306.532 9762.378 13591.861 112.789419492 157.033267099 164.72496006 112.789419492 157.033267099 164.72496006
25728 32768 10677.136 10696.079 15324.906 110.024179463 157.638159554 157.917835644 110.024179463 157.638159554 157.917835644
28288 32768 11344.476 12108.61 16128.584 114.943901337 153.104474254 163.417188066 114.943901337 153.104474254 163.417188066
31104 32768 12206.282 13284.444 17947.06 113.580260165 153.445017646 166.998578601 113.580260165 153.445017646 166.998578601
34208 16384 6975.26 6999.686 8876.839 126.275551917 160.139718267 160.700496326 126.275551917 160.139718267 160.700496326
37600 16384 7168.879 8008.538 9068.881 135.857643297 153.845408488 171.864638809 135.857643297 153.845408488 171.864638809
41344 16384 8129.826 8318.891 9977.566 135.780629464 162.853461116 166.640736468 135.780629464 162.853461116 166.640736468
45472 16384 8967.237 9733.062 10057.845 148.145700794 153.089181596 166.163389682 148.145700794 153.089181596 166.163389682
50016 16384 10017.372 11247.509 11919.972 137.493971295 145.714423345 163.60820862 137.493971295 145.714423345 163.60820862
55008 16384 10718.144 11285.663 14897.934 120.990074463 159.716105647 168.172973231 120.990074463 159.716105647 168.172973231
60480 16384 12161.949 12215.512 14544.699 136.25642167 162.237050727 162.951566398 136.25642167 162.237050727 162.951566398
66528 8192 6605.624 6706.86 8538.551 127.655705517 162.519383437 165.010111384 127.655705517 162.519383437 165.010111384
73152 8192 7977.568 8981.515 10386.115 115.396600943 133.443229567 150.236559312 115.396600943 133.443229567 150.236559312
80448 8192 9087.34 9417.742 11022.731 119.576539789 139.954994732 145.043547617 119.576539789 139.954994732 145.043547617
88480 8192 8896.345 10335.325 13758.42 105.365028833 140.262286866 162.949651795 105.365028833 140.262286866 162.949651795
97312 8192 9511.059 10925.191 12420.82 128.361880134 145.934273186 167.632206676 128.361880134 145.934273186 167.632206676
107040 8192 10408.757 12249.252 14546.524 120.560991753 143.17146549 168.487299684 120.560991753 143.17146549 168.487299684
117728 8192 13361.064 14688.58 15979.725 120.706429679 131.316679488 144.363918323 120.706429679 131.316679488 144.363918323
129472 8192 14504.942 14570.826 15850.367 133.830923158 145.583321632 146.244586707 133.830923158 145.583321632 146.244586707
142400 4096 8047.454 8469.089 8475.32 137.639735137 137.741001423 144.957746885 137.639735137 137.741001423 144.957746885
156640 4096 8532.325 8748.044 9393.902 136.598708396 146.683633507 150.39217095 136.598708396 146.683633507 150.39217095
172288 4096 9812.94 10473.923 11159.492 126.473794327 134.752116852 143.828790964 126.473794327 134.752116852 143.828790964
189504 4096 9687.887 10084.62 11483.151 135.190834641 153.939044605 160.243071374 135.190834641 153.939044605 160.243071374
208448 4096 9643.452 10229.394 12391.229 137.807639258 166.931297788 177.074144819 137.807639258 166.931297788 177.074144819
229280 4096 10726.749 11327.993 13670.858 137.391651643 165.807108108 175.100746741 137.391651643 165.807108108 175.100746741
252192 4096 11986.139 12223.856 14941.511 138.269607672 169.010242267 172.362164664 138.269607672 169.010242267 172.362164664
277408 2048 6430.93 6644.514 8128.916 139.780404669 171.007716742 176.687223776 139.780404669 171.007716742 176.687223776
305120 2048 7567.62 7605.565 9133.334 136.836287822 164.32329748 165.147235194 136.836287822 164.32329748 165.147235194
335616 2048 7895.683 8139.438 11644.301 118.056303766 168.891652716 174.105664576 118.056303766 168.891652716 174.105664576
369152 2048 8817.018 8921.311 11326.096 133.501128014 169.487039741 171.491834541 133.501128014 169.487039741 171.491834541
406048 2048 9391.022 9857.796 12142.738 136.968499856 168.716476584 177.10240781 136.968499856 168.716476584 177.10240781
446624 2048 10776.578 11138.082 13251.514 138.050029906 164.244786849 169.754434478 138.050029906 164.244786849 169.754434478
491264 2048 11668.906 11945.765 14891.99 135.120782649 168.446084784 172.442673203 135.120782649 168.446084784 172.442673203
540384 1024 6253.64 6427.912 9738.921 113.637479142 172.171994887 176.969961814 113.637479142 172.171994887 176.969961814
594400 1024 6834.784 7264.1 10634.861 114.466112909 167.581833951 178.108218197 114.466112909 167.581833951 178.108218197
653824 1024 7701.115 8073.32 11800.945 113.4681631 165.858847661 173.875023552 113.4681631 165.858847661 173.875023552
719200 1024 8353.753 8835.795 12365.231 119.118001111 166.69938585 176.318548083 119.118001111 166.69938585 176.318548083
791104 1024 9861.448 10410.027 11606.237 139.595718406 155.636579233 164.294431406 139.595718406 155.636579233 164.294431406
870208 1024 10373.778 10785.402 12888.179 138.280666648 165.240570912 171.797197125 138.280666648 165.240570912 171.797197125
957216 1024 11672.758 13335.893 14370.311 136.418645915 147.000157245 167.944745192 136.418645915 147.000157245 167.944745192
1052928 512 6578.337 7157.979 8268.875 130.392377681 150.628867729 163.901343455 130.392377681 150.628867729 163.901343455
1158208 512 6849.746 7776.301 8592.789 138.023288131 152.515314415 173.145835189 138.023288131 152.515314415 173.145835189
1274016 512 8567.889 9112.468 9619.379 135.621268691 143.16564777 152.265322765 135.621268691 143.16564777 152.265322765
1401408 512 9613.955 9680.783 10494.321 136.744606154 148.236128421 149.266539317 136.744606154 148.236128421 149.266539317
1541536 512 8776.493 10609.993 11552.258 136.642798663 148.777936423 179.859183389 136.642798663 148.777936423 179.859183389
1695680 512 11464.567 11981.123 12478.591 139.148427895 144.926007353 151.455900602 139.148427895 144.926007353 151.455900602
1865248 512 11465.493 13078.24 13560.078 140.855675904 146.045182838 166.588035246 140.855675904 146.045182838 166.588035246
2051744 512 11816.939 14034.376 14328.156 146.633373897 149.702833671 177.794423412 146.633373897 149.702833671 177.794423412
2256896 256 6895.143 7835.026 8241.688 140.205592835 147.482695271 167.586191033 140.205592835 147.482695271 167.586191033
2482560 256 7100.78 10235.51 10277.286 123.677663539 124.182451094 179.004379801 123.677663539 124.182451094 179.004379801
2730816 256 8480.773 9421.373 11111.0 125.837259653 148.404886634 164.864428278 125.837259653 148.404886634 164.864428278
3003872 256 8945.522 10340.234 11708.376 131.357454185 148.73768466 171.927637538 131.357454185 148.73768466 171.927637538
3304256 256 10999.807 11729.943 11853.616 142.722614939 144.227390704 153.800795959 142.722614939 144.227390704 153.800795959
3634656 256 10983.694 12549.239 12892.7 144.340896166 148.29137225 169.427869349 144.340896166 148.29137225 169.427869349
3998112 256 11723.604 12595.328 14096.946 145.211121898 162.52322639 174.607854718 145.211121898 162.52322639 174.607854718
4397920 128 7049.803 7307.306 7779.037 144.730963486 154.074226534 159.701983162 144.730963486 154.074226534 159.701983162
4837696 128 7578.95 8122.193 8840.724 140.084700755 152.47731444 163.406563706 140.084700755 152.47731444 163.406563706
5321440 128 8667.01 8812.603 9682.863 140.690686215 154.584138194 157.180923986 140.690686215 154.584138194 157.180923986
5853568 128 9487.659 9924.137 10670.043 140.441177978 150.996848189 157.943430302 140.441177978 150.996848189 157.943430302
6438912 128 10692.339 10703.388 16013.189 102.937739135 154.003710975 154.162851739 102.937739135 154.003710975 154.162851739
7082784 128 12063.285 12444.406 13185.32 137.516018117 145.703435262 150.306711978 137.516018117 145.703435262 150.306711978
7791040 128 13427.187 13433.112 14524.598 137.319204291 148.476856294 148.542374512 137.319204291 148.476856294 148.542374512
8570144 64 7260.852 7357.465 7984.113 137.395153601 149.097336107 151.081227382 137.395153601 149.097336107 151.081227382
9427136 64 8089.948 8169.963 8782.208 137.399775546 147.696312456 149.157127833 137.399775546 147.696312456 149.157127833
10369824 64 8944.212 8999.698 9662.08 137.375955488 147.486890338 148.40183484 137.375955488 147.486890338 148.40183484
11406784 64 9904.095 10138.622 10649.998 137.095645652 144.010532398 147.420673166 137.095645652 144.010532398 147.420673166
12547456 64 10879.37 11121.479 11765.451 136.507675566 144.411940894 147.62567759 136.507675566 144.411940894 147.62567759
13802176 64 11931.098 12774.769 13104.794 134.811621457 138.294361957 148.073423586 134.811621457 138.294361957 148.073423586
15182368 64 13272.991 13660.48 15697.536 123.799244926 142.260235658 146.413352047 123.799244926 142.260235658 146.413352047
16700576 64 13869.977 14942.529 16613.038 128.67446207 143.059700804 154.122370066 128.67446207 143.059700804 154.122370066
18370624 32 7846.032 7993.891 9465.172 124.215379921 147.077303906 149.848985576 124.215379921 147.077303906 149.848985576
20207680 32 8662.301 8670.793 10938.941 118.228219715 149.154929659 149.3011522 118.228219715 149.154929659 149.3011522
22228448 32 9660.025 9755.071 12677.602 112.215281092 145.833963894 147.268839573 112.215281092 145.833963894 147.268839573
24451264 32 11402.555 11613.795 14600.717 107.178359529 134.74328555 137.239495534 107.178359529 134.74328555 137.239495534
26896384 32 12539.468 12605.664 16857.5 102.112921608 136.555168851 137.276045204 102.112921608 136.555168851 137.276045204
29586016 32 13902.192 14071.837 18613.349 101.728336153 134.55990316 136.201904275 101.728336153 134.55990316 136.201904275
32544608 32 15919.092 16632.627 19085.979 109.130106032 125.227055955 130.840057461 109.130106032 125.227055955 130.840057461
35799040 16 8934.867 9546.658 11128.388 102.941169916 119.996891059 128.21335561 102.941169916 119.996891059 128.21335561
39378944 16 10390.756 11068.711 12883.084 97.8124654004 113.845795414 121.273775267 97.8124654004 113.845795414 121.273775267
43316832 16 11962.263 12348.426 15196.689 91.2131994015 112.252251744 115.875952903 91.2131994015 112.252251744 115.875952903
47648512 16 13879.886 14120.331 17687.399 86.2055740361 107.982764993 109.853379487 86.2055740361 107.982764993 109.853379487
52413344 16 16099.078 16406.939 20930.683 80.1324547316 102.226686404 104.181556733 80.1324547316 102.226686404 104.181556733
57654656 16 18942.089 19568.303 26702.047 69.0939159833 94.2825237324 97.3994469142 69.0939159833 94.2825237324 97.3994469142
63420096 16 22509.423 23303.049 27779.582 73.0552055103 87.089164684 90.1597109797 73.0552055103 87.089164684 90.1597109797
69762080 8 13449.242 16067.631 16528.049 67.533275101 69.4684412407 82.9930251831 67.533275101 69.4684412407 82.9930251831
76738272 8 15319.985 16356.405 19736.148 62.2113470167 75.0661500495 80.1444878699 62.2113470167 75.0661500495 80.1444878699
84412096 8 17191.682 19014.018 22166.274 60.9301110326 71.0314640493 78.5608724033 60.9301110326 71.0314640493 78.5608724033
92853280 8 19826.579 22248.596 25886.703 57.3905637964 66.7751115621 74.9323662948 57.3905637964 66.7751115621 74.9323662948
102138592 8 22470.435 25639.332 28881.772 56.5830057796 63.738691476 72.7274515157 56.5830057796 63.738691476 72.7274515157
112352448 8 29002.295 29971.123 31331.991 57.3739207317 59.979039424 61.9826523384 57.3739207317 59.979039424 61.9826523384
123587680 8 29256.808 34586.001 35511.764 55.6830373169 57.1735043898 67.5877860633 55.6830373169 57.1735043898 67.5877860633
135946432 4 16371.886 18851.878 20322.86 53.5146852362 57.6903508499 66.4292101716 53.5146852362 57.6903508499 66.4292101716
149541056 4 18205.68 20421.463 23285.843 51.3757843339 58.5819168783 65.7118244416 51.3757843339 58.5819168783 65.7118244416
164495136 4 20425.528 22698.61 26739.237 49.2146087789 57.9754041327 64.4272739486 49.2146087789 57.9754041327 64.4272739486
180944640 4 22769.751 25125.103 33810.936 42.8132814779 57.6139775427 63.5736912538 42.8132814779 57.6139775427 63.5736912538
199039104 4 26448.223 27844.669 34335.074 46.3756924479 57.1855543336 60.2049079819 46.3756924479 57.1855543336 60.2049079819
218943008 4 28362.079 30701.291 38823.912 45.1150843326 57.0511534515 61.7565469725 45.1150843326 57.0511534515 61.7565469725
240837280 4 33946.901 39108.056 45196.591 42.6292823722 49.266019257 56.7562335071 42.6292823722 49.266019257 56.7562335071
264920992 4 34864.452 37500.937 51619.263 41.0576946052 56.5150661702 60.7887924353 41.0576946052 56.5150661702 60.7887924353
291413088 2 19443.228 20621.259 29630.408 39.3397334252 56.5267305939 59.9515858169 39.3397334252 56.5267305939 59.9515858169
320554368 2 21458.044 23565.803 32255.888 39.7514237401 54.4100904179 59.7546296391 39.7514237401 54.4100904179 59.7546296391
352609792 2 23831.634 25074.861 42662.916 33.0600741871 56.249132069 59.1834856141 33.0600741871 56.249132069 59.1834856141
387870752 2 26523.266 27773.196 39379.126 39.3986145858 55.8626024891 58.4951720501 39.3986145858 55.8626024891 58.4951720501
426657824 2 29639.449 30827.891 44009.983 38.7782766469 55.3599756792 57.5797241035 38.7782766469 55.3599756792 57.5797241035
469323584 2 46288.152 49820.107 50584.238 37.1122391129 37.6814593353 40.5566922611 37.1122391129 37.6814593353 40.5566922611
516255936 2 37511.191 37886.243 54076.898 38.1868010255 54.5058992521 55.050871192 38.1868010255 54.5058992521 55.050871192
567881504 1 33569.098 43107.924 44623.581 25.4520812214 26.346966001 33.833587307 25.4520812214 26.346966001 33.833587307
624669632 1 36793.938 48162.415 48300.901 25.8657548438 25.9401291235 33.9550298748 25.8657548438 25.9401291235 33.9550298748
687136576 1 40312.589 51909.337 53337.308 25.7657014111 26.4744886262 34.0904215306 25.7657014111 26.4744886262 34.0904215306
755850208 1 57331.393 66340.169 178010.638 8.49219143858 22.7871052906 26.3677600856 8.49219143858 22.7871052906 26.3677600856
831435200 1 58049.948 60981.798 61484.145 27.0455155553 27.2683071759 28.6455105868 27.0455155553 27.2683071759 28.6455105868
914578720 1 61507.566 62907.744 76601.521 23.8788657995 29.0768246275 29.7387388082 23.8788657995 29.0768246275 29.7387388082
1006036576 1 47761.07 69253.061 69934.037 28.7710139199 29.0539237248 42.1278910209 28.7710139199 29.0539237248 42.1278910209

META_DATA
ERT_VERSION  1.1.0
MPI_PROCS      1
CONFIG  {'ERT_WORKING_SET_MIN': ['1'], 'ERT_CFLAGS': ['-O3', '-march=native', '-fstrict-aliasing', '-ftree-vectorize'], 'ERT_CC': ['gcc'], 'ERT_MPI_CFLAGS': ['-I/usr/local/include'], 'ERT_MPI_LDFLAGS': ['-L/usr/local/lib', '-lmpi'], 'ERT_MEMORY_MAX': ['1073741824'], 'ERT_PROCS_THREADS': ['1-8'], 'ERT_LDFLAGS': [], 'ERT_LDLIBS': [], 'ERT_RUN': ['export', 'OMP_NUM_THREADS=ERT_OPENMP_THREADS;', 'mpirun', '-np', 'ERT_MPI_PROCS', 'ERT_CODE'], 'ERT_FLOPS': ['1,2,4,8,16'], 'ERT_OPENMP_CFLAGS': ['-fopenmp'], 'ERT_MPI': ['True'], 'ERT_TRIALS_MIN': ['1'], 'ERT_DRIVER': ['driver1'], 'ERT_RESULTS': ['Results.p100.01'], 'ERT_OPENMP': ['True'], 'ERT_MPI_PROCS': ['1,2,4,8'], 'ERT_KERNEL': ['kernel1'], 'ERT_GPU': [False], 'ERT_OPENMP_THREADS': ['1,2,4,8'], 'ERT_LD': ['gcc'], 'ERT_NUM_EXPERIMENTS': ['3'], 'ERT_OPENMP_LDFLAGS': ['-fopenmp'], 'ERT_ALIGN': ['32'], 'ERT_GNUPLOT': ['gnuplot']}
HOSTNAME  ('kcadmin-UniServer-R5200-G3', [], ['127.0.1.1'])
OPENMP_THREADS 4
TIMESTAMP_DATA  1560424914.39
FLOPS          16
TIMESTAMP_DATA  1560424931.79
TIMESTAMP_DATA  1560424922.87
UNAME  ('Linux', 'kcadmin-UniServer-R5200-G3', '4.4.0-141-generic', '#167-Ubuntu SMP Wed Dec 5 10:40:15 UTC 2018', 'x86_64', 'x86_64')
