32 33554432 148452.513 148775.37 164363.466 13.0654560911 14.4344030064 14.4657951866 3.26636402277 3.60860075159 3.61644879666
64 16777216 73122.839 73146.595 86226.797 24.905061103 29.3586276709 29.3681656425 6.22626527575 7.33965691773 7.34204141062
96 8388608 36664.886 36858.379 39384.679 40.894397946 43.6973296086 43.9279351912 10.2235994865 10.9243324021 10.9819837978
128 8388608 36630.363 36772.52 39099.223 54.923946903 58.3991428382 58.6257812406 13.7309867257 14.5997857095 14.6564453101
160 4194304 18147.111 18445.217 19251.098 69.719518336 72.7655998842 73.9609340572 17.429879584 18.1913999711 18.4902335143
192 4194304 21114.606 21792.747 24578.076 65.5304644676 73.9059071351 76.2795543521 16.3826161169 18.4764767838 19.069888588
224 4194304 24054.32 24763.864 24939.311 75.3448317798 75.878634772 78.1168701506 18.836207945 18.969658693 19.5292175376
256 4194304 27717.246 28405.516 28579.711 75.1401456789 75.6009377897 77.4782475864 18.7850364197 18.9002344474 19.3695618966
288 2097152 14944.063 15273.126 15882.978 76.053719397 79.0905248867 80.832070368 19.0134298492 19.7726312217 20.208017592
320 2097152 16429.742 16822.345 17445.656 76.9347555632 79.7853854501 81.6919267509 19.2336888908 19.9463463625 20.4229816877
352 2097152 17534.821 17707.212 18135.273 81.4101341623 83.3781742716 84.1978944638 20.3525335406 20.8445435679 21.049473616
384 2097152 19032.275 19139.974 19624.705 82.0706724509 84.1491600772 84.6253396402 20.5176681127 21.0372900193 21.15633491
416 2097152 20580.392 20696.059 21031.774 82.9616400404 84.3073777476 84.7812064999 20.7404100101 21.0768444369 21.195301625
448 2097152 11132.729 11311.631 11450.324 164.10436875 166.116468262 168.785945656 41.0260921874 41.5291170654 42.1964864141
480 2097152 12685.24 13094.671 15285.936 131.707075053 153.7469647 158.709328322 32.9267687631 38.4367411751 39.6773320804
512 2097152 14342.85 15563.309 16456.268 130.49639493 137.983744202 149.725030102 32.6240987325 34.4959360506 37.4312575255
544 1048576 7796.142 8276.223 9027.03 126.381621419 137.846779624 146.335288403 31.5954053548 34.461694906 36.5838221007
576 1048576 8743.997 8947.404 9875.015 122.324832114 135.006707197 138.147297169 30.5812080285 33.7516767992 34.5368242921
608 1048576 10159.449 10181.592 11449.497 111.364579247 125.23271567 125.505666301 27.8411448119 31.3081789174 31.3764165753
640 1048576 9797.94 9805.89 11496.277 116.748864002 136.874600878 136.985660251 29.1872160004 34.2186502194 34.2464150628
704 1048576 6423.652 6492.992 7164.264 206.077694513 227.38284723 229.837327427 51.5194236282 56.8457118074 57.4593318567
768 1048576 7668.98 7754.7 8687.696 185.390089156 207.695041201 210.016551875 46.347522289 51.9237603002 52.5041379688
832 1048576 9622.701 10371.446 10726.018 162.672714515 168.234059552 181.324397796 40.6681786288 42.0585148879 45.3310994491
896 1048576 10915.549 11662.203 12410.108 151.412718729 161.122919229 172.144176349 37.8531796822 40.2807298072 43.0360440872
960 1048576 7884.023 8111.815 8774.563 229.443440089 248.189328775 255.360229162 57.3608600223 62.0473321938 63.8400572905
1056 524288 4849.523 5150.27 5255.499 210.692886822 214.997710023 228.33096286 52.6732217055 53.7494275057 57.0827407149
1152 524288 5682.049 6176.979 6201.569 194.782893168 195.558306415 212.592244805 48.695723292 48.8895766037 53.1480612012
1248 524288 4396.881 4486.145 4591.023 285.039488585 291.703199072 297.62525936 71.2598721461 72.925799768 74.40631484
1344 524288 5192.834 5554.077 5578.207 252.641421159 253.739036027 271.390563226 63.1603552898 63.4347590068 67.8476408065
1472 524288 4193.496 4845.241 5068.811 304.510046242 318.560804715 368.070905993 76.1275115604 79.6402011788 92.0177264984
1600 524288 5611.032 5936.583 6104.392 274.838444189 282.607284359 299.004104771 68.7096110473 70.6518210897 74.7510261927
1760 524288 5128.571 5301.145 5579.302 330.775025263 348.131160344 359.845610015 82.6937563158 87.0327900859 89.9614025037
1920 524288 6804.889 6825.902 7055.91 285.33044214 294.945037301 295.855806024 71.332610535 73.7362593251 73.963951506
2112 262144 3362.101 3418.562 3623.95 305.549540143 323.907027575 329.34651755 76.3873850357 80.9767568937 82.3366293874
2304 262144 3090.583 3206.818 3270.777 369.318835249 376.684785978 390.851678146 92.3297088123 94.1711964945 97.7129195365
2528 262144 3159.066 3198.133 3428.577 386.574390483 414.429313603 419.554407537 96.6435976208 103.607328401 104.888601884
2752 262144 3809.956 4231.829 4520.075 319.207220234 340.949640451 378.70268738 79.8018050585 85.2374101127 94.675671845
3008 262144 3803.784 3815.217 4360.544 361.665494947 413.360053701 414.602486366 90.4163737369 103.340013425 103.650621592
3296 262144 4076.708 4526.963 4664.346 370.481359659 381.724623771 423.88447934 92.6203399147 95.4311559427 105.971119835
3616 262144 4398.983 4980.321 5334.398 355.39631801 380.663296201 430.969023522 88.8490795025 95.1658240503 107.742255881
3968 262144 5073.583 5418.277 5631.693 369.404863511 383.955044011 410.040553983 92.3512158777 95.9887610028 102.510138496
4352 131072 2587.022 2819.322 3064.76 372.247969825 404.654270779 440.989944423 93.0619924562 101.163567695 110.247486106
4768 131072 2847.133 2914.433 2999.791 416.663224871 428.866469739 439.003935538 104.165806218 107.216617435 109.750983884
5216 131072 4086.084 4272.133 4691.12 291.474765941 320.060986865 334.634115207 72.8686914852 80.0152467163 83.6585288017
5728 131072 3615.631 4010.429 4031.442 372.46246678 374.414017054 415.29703446 93.115616695 93.6035042635 103.824258615
6272 131072 3662.911 4240.605 4281.53 384.013931468 387.719952224 448.868991903 96.0034828671 96.9299880559 112.217247976
6880 131072 3666.929 3738.263 4063.357 443.857313054 482.456884387 491.842280011 110.964328264 120.614221097 122.960570003
7552 131072 4037.893 4371.934 5222.012 379.108950343 452.822821205 490.283295768 94.7772375858 113.205705301 122.570823942
8288 65536 2694.767 2833.462 3112.865 348.979071049 383.391319877 403.123808478 87.2447677622 95.8478299691 100.780952119
9088 65536 2378.883 2809.023 2858.79 416.673605267 424.055743225 500.731787145 104.168401317 106.013935806 125.182946786
9984 65536 2867.119 3053.71 3324.328 393.650340159 428.53540382 456.424322813 98.4125850397 107.133850955 114.106080703
10976 65536 3129.908 3520.835 3527.979 407.781982829 408.609398623 459.644907135 101.945495707 102.152349656 114.911226784
12064 65536 2994.843 3072.746 3363.966 470.056061209 514.605700569 527.991820606 117.514015302 128.651425142 131.997955152
13248 65536 3204.564 3212.374 3498.343 496.361236162 540.547849036 541.865244695 124.090309041 135.136962259 135.466311174
14560 65536 3277.267 3817.332 3892.478 490.281080587 499.932497357 582.317009874 122.570270147 124.983124339 145.579252469
16000 65536 3917.551 4083.692 4389.381 477.778529592 513.543136946 535.322194912 119.444632398 128.385784236 133.830548728
17600 32768 2046.818 2057.891 2347.55 491.335051437 560.493048466 563.52523771 122.833762859 140.123262116 140.881309428
19360 32768 2632.769 2729.278 2962.818 428.233175308 464.876410538 481.917312153 107.058293827 116.219102634 120.479328038
21280 32768 2750.637 2753.402 3039.233 458.867773547 506.502893511 507.012041211 114.716943387 126.625723378 126.753010303
23392 32768 2762.047 2880.131 3100.281 494.477149652 532.273744493 555.029697902 123.619287413 133.068436123 138.757424475
25728 32768 3126.89 3333.81 3607.141 467.436733967 505.760738614 539.229140776 116.859183492 126.440184654 134.807285194
28288 32768 3289.647 3589.746 3888.707 476.734906487 516.438312906 563.550547521 119.183726622 129.109578226 140.88763688
31104 32768 3639.369 4172.223 4173.047 488.475625604 488.572097896 560.105816146 122.118906401 122.143024474 140.026454036
34208 16384 2247.473 2431.599 2451.209 457.295866652 460.983798727 498.750260404 114.323966663 115.245949682 124.687565101
37600 16384 2229.356 2513.217 2545.779 483.968482732 490.238924852 552.660409553 120.992120683 122.559731213 138.165102388
41344 16384 2274.818 2490.409 2792.658 485.114966458 543.991044041 595.546629225 121.278741615 135.99776101 148.886657306
45472 16384 2701.88 2719.697 3002.635 496.239634854 547.864889361 551.477673324 124.059908714 136.96622234 137.869418331
50016 16384 2749.129 2937.365 2952.431 555.110106892 557.957314804 596.161288903 138.777526723 139.489328701 149.040322226
55008 16384 3148.595 3171.998 3244.11 555.623004152 568.254502052 572.478246329 138.905751038 142.063625513 143.119561582
60480 16384 3309.182 3331.867 3748.78 528.654292863 594.804246388 598.881729684 132.163573216 148.701061597 149.720432421
66528 8192 1958.119 2024.406 2024.436 538.418972988 538.426951906 556.653988854 134.604743247 134.606737976 139.163497213
73152 8192 2066.961 2068.307 2113.436 567.096599093 579.470246922 579.847596544 141.774149773 144.86756173 144.961899136
80448 8192 2112.079 2131.708 2280.408 577.993074923 618.311716239 624.058111463 144.498268731 154.57792906 156.014527866
88480 8192 2413.983 2430.303 2510.664 577.399572384 596.492009433 600.524659867 144.349893096 149.123002358 150.131164967
97312 8192 2698.424 2723.999 2724.032 585.294081714 585.301172284 590.848513058 146.323520429 146.325293071 147.712128264
107040 8192 2854.677 2986.772 3002.517 584.091067594 587.17014891 614.340382467 146.022766899 146.792537227 153.585095617
117728 8192 3112.422 3193.377 3257.428 592.140655757 604.017487444 619.728157686 148.035163939 151.004371861 154.932039421
129472 8192 3406.197 3411.362 3574.679 593.415310298 621.82472807 622.767634403 148.353827574 155.456182018 155.691908601
142400 4096 2390.267 2603.004 2913.839 400.344974448 448.151750823 488.037863552 100.086243612 112.037937706 122.009465888
156640 4096 3376.531 3433.11 3646.796 351.869114697 373.770394773 380.033495916 87.9672786742 93.4425986933 95.0083739791
172288 4096 3761.205 3791.555 4308.388 327.589645129 372.243919975 375.247638988 81.8974112824 93.0609799937 93.811909747
189504 4096 4102.181 4718.078 5101.662 304.296279918 329.035842137 378.436926113 76.0740699795 82.2589605344 94.6092315283
208448 4096 4421.107 4909.821 5444.983 313.610899428 347.793945238 386.239468079 78.402724857 86.9484863094 96.5598670197
229280 4096 5390.033 5691.843 6231.17 301.430029994 329.991842712 348.469436087 75.3575074986 82.4979606781 87.1173590217
252192 4096 5516.505 5937.673 6716.311 307.602918328 347.940491839 374.50466627 76.9007295821 86.9851229598 93.6261665674
277408 2048 2994.398 3260.675 3843.607 295.6241801 348.474830518 379.462973192 73.9060450249 87.1187076296 94.865743298
305120 2048 3435.909 3555.685 4162.358 300.255653166 351.485443733 363.738248015 75.0639132915 87.8713609333 90.9345620038
335616 2048 4211.433 4284.245 4491.993 306.029670126 320.869403127 326.416954989 76.5074175316 80.2173507818 81.6042387472
369152 2048 3996.707 4294.908 4576.069 330.424779871 352.055641704 378.323102494 82.6061949678 88.013910426 94.5807756235
406048 2048 4356.311 5009.849 5037.466 330.160562473 331.980586241 381.78463567 82.5401406183 82.9951465603 95.4461589175
446624 2048 4785.442 5148.694 6096.261 300.080968318 355.307948773 382.2785657 75.0202420795 88.8269871933 95.569641425
491264 2048 5270.714 5667.277 5973.167 336.876123504 355.058936417 381.773198849 84.2190308759 88.7647341042 95.4432997123
540384 1024 3121.744 3655.186 3676.081 301.056051812 302.777049376 354.515434962 75.2640129529 75.694262344 88.6288587405
594400 1024 3336.088 3450.146 3547.681 343.13434607 352.834691633 364.897808451 85.7835865175 88.2086729083 91.2244521128
653824 1024 3574.784 3600.254 3803.0 352.098751512 371.926967375 374.57691206 88.024687878 92.9817418438 93.6442280149
719200 1024 3880.111 3892.301 4180.209 352.355970718 378.419243527 379.608109149 88.0889926796 94.6048108818 94.9020272874
791104 1024 4230.106 4279.756 4588.275 353.113314263 378.568542693 383.011913177 88.2783285657 94.6421356732 95.7529782942
870208 1024 4597.143 4986.686 5051.737 352.786770966 357.388851835 387.672513994 88.1966927415 89.3472129587 96.9181284985
957216 1024 5157.511 5237.337 6767.604 289.670963017 374.308234891 380.101635847 72.4177407543 93.5770587228 95.0254089618
1052928 512 2872.468 2952.074 3050.699 353.426631733 365.234161474 375.356060363 88.3566579331 91.3085403686 93.8390150909
1158208 512 3052.814 3659.789 3666.894 323.435853886 324.063762146 388.495660725 80.8589634715 81.0159405365 97.1239151812
1274016 512 3497.936 3679.7 3750.337 347.860041378 354.53770253 372.960621349 86.9650103444 88.6344256325 93.2401553373
1401408 512 3804.524 4093.417 4268.408 336.200708086 350.573076723 377.193518033 84.0501770215 87.6432691807 94.2983795082
1541536 512 3895.531 4109.325 4121.753 382.97609391 384.134344205 405.21635279 95.7440234774 96.0335860512 101.304088197
1695680 512 4323.721 4490.695 4706.818 368.906620141 386.66093333 401.593053761 92.2266550353 96.6652333325 100.39826344
1865248 512 5112.442 5131.368 5367.596 355.841600597 372.223148291 373.601099435 88.9604001493 93.0557870728 93.4002748589
2051744 512 5113.232 5584.826 6663.073 315.317850487 376.195400895 410.891947793 78.8294626218 94.0488502238 102.722986948
2256896 256 2956.834 2993.617 3532.515 327.112765834 385.998192822 390.800008387 81.7781914585 96.4995482054 97.7000020968
2482560 256 3278.57 3464.992 5070.901 250.659738772 366.832223566 387.690584615 62.6649346931 91.7080558916 96.9226461537
2730816 256 3469.633 3683.433 4807.92 290.807208107 379.585509496 402.975701465 72.7018020267 94.896377374 100.743925366
3003872 256 4061.705 4150.802 5419.21 283.801968184 370.526578719 378.654398584 70.9504920459 92.6316446798 94.663599646
3304256 256 4488.78 4793.143 6279.937 269.394274497 352.958188813 376.890618832 67.3485686242 88.2395472032 94.222654708
3634656 256 5007.969 5803.916 7092.511 262.381527783 320.635907205 371.59652386 65.5953819458 80.1589768012 92.8991309651
3998112 256 6727.203 7237.311 7250.326 282.336731341 282.844463089 304.291894269 70.5841828354 70.7111157721 76.0729735672
4397920 128 4033.373 4177.357 4214.96 267.112266783 269.516711164 279.137962197 66.7780666958 67.3791777911 69.7844905492
4837696 128 4798.005 5147.354 6704.812 184.710649009 240.599379021 258.117733516 46.1776622521 60.1498447552 64.5294333791
5321440 128 6131.572 6423.374 6875.465 198.137673597 212.083032998 222.176081436 49.5344183993 53.0207582495 55.5440203589
5853568 128 7478.118 7482.265 9025.313 166.034508498 200.27537223 200.386435197 41.5086271246 50.0688430576 50.0966087992
6438912 128 8916.043 9032.234 9953.432 165.607347496 182.497649197 184.875899769 41.401836874 45.6244122993 46.2189749421
7082784 128 9967.475 10443.615 11023.857 164.478975371 173.617344569 181.910935718 41.1197438428 43.4043361422 45.4777339296
7791040 128 10978.517 11028.249 12577.854 158.572856705 180.85429881 181.673557549 39.6432141763 45.2135747026 45.4183893872
8570144 64 5988.909 6250.153 7312.692 150.010205818 175.51225258 183.168325316 37.5025514544 43.878063145 45.792081329
9427136 64 6638.416 6722.953 7710.445 156.498542951 179.485623059 181.771285198 39.1246357376 44.8714057647 45.4428212995
10369824 64 7372.914 7422.164 8486.76 156.400967154 178.834295766 180.028883017 39.1002417884 44.7085739415 45.0072207542
11406784 64 8144.081 8369.838 8981.395 162.565876682 174.444039658 179.279694296 40.6414691704 43.6110099144 44.8199235739
12547456 64 8882.917 8915.635 9907.179 162.11217825 180.14133239 180.80483787 40.5280445624 45.0353330974 45.2012094676
13802176 64 9677.95 9815.569 10440.827 169.208677435 179.987378011 182.546771579 42.3021693588 44.9968445029 45.6366928947
15182368 64 10717.943 10766.873 11121.309 174.740500781 180.49280455 181.316797822 43.6851251952 45.1232011374 45.3291994555
16700576 64 11863.187 11960.56 11992.666 178.248416824 178.726893055 180.193882807 44.562104206 44.6817232638 45.0484707018
18370624 32 6653.615 6778.288 6787.088 173.228921741 173.453818427 176.703932524 43.3072304352 43.3634546068 44.175983131
20207680 32 7362.068 7407.737 7686.702 168.250508476 174.58658697 175.669597184 42.0626271189 43.6466467425 43.917399296
22228448 32 8155.626 8301.56 8441.239 168.53221097 171.367872063 174.434270527 42.1330527426 42.8419680157 43.6085676317
24451264 32 8959.82 9199.905 9760.187 160.333085421 170.097506007 174.655394416 40.0832713554 42.5243765017 43.6638486041
26896384 32 10085.226 10445.624 11184.202 153.910719424 164.793273815 170.68220147 38.4776798559 41.1983184537 42.6705503674
29586016 32 11597.34 11918.027 12786.327 148.088268351 158.877390024 163.270631369 37.0220670878 39.7193475061 40.8176578422
32544608 32 13258.852 13320.033 14129.305 147.413826229 156.370101485 157.091648055 36.8534565571 39.0925253714 39.2729120138
35799040 16 7388.817 7705.534 8195.871 139.77395203 148.668383009 155.040959872 34.9434880076 37.1670957522 38.760239968
39378944 16 8494.006 8823.208 9265.28 136.005194446 142.819506012 148.354758403 34.0012986116 35.704876503 37.0886896006
43316832 16 10011.907 10382.406 10581.268 130.999292712 133.508420303 138.449011162 32.7498231781 33.3771050756 34.6122527906
47648512 16 12154.797 12229.512 12415.608 122.809320655 124.678105226 125.444496029 30.7023301638 31.1695263065 31.3611240073
52413344 16 14043.762 14644.695 14722.294 113.924297939 114.527957598 119.428612362 28.4810744847 28.6319893996 29.8571530905
57654656 16 16968.159 17173.259 17553.479 105.104463451 107.431501033 108.730062702 26.2761158628 26.8578752583 27.1825156754
63420096 16 20039.012 20365.594 20815.879 97.4949495047 99.6505710563 101.274607351 24.3737373762 24.9126427641 25.3186518377
69762080 8 11846.425 11934.038 12140.311 91.941077951 93.5302267347 94.2219513482 22.9852694877 23.3825566837 23.555487837
76738272 8 13741.889 14277.6 14535.627 84.469170267 85.9957102034 89.3481494429 21.1172925667 21.4989275508 22.3370373607
84412096 8 15885.989 16330.685 16416.643 82.2697756173 82.7028098331 85.0179070375 20.5674439043 20.6757024583 21.2544767594
92853280 8 18530.325 18590.507 18724.001 79.344819518 79.9145757563 80.1741189105 19.8362048795 19.9786439391 20.0435297276
102138592 8 21210.779 21318.488 21483.445 76.0686878664 76.6572878902 77.0465559987 19.0171719666 19.1643219726 19.2616389997
112352448 8 23467.904 24190.358 24781.771 72.5387692429 74.3122184467 76.5999029142 18.1346923107 18.5780546117 19.1499757286
123587680 8 26606.228 27682.345 28888.373 68.4497835859 71.4319137342 74.3210529505 17.1124458965 17.8579784335 18.5802632376
135946432 4 14918.189 15498.859 16231.331 67.0044530544 70.171065883 72.902378164 16.7511132636 17.5427664707 18.225594541
149541056 4 17372.073 17955.317 19566.214 61.1425617649 66.6280883818 68.86503689 15.2856404412 16.6570220955 17.2162592225
164495136 4 19058.364 19390.981 20654.961 63.7116229849 67.8645958139 69.0490058853 15.9279057462 16.9661489535 17.2622514713
180944640 4 21243.55 21636.896 22987.626 62.9711445627 66.9022543714 68.1410178619 15.7427861407 16.7255635929 17.0352544655
199039104 4 23711.883 24040.777 24606.725 64.7104737424 66.2338339564 67.1525256767 16.1776184356 16.5584584891 16.7881314192
218943008 4 26372.818 26526.661 26930.031 65.0405513458 66.0295716826 66.414748094 16.2601378365 16.5073929207 16.6036870235
240837280 4 29461.773 29602.434 29751.405 64.7599076413 65.0858047686 65.3965475873 16.1899769103 16.2714511922 16.3491368968
264920992 4 32669.384 32697.432 41429.295 51.1562636053 64.8175653672 64.8732138935 12.7890659013 16.2043913418 16.2183034734
291413088 2 18099.484 18244.285 18627.854 62.575772389 63.8913693795 64.4025184364 15.6439430973 15.9728423449 16.1006296091
320554368 2 20078.566 20227.573 20483.175 62.5985703876 63.3895856908 63.8600123136 15.6496425969 15.8473964227 15.9650030784
352609792 2 22459.155 22517.264 22675.503 62.2010090802 62.6381237081 62.80018852 15.55025227 15.659530927 15.70004713
387870752 2 24858.332 25120.774 29166.914 53.1932520527 61.7609556139 62.4129973001 13.2983130132 15.4402389035 15.603249325
426657824 2 27479.467 27723.108 27842.805 61.295235735 61.5598834012 62.1056913513 15.3238089338 15.3899708503 15.5264228378
469323584 2 30505.738 30854.337 45896.714 40.9025869695 60.8437749286 61.5390565539 10.2256467424 15.2109437322 15.3847641385
516255936 2 33958.614 34147.924 54391.726 37.9657697202 60.4728927006 60.8100125641 9.49144243005 15.1182231751 15.202503141
567881504 1 20850.156 20938.864 29410.247 38.6179350347 54.241863742 54.4726383822 9.65448375867 13.5604659355 13.6181595955
624669632 1 22893.133 23651.994 32356.009 38.6122795305 52.8217309712 54.5726643881 9.65306988263 13.2054327428 13.643166097
687136576 1 25572.821 25635.321 35745.48 38.4460679224 53.6085798184 53.7395992409 9.61151698061 13.4021449546 13.4348998102
755850208 1 28043.345 28255.185 39362.134 38.4049405451 53.501699458 53.9058523867 9.60123513629 13.3754248645 13.4764630967
831435200 1 30966.622 31249.178 43120.279 38.5635352684 53.2132525214 53.6987986613 9.6408838171 13.3033131303 13.4246996653
914578720 1 34270.487 34448.148 48212.036 37.9398505386 53.0988615121 53.3741303414 9.48496263464 13.274715378 13.3435325853
1006036576 1 38007.168 38805.739 52503.38 38.322735641 51.8498862243 52.9393074485 9.58068391025 12.9624715561 13.2348268621

META_DATA
ERT_VERSION  1.1.0
HOSTNAME  ('kcadmin-UniServer-R5200-G3', [], ['127.0.1.1'])
OPENMP_THREADS 1
CONFIG  {'ERT_WORKING_SET_MIN': ['1'], 'ERT_CFLAGS': ['-O3', '-march=native', '-fstrict-aliasing', '-ftree-vectorize'], 'ERT_CC': ['gcc'], 'ERT_MPI_CFLAGS': ['-I/usr/local/include'], 'ERT_MPI_LDFLAGS': ['-L/usr/local/lib', '-lmpi'], 'ERT_MEMORY_MAX': ['1073741824'], 'ERT_PROCS_THREADS': ['1-8'], 'ERT_LDFLAGS': [], 'ERT_LDLIBS': [], 'ERT_RUN': ['export', 'OMP_NUM_THREADS=ERT_OPENMP_THREADS;', 'mpirun', '-np', 'ERT_MPI_PROCS', 'ERT_CODE'], 'ERT_FLOPS': ['1,2,4,8,16'], 'ERT_OPENMP_CFLAGS': ['-fopenmp'], 'ERT_MPI': ['True'], 'ERT_TRIALS_MIN': ['1'], 'ERT_DRIVER': ['driver1'], 'ERT_RESULTS': ['Results.p100.01'], 'ERT_OPENMP': ['True'], 'ERT_MPI_PROCS': ['1,2,4,8'], 'ERT_KERNEL': ['kernel1'], 'ERT_GPU': [False], 'ERT_OPENMP_THREADS': ['1,2,4,8'], 'ERT_LD': ['gcc'], 'ERT_NUM_EXPERIMENTS': ['3'], 'ERT_OPENMP_LDFLAGS': ['-fopenmp'], 'ERT_ALIGN': ['32'], 'ERT_GNUPLOT': ['gnuplot']}
FLOPS          4
TIMESTAMP_DATA  1560424535.14
TIMESTAMP_DATA  1560424530.49
MPI_PROCS      4
TIMESTAMP_DATA  1560424525.87
UNAME  ('Linux', 'kcadmin-UniServer-R5200-G3', '4.4.0-141-generic', '#167-Ubuntu SMP Wed Dec 5 10:40:15 UTC 2018', 'x86_64', 'x86_64')
