32 33554432 146988.579 148541.953 160416.01 13.3869658521 14.4570850499 14.6098673966 3.34674146302 3.61427126248 3.65246684914
64 16777216 71627.484 76781.836 80386.582 26.7144540117 27.9686415417 29.9812799232 6.67861350294 6.99216038543 7.49531998081
96 8388608 35996.758 36431.971 41898.816 38.4405310164 44.2087730033 44.7432720469 9.61013275411 11.0521932508 11.1858180117
128 8388608 35688.76 36554.32 38134.48 56.3134372882 58.7477389266 60.172548668 14.0783593221 14.6869347317 15.043137167
160 4194304 18017.528 18227.963 18439.415 72.7884957305 73.6328727461 74.492864948 18.1971239326 18.4082181865 18.623216237
192 4194304 20625.74 20958.755 21926.637 73.4546175959 76.8467752975 78.0875127874 18.363654399 19.2116938244 19.5218781969
224 4194304 23789.287 24119.026 25446.813 73.8421818088 77.9072999051 78.9871588837 18.4605454522 19.4768249763 19.7467897209
256 4194304 26250.211 26900.459 27015.626 79.4904270588 79.8307437059 81.8082432937 19.8726067647 19.9576859265 20.4520608234
288 2097152 14450.027 14770.243 14875.395 81.2052084667 81.7833228607 83.5956605479 20.3013021167 20.4458307152 20.898915137
320 2097152 16113.475 16468.879 16987.317 79.0105512248 81.4977922905 83.2953338743 19.7526378062 20.3744480726 20.8238334686
352 2097152 17702.64 18334.648 18410.255 80.1941639592 80.5248624353 83.3997080661 20.0485409898 20.1312156088 20.8499270165
384 2097152 19881.522 21103.298 21857.243 73.6878267767 76.3204280203 81.0105351089 18.4219566942 19.0801070051 20.2526337772
416 2097152 20494.022 20693.221 21374.148 81.6327492446 84.3189401979 85.1385083904 20.4081873111 21.0797350495 21.2846270976
448 2097152 11231.039 11461.826 11929.793 157.508868092 163.939689191 167.308491405 39.377217023 40.9849222977 41.8271228512
480 2097152 12955.469 13488.422 14261.733 141.16558766 149.258817673 155.398922262 35.2913969151 37.3147044184 38.8497305655
512 2097152 14053.792 14694.607 15602.763 137.634830959 146.140937828 152.804570325 34.4087077398 36.5352344571 38.2011425813
544 1048576 7621.912 7758.158 9085.305 125.570983913 147.051747077 149.680380461 31.3927459783 36.7629367693 37.4200951152
576 1048576 8474.333 8549.513 9965.125 121.218705435 141.289866686 142.543318985 30.3046763588 35.3224666715 35.6358297461
608 1048576 9703.627 9941.733 11321.453 112.624096571 128.254139998 131.401218946 28.1560241428 32.0635349994 32.8503047366
640 1048576 9790.544 11415.426 12191.327 110.092796297 117.575750568 137.08914234 27.5231990742 29.3939376419 34.2722855849
704 1048576 6355.647 6569.62 7641.655 193.203567552 224.73065535 232.296571537 48.3008918879 56.1826638375 58.0741428843
768 1048576 7936.889 8168.172 8752.059 184.026722855 197.181540252 202.927461377 46.0066807136 49.2953850629 50.7318653442
832 1048576 9596.822 9722.095 11395.741 153.112506155 179.470624798 181.813361131 38.2781265387 44.8676561996 45.4533402829
896 1048576 10334.748 10652.84 11821.65 158.949739842 176.389412776 181.818481883 39.7374349604 44.0973531941 45.4546204707
960 1048576 7254.525 7401.678 8662.235 232.418760285 272.001284033 277.518641124 58.1046900713 68.0003210083 69.379660281
1056 524288 4757.152 5158.278 5288.447 209.380231285 214.663935523 232.764531383 52.3450578213 53.6659838807 58.1911328459
1152 524288 5552.094 5697.212 6737.098 179.299685414 212.026435386 217.568281805 44.8249213534 53.0066088466 54.3920704513
1248 524288 4189.463 4245.788 4677.264 279.7838326 308.216719252 312.360521623 69.9459581499 77.054179813 78.0901304057
1344 524288 5437.614 5497.895 5636.914 250.010226163 256.331949592 259.173627256 62.5025565407 64.0829873979 64.7934068141
1472 524288 4216.547 4269.087 4473.848 345.005881291 361.553623058 366.058737635 86.2514703226 90.3884057645 91.5146844088
1600 524288 5602.979 5639.72 5885.063 285.081332179 297.483137461 299.43385474 71.2703330449 74.3707843652 74.8584636851
1760 524288 5145.161 5178.155 5338.982 345.663978639 356.399868293 358.685327826 86.4159946597 89.0999670732 89.6713319564
1920 524288 6642.359 6661.549 6881.051 292.58116529 302.221888633 303.0950179 73.1452913225 75.5554721582 75.7737544749
2112 262144 3343.931 3352.553 3438.278 322.049658579 330.284489462 331.136095811 80.5124146448 82.5711223656 82.7840239526
2304 262144 3060.353 3148.087 3534.129 341.798375781 383.712251917 394.712489703 85.4495939452 95.9280629792 98.6781224257
2528 262144 3319.768 3397.826 3459.367 383.133695847 390.072965479 399.24478578 95.7834239617 97.5182413696 99.8111964451
2752 262144 3504.96 4247.66 5742.545 251.254552816 339.678923454 411.656788095 62.813638204 84.9197308636 102.914197024
3008 262144 3605.649 3802.469 4374.791 360.487690498 414.745867488 437.385420489 90.1219226244 103.686466872 109.346355122
3296 262144 3976.707 4269.257 4685.663 368.795888223 404.766742316 434.543769003 92.1989720558 101.191685579 108.635942251
3616 262144 4732.179 4734.812 5342.718 354.842873609 400.401411503 400.624196168 88.7107184021 100.100352876 100.156049042
3968 262144 5286.475 5334.755 5460.265 381.00253083 389.966321602 393.527782502 95.2506327074 97.4915804006 98.3819456254
4352 131072 2514.313 2653.567 3153.079 361.821155766 429.930990248 453.74250859 90.4552889414 107.482747562 113.435627147
4768 131072 2757.0 2833.981 2953.481 423.19642212 441.041274447 453.356036271 105.79910553 110.260318612 113.339009068
5216 131072 4115.896 4230.236 4726.241 289.308798261 323.230927069 332.210314352 72.3271995652 80.8077317672 83.052578588
5728 131072 3325.277 3651.238 3846.595 390.361041908 411.247043332 451.559624055 97.5902604771 102.811760833 112.889906014
6272 131072 3698.321 4204.417 4225.697 389.08780445 391.057111604 444.571244086 97.2719511124 97.7642779011 111.142811022
6880 131072 3370.716 3627.49 4089.5 441.019860619 497.189715203 535.064573818 110.254965155 124.297428801 133.766143454
7552 131072 4237.238 4604.152 4882.155 405.499515685 429.983955352 467.217439285 101.374878921 107.495988838 116.804359821
8288 65536 2566.045 3109.256 3131.775 346.871897247 349.384140772 423.345941322 86.7179743117 87.346035193 105.836485331
9088 65536 2374.999 2578.951 2880.569 413.523278213 461.886377833 501.550668442 103.380819553 115.471594458 125.387667111
9984 65536 2781.32 3049.043 3251.508 402.466439572 429.191339053 470.504238275 100.616609893 107.297834763 117.626059569
10976 65536 2975.571 3111.922 3497.591 411.324901053 462.301520411 483.485782057 102.831225263 115.575380103 120.871445514
12064 65536 2858.991 2991.609 3655.488 432.569497698 528.562592237 553.08065258 108.142374424 132.140648059 138.270163145
13248 65536 2963.389 3143.193 3486.609 498.031713909 552.445190607 585.964871976 124.507928477 138.111297652 146.491217994
14560 65536 3271.177 3349.896 3787.178 503.913024421 569.691811328 583.401118313 125.978256105 142.422952832 145.850279578
16000 65536 3761.199 3823.815 4362.834 480.68571942 548.444943074 557.575390188 120.171429855 137.111235768 139.393847547
17600 32768 1927.352 2333.417 2338.261 493.286934179 494.310961136 598.455082414 123.321733545 123.577740284 149.613770603
19360 32768 2491.484 2620.349 2943.972 430.974533725 484.201516668 509.245477796 107.743633431 121.050379167 127.311369449
21280 32768 2518.405 2583.156 2753.135 506.55201434 539.884575302 553.765609582 126.638003585 134.971143826 138.441402396
23392 32768 2548.602 2736.187 3089.751 496.162348358 560.275343754 601.513344178 124.040587089 140.068835938 150.378336045
25728 32768 2972.467 3054.917 3315.67 508.527750952 551.933230265 567.242700424 127.131937738 137.983307566 141.810675106
28288 32768 3341.276 3405.433 4160.925 445.545730336 544.389617414 554.842631378 111.386432584 136.097404354 138.710657844
31104 32768 3452.003 3688.823 4183.379 487.269201284 552.596788732 590.506944519 121.817300321 138.149197183 147.62673613
34208 16384 1987.031 2122.887 2399.896 467.073466517 528.020447626 564.121920594 116.768366629 132.005111907 141.030480149
37600 16384 2300.73 2506.902 2779.387 443.29084075 491.47385897 535.515597223 110.822710188 122.868464743 133.878899306
41344 16384 2344.714 2769.827 3514.821 385.442158221 489.113649336 577.79336499 96.3605395552 122.278412334 144.448341248
45472 16384 2700.139 2718.934 4201.272 354.660801776 548.018633773 551.833255992 88.6652004441 137.004658443 137.958313998
50016 16384 2791.883 2939.415 3139.439 522.043679778 557.568185506 587.031866307 130.510919945 139.392046377 146.757966577
55008 16384 3054.098 3127.218 3441.497 523.755256506 576.391586388 590.191324574 130.938814127 144.097896597 147.547831144
60480 16384 3217.073 3336.402 3772.275 525.361655765 593.995759504 616.028495468 131.340413941 148.498939876 154.007123867
66528 8192 1757.116 1982.649 2166.838 503.034722485 549.766878555 620.331698078 125.758680621 137.441719639 155.082924519
73152 8192 1934.246 2113.913 2343.875 511.342272092 566.968634944 619.632853319 127.835568023 141.742158736 154.90821333
80448 8192 2131.677 2143.492 2560.806 514.705148301 614.912503522 618.320708062 128.676287075 153.728125881 154.580177016
88480 8192 2454.427 2526.403 2718.619 533.23261553 573.802485193 590.629226292 133.308153883 143.450621298 147.657306573
97312 8192 2562.842 2769.003 3005.057 530.558923841 575.788400374 622.106164953 132.63973096 143.947100093 155.526541238
107040 8192 2921.521 2922.763 3264.379 537.236442215 600.02927367 600.28435873 134.309110554 150.007318418 150.071089682
117728 8192 2921.205 3028.787 3539.234 544.992377447 636.840937313 660.294485324 136.248094362 159.210234328 165.073621331
129472 8192 3405.437 3499.363 3852.626 550.603470983 606.18725408 622.906619033 137.650867746 151.54681352 155.726654758
142400 4096 2320.052 2476.816 2862.776 407.485880837 470.984037571 502.808040509 101.871470209 117.746009393 125.702010127
156640 4096 3292.407 3704.476 3900.162 329.010661608 346.390388276 389.743698152 82.2526654021 86.5975970691 97.4359245379
172288 4096 3584.561 3837.134 4257.821 331.480185757 367.822259009 393.739511198 82.8700464392 91.9555647522 98.4348777995
189504 4096 3831.058 4044.105 4652.275 333.689811544 383.871528558 405.218811096 83.422452886 95.9678821396 101.304702774
208448 4096 4541.984 4707.769 5087.459 335.650079146 362.720859074 375.960376787 83.9125197864 90.6802147684 93.9900941967
229280 4096 5116.408 5566.611 6011.156 312.462654438 337.415666372 367.105547486 78.1156636095 84.3539165931 91.7763868714
252192 4096 5190.836 6109.696 6645.302 310.889838265 338.143970502 398.000796789 77.7224595662 84.5359926255 99.5001991972
277408 2048 2869.917 3473.963 3829.118 296.742792466 327.079812882 395.921961506 74.1856981164 81.7699532206 98.9804903766
305120 2048 3118.451 3780.307 4091.737 305.437891047 330.600535882 400.766765295 76.3594727618 82.6501339706 100.191691324
335616 2048 3673.751 4324.539 4459.236 308.277726498 317.87969446 374.190612265 77.0694316246 79.469923615 93.5476530663
369152 2048 3737.75 4522.946 4834.705 312.748470072 334.30569191 404.533901946 78.187117518 83.5764229774 101.133475487
406048 2048 4183.019 4957.896 5025.297 330.960062261 335.45935776 397.601016873 82.7400155652 83.86483944 99.4002542183
446624 2048 4509.333 5443.386 6716.039 272.388517101 336.07241963 405.685697641 68.0971292752 84.0181049075 101.42142441
491264 2048 5343.005 5964.388 6237.569 322.596406388 337.371972447 376.607797298 80.6491015971 84.3429931118 94.1519493244
540384 1024 2794.161 3386.203 3418.652 323.725969183 326.828141136 396.078261775 80.9314922958 81.7070352841 99.0195654438
594400 1024 3052.215 3697.547 3699.87 329.019992594 329.226700837 398.835337615 82.2549981486 82.3066752093 99.7088344039
653824 1024 3701.743 4041.06 4105.582 326.149021503 331.35651339 361.730015293 81.5372553757 82.8391283475 90.4325038232
719200 1024 3890.011 4419.063 4447.601 331.172153257 333.310839877 378.642014123 82.7930383144 83.3277099693 94.6605035307
791104 1024 3993.792 4825.044 4853.007 333.850948907 335.785744545 405.674855376 83.4627372266 83.9464361361 101.418713844
870208 1024 4372.973 5407.636 6123.54 291.038514323 329.568407341 407.54561805 72.7596285809 82.3921018353 101.886404512
957216 1024 4783.413 5787.187 5819.059 336.889240683 338.744603898 409.828373172 84.2223101708 84.6861509746 102.457093293
1052928 512 2783.229 3307.041 3344.722 322.358112872 326.031117243 387.391146039 80.5895282179 81.5077793109 96.8477865098
1158208 512 3051.383 3612.465 3655.833 324.414433591 328.309060987 388.677852633 81.1036083979 82.0772652469 97.1694631582
1274016 512 3265.741 3947.778 3997.853 326.323250004 330.462448496 399.478214592 81.5808125011 82.6156121241 99.869553648
1401408 512 3566.264 4369.135 4444.068 322.911753826 328.449862959 402.39359509 80.7279384564 82.1124657398 100.598398772
1541536 512 4134.878 4746.348 5046.32 312.808712884 332.578408494 381.760444685 78.202178221 83.1446021236 95.4401111714
1695680 512 4419.715 5163.799 5471.258 317.363268192 336.259470983 392.870653424 79.3408170479 84.0648677456 98.2176633561
1865248 512 4668.034 5648.194 6260.409 305.094116375 338.163659393 409.168817536 76.2735290937 84.5409148482 102.292204384
2051744 512 6212.338 6292.41 6694.187 313.852280494 333.89207887 338.195677054 78.4630701234 83.4730197174 84.5489192636
2256896 256 3534.266 3550.44 3883.81 297.525046797 325.461281419 326.950702635 74.3812616992 81.3653203547 81.7376756588
2482560 256 3854.118 3855.677 3894.046 326.413894443 329.662137155 329.795486282 81.6034736107 82.4155342888 82.4488715706
2730816 256 4209.838 4215.193 4263.202 327.964237209 331.699590505 332.121519165 81.9910593024 82.9248976263 83.0303797913
3003872 256 4647.765 4917.133 4984.02 308.582723183 312.780326259 330.907966302 77.1456807958 78.1950815648 82.7269915755
3304256 256 5101.746 5141.783 5532.411 305.79417762 329.025762464 331.607859741 76.448544405 82.256440616 82.9019649351
3634656 256 5727.397 5901.893 6045.929 307.801145531 315.313048203 324.919657569 76.9502863828 78.8282620508 81.2299143922
3998112 256 6637.836 6853.52 7580.892 270.025393318 298.683500449 308.388659196 67.5063483295 74.6708751124 77.0971647989
4397920 128 4232.023 4280.172 5231.957 215.190514754 263.042588008 266.035302738 53.7976286885 65.760647002 66.5088256845
4837696 128 5194.522 5347.288 5962.27 207.714540938 231.603417658 238.414656055 51.9286352346 57.9008544144 59.6036640137
5321440 128 6525.659 6530.933 6616.682 205.886974771 208.590202962 208.758784362 51.4717436927 52.1475507405 52.1896960905
5853568 128 7826.018 7892.535 8119.988 184.546258935 189.864651598 191.478400382 46.1365647338 47.4661628995 47.8696000955
6438912 128 9121.061 9256.773 9577.37 172.110033548 178.070853849 180.720364879 43.027508387 44.5177134623 45.1800912197
7082784 128 10511.18 10993.861 11111.239 163.185465095 164.927745039 172.501346566 40.7963662738 41.2319362597 43.1253366416
7791040 128 11570.878 11597.733 12167.913 163.915228519 171.973802122 172.372938337 40.9788071299 42.9934505304 43.0932345843
8570144 64 6478.951 6707.312 6791.181 161.529847607 163.549635383 169.314204105 40.3824619017 40.8874088457 42.3285510262
9427136 64 7088.16 7143.902 7480.09 161.318033339 168.909569028 170.237890793 40.3295083348 42.2273922571 42.5594726981
10369824 64 7812.7 8017.914 8184.141 162.184091403 165.546484036 169.894847108 40.5460228508 41.3866210089 42.473711777
11406784 64 8576.651 8982.414 9500.819 153.678156799 162.547434576 170.23758481 38.4195391997 40.636858644 42.5593962026
12547456 64 9375.831 9838.71 10070.343 159.485567473 163.240340248 171.299415273 39.8713918682 40.810085062 42.8248538183
13802176 64 9986.948 10526.495 11016.108 160.372295551 167.831602827 176.898741037 40.0930738878 41.9579007067 44.2246852592
15182368 64 10832.541 11495.078 11903.954 163.251899663 169.058713999 179.398638233 40.8129749157 42.2646784998 44.8496595582
16700576 64 12163.666 12723.528 13104.03 163.131016031 168.009511827 175.742553931 40.7827540077 42.0023779568 43.9356384827
18370624 32 6538.234 6978.565 7759.707 151.516021932 168.475888094 179.822248026 37.8790054831 42.1189720236 44.9555620065
20207680 32 7850.663 7879.706 8180.444 158.095516576 164.12941295 164.73659868 39.523879144 41.0323532375 41.1841496699
22228448 32 8468.815 8650.666 9258.751 153.651466812 164.452155707 167.983439478 38.4128667031 41.1130389267 41.9958598694
24451264 32 9600.376 9616.274 10504.067 148.978571443 162.732561073 163.00204242 37.2446428607 40.6831402683 40.750510605
26896384 32 10937.002 11833.241 12268.704 140.30565706 145.468902053 157.389435972 35.0764142651 36.3672255133 39.3473589929
29586016 32 11971.294 12010.209 14106.811 134.226298488 157.657957826 158.170455424 33.556574622 39.4144894564 39.5426138561
32544608 32 13444.401 13735.336 15727.994 132.429788058 151.642079378 154.923593249 33.1074470145 37.9105198446 38.7308983122
35799040 16 7665.371 8003.826 8909.298 128.581318079 143.127709173 149.4473366 32.1453295198 35.7819272933 37.36183415
39378944 16 8776.53 9025.6 10079.069 125.024067997 139.616890622 143.579091965 31.2560169992 34.9042226556 35.8947729911
43316832 16 10261.158 10584.339 11444.212 121.121368951 130.961283836 135.085983863 30.2803422376 32.7403209591 33.7714959657
47648512 16 12295.872 12428.483 13774.916 110.690503231 122.682099175 124.005225819 27.6726258077 30.6705247937 31.0013064547
52413344 16 14568.742 15160.51 15607.728 107.461317112 110.631305147 115.125040172 26.8653292779 27.6578262868 28.7812600429
57654656 16 18140.661 18603.802 20475.296 90.106096244 99.1705347111 101.702412718 22.526524061 24.7926336778 25.4256031795
63420096 16 21318.207 21486.997 21521.652 94.2977366236 94.4498233978 95.1976435917 23.5744341559 23.6124558495 23.7994108979
69762080 8 12512.375 12560.574 12570.031 88.7979735293 88.8648305404 89.2071473241 22.1994933823 22.2162076351 22.301786831
76738272 8 14474.364 14677.692 14933.426 82.2190669442 83.6515953598 84.8266875146 20.554766736 20.91289884 21.2066718786
84412096 8 16738.113 16865.993 16941.791 79.7196433364 80.077913942 80.6897131116 19.9299108341 20.0194784855 20.1724282779
92853280 8 19103.795 19276.822 19356.785 76.7509935147 77.0693675545 77.7674006657 19.1877483787 19.2673418886 19.4418501664
102138592 8 21541.302 22240.603 22292.195 73.308952842 73.4790091797 75.8643777428 18.3272382105 18.3697522949 18.9660944357
112352448 8 24675.924 25154.607 25423.781 70.7069954701 71.4636157106 72.8499231883 17.6767488675 17.8659039277 18.2124807971
123587680 8 27416.684 28932.229 29060.24 68.0449603995 68.3460261565 72.1240716055 17.0112400999 17.0865065391 18.0310179014
135946432 4 15453.335 16003.479 16179.18 67.2204311961 67.9584392869 70.3777829187 16.805107799 16.9896098217 17.5944457297
149541056 4 17232.977 18053.605 18230.934 65.6207985833 66.2653496629 69.4208811397 16.4051996458 16.5663374157 17.3552202849
164495136 4 19321.505 20365.379 20367.591 64.610541718 64.6175594375 68.1086223873 16.1526354295 16.1543898594 17.0271555968
180944640 4 21636.617 22737.491 22765.119 63.5866265404 63.6638897405 66.9031170631 15.8966566351 15.9159724351 16.7257792658
199039104 4 24079.844 25709.17 26508.845 60.0672278253 61.9355985432 66.1263765662 15.0168069563 15.4838996358 16.5315941416
218943008 4 26888.541 28240.85 29977.32 58.428974438 62.0216482153 65.1409112901 14.6072436095 15.5054120538 16.2852278225
240837280 4 29711.471 31490.216 48343.21 39.85457813 61.1840274452 64.8469488434 9.9636445325 15.2960068613 16.2117372109
264920992 4 33092.971 37312.341 38207.248 55.4703111828 56.8007227421 64.0428426931 13.8675777957 14.2001806855 16.0107106733
291413088 2 18404.956 19788.398 19999.846 58.2830663796 58.9058473556 63.3336125335 14.5707665949 14.7264618389 15.8334031334
320554368 2 20379.596 22059.289 23221.927 55.2158084038 58.1259655286 62.9167267104 13.803952101 14.5314913822 15.7291816776
352609792 2 22541.751 24251.365 27015.271 52.2089587034 58.159166216 62.5700802036 13.0522396758 14.539791554 15.6425200509
387870752 2 24923.049 26838.643 31216.156 49.7012831433 57.8078037701 62.2509311762 12.4253207858 14.4519509425 15.562732794
426657824 2 27757.278 31116.837 35920.195 47.5117491985 54.8459117487 61.484101431 11.8779372996 13.7114779372 15.3710253577
469323584 2 30621.634 32779.365 41299.323 45.4558137914 57.2706132654 61.3061450607 11.3639534479 14.3176533163 15.3265362652
516255936 2 35873.67 36268.074 44376.077 46.5346169288 56.9377834621 57.5637715349 11.6336542322 14.2344458655 14.3909428837
567881504 1 24005.387 37961.461 43432.645 26.1499848328 29.9188434291 47.3128389057 6.53749620821 7.47971085728 11.8282097264
624669632 1 24577.164 27547.236 41812.679 29.8794359481 45.3526177363 50.833337158 7.46985898703 11.3381544341 12.7083342895
687136576 1 26985.314 31542.908 45533.52 30.1815706758 43.5683720727 50.9267059853 7.54539266896 10.8920930182 12.7316764963
755850208 1 29730.507 35951.17 49910.986 30.2879293148 42.0487126288 50.846775536 7.5719823287 10.5121781572 12.711693884
831435200 1 32929.935 42482.19 54287.775 30.6306604019 39.1427654742 50.4972269153 7.65766510048 9.78569136855 12.6243067288
914578720 1 36376.392 73596.724 78661.312 23.2535841762 24.8537888725 50.2841909115 5.81339604404 6.21344721811 12.5710477279
1006036576 1 42171.532 51384.422 64689.787 31.1034128463 39.1572596068 47.7116447181 7.77585321157 9.7893149017 11.9279111795

META_DATA
ERT_VERSION  1.1.0
TIMESTAMP_DATA  1560424464.67
MPI_PROCS      1
CONFIG  {'ERT_WORKING_SET_MIN': ['1'], 'ERT_CFLAGS': ['-O3', '-march=native', '-fstrict-aliasing', '-ftree-vectorize'], 'ERT_CC': ['gcc'], 'ERT_MPI_CFLAGS': ['-I/usr/local/include'], 'ERT_MPI_LDFLAGS': ['-L/usr/local/lib', '-lmpi'], 'ERT_MEMORY_MAX': ['1073741824'], 'ERT_PROCS_THREADS': ['1-8'], 'ERT_LDFLAGS': [], 'ERT_LDLIBS': [], 'ERT_RUN': ['export', 'OMP_NUM_THREADS=ERT_OPENMP_THREADS;', 'mpirun', '-np', 'ERT_MPI_PROCS', 'ERT_CODE'], 'ERT_FLOPS': ['1,2,4,8,16'], 'ERT_OPENMP_CFLAGS': ['-fopenmp'], 'ERT_MPI': ['True'], 'ERT_TRIALS_MIN': ['1'], 'ERT_DRIVER': ['driver1'], 'ERT_RESULTS': ['Results.p100.01'], 'ERT_OPENMP': ['True'], 'ERT_MPI_PROCS': ['1,2,4,8'], 'ERT_KERNEL': ['kernel1'], 'ERT_GPU': [False], 'ERT_OPENMP_THREADS': ['1,2,4,8'], 'ERT_LD': ['gcc'], 'ERT_NUM_EXPERIMENTS': ['3'], 'ERT_OPENMP_LDFLAGS': ['-fopenmp'], 'ERT_ALIGN': ['32'], 'ERT_GNUPLOT': ['gnuplot']}
TIMESTAMP_DATA  1560424455.17
HOSTNAME  ('kcadmin-UniServer-R5200-G3', [], ['127.0.1.1'])
OPENMP_THREADS 4
FLOPS          4
TIMESTAMP_DATA  1560424459.86
UNAME  ('Linux', 'kcadmin-UniServer-R5200-G3', '4.4.0-141-generic', '#167-Ubuntu SMP Wed Dec 5 10:40:15 UTC 2018', 'x86_64', 'x86_64')
