16 67108864 822070.208 822926.266 844473.213 2.54298610654 2.60956994171 2.6122874021 2.54298610654 2.60956994171 2.6122874021
32 33554432 412859.415 415748.739 430985.353 4.98273000011 5.16534013588 5.20148886032 4.98273000011 5.16534013588 5.20148886032
48 16777216 203152.444 203428.696 208245.697 7.73419455577 7.91733303939 7.92809923567 7.73419455577 7.91733303939 7.92809923567
64 16777216 202627.631 208510.23 226126.584 9.49682080723 10.2991764385 10.5981777382 9.49682080723 10.2991764385 10.5981777382
80 8388608 104872.764 105035.085 107757.667 12.4555153927 12.7783709605 12.7981491934 12.4555153927 12.7783709605 12.7981491934
96 8388608 105541.973 105833.652 106313.898 15.1495972427 15.2183422339 15.2604001064 15.1495972427 15.2183422339 15.2604001064
112 8388608 109394.544 110478.896 114086.905 16.4703231453 17.0082093507 17.176799896 16.4703231453 17.0082093507 17.176799896
128 8388608 116492.73 116868.589 127963.18 16.7820434597 18.3751995842 18.4344864096 16.7820434597 18.3751995842 18.4344864096
144 4194304 59825.148 60029.457 60940.481 19.8219563118 20.1227799212 20.191501273 19.8219563118 20.1227799212 20.191501273
160 4194304 65227.924 65695.096 66153.114 20.2889508724 20.4304029025 20.5767284576 20.2889508724 20.4304029025 20.5767284576
176 4194304 71808.701 72309.81 72416.733 20.3874843125 20.4176308581 20.5601130147 20.3874843125 20.4176308581 20.5601130147
192 4194304 77351.075 77911.569 78525.443 20.5107118721 20.6723180738 20.8221118582 20.5107118721 20.6723180738 20.8221118582
208 4194304 84344.205 84478.423 84609.554 20.6221446812 20.654155251 20.6870224694 20.6221446812 20.654155251 20.6870224694
224 4194304 77658.505 80113.433 80503.435 23.3412175766 23.4548454814 24.1962962331 23.3412175766 23.4548454814 24.1962962331
240 4194304 93074.348 95657.053 104906.366 19.1910748295 21.0467065089 21.6307281572 19.1910748295 21.0467065089 21.6307281572
256 4194304 100137.648 100393.24 102368.264 20.9780215478 21.3907196142 21.4453174295 20.9780215478 21.3907196142 21.4453174295
272 2097152 52722.422 53320.07 55246.842 20.6500615546 21.3962713852 21.6388140894 20.6500615546 21.3962713852 21.6388140894
288 2097152 55232.375 55600.062 55604.312 21.7242064249 21.7258669963 21.870498091 21.7242064249 21.7258669963 21.870498091
304 2097152 57679.864 58787.457 60645.865 21.0248203402 21.6894637235 22.1059539253 21.0248203402 21.6894637235 22.1059539253
320 2097152 57277.142 57334.699 63582.593 21.1091938323 23.4095112281 23.433035119 21.1091938323 23.4095112281 23.433035119
352 2097152 46467.379 46815.982 51203.347 28.8339550928 31.5361324259 31.7727196965 28.8339550928 31.5361324259 31.7727196965
384 2097152 55111.146 55274.15 55607.64 28.9638750359 29.1386251258 29.2248093698 28.9638750359 29.1386251258 29.2248093698
416 2097152 61901.784 61903.384 63601.347 27.4338602294 28.1863502648 28.1870788086 27.4338602294 28.1863502648 28.1870788086
448 2097152 64332.6 64600.961 65099.117 28.8644190366 29.0870006098 29.2083359292 28.8644190366 29.0870006098 29.2083359292
480 2097152 50224.578 50309.665 51150.701 39.359498123 40.0174781526 40.0852729912 39.359498123 40.0174781526 40.0852729912
528 1048576 34254.189 34702.476 36111.474 30.6632804853 31.9082781298 32.3258640279 30.6632804853 31.9082781298 32.3258640279
576 1048576 36933.654 37238.913 37413.169 32.2870150882 32.4380991464 32.7062020996 32.2870150882 32.4380991464 32.7062020996
624 1048576 30541.11 30745.036 33568.645 38.9834873585 42.5637116834 42.8479137792 38.9834873585 42.5637116834 42.8479137792
672 1048576 35468.117 35601.159 44470.858 31.6901046524 39.5854006888 39.7338867468 31.6901046524 39.5854006888 39.7338867468
736 1048576 30398.888 30472.503 35219.222 43.8256095492 50.6523494969 50.7750109807 43.8256095492 50.6523494969 50.7750109807
800 1048576 39114.687 39118.273 42243.68 39.7153278313 42.8884373295 42.8923693036 39.7153278313 42.8884373295 42.8923693036
880 1048576 38796.408 38868.299 39403.345 46.8359668449 47.4806926848 47.5686759455 46.8359668449 47.4806926848 47.5686759455
960 1048576 48936.252 49179.85 52174.497 38.5871649132 40.9368048093 41.1405826503 38.5871649132 40.9368048093 41.1405826503
1056 524288 24906.1 25186.681 30109.678 36.7754266917 43.9635637582 44.4588376342 36.7754266917 43.9635637582 44.4588376342
1152 524288 24150.798 24614.559 29242.234 41.3087301059 49.0750028063 50.0173763202 41.3087301059 49.0750028063 50.0173763202
1264 524288 24464.358 25091.05 29572.754 44.8182832076 52.8236189398 54.1767768441 44.8182832076 52.8236189398 54.1767768441
1376 524288 24607.333 24648.821 29507.198 48.8979189417 58.5358859963 58.6345775871 48.8979189417 58.5358859963 58.6345775871
1504 524288 25521.128 25911.922 26076.983 60.477023128 60.8622665659 61.7942241424 60.477023128 60.8622665659 61.7942241424
1648 524288 28168.393 28459.524 29152.91 59.2754976433 60.7196820298 61.3472429187 59.2754976433 60.7196820298 61.3472429187
1808 524288 33667.741 34355.626 37394.478 50.6980043417 55.1823857903 56.3098488847 50.6980043417 55.1823857903 56.3098488847
1984 524288 38189.457 38484.374 38690.848 53.7691700115 54.0576490604 54.4751077241 53.7691700115 54.0576490604 54.4751077241
2176 262144 18061.262 18890.999 21477.155 53.1192650051 60.391231189 63.1656131227 53.1192650051 60.391231189 63.1656131227
2384 262144 21033.204 21955.684 25741.129 48.5566344817 56.9284287385 59.4252112992 48.5566344817 56.9284287385 59.4252112992
2608 262144 21255.125 21817.898 22194.297 61.607858271 62.6707075081 64.3300429426 61.607858271 62.6707075081 64.3300429426
2864 262144 23326.683 23338.974 23676.925 63.418743439 64.3370540624 64.3709537271 63.418743439 64.3370540624 64.3709537271
3136 262144 25313.306 25466.003 25978.339 63.2899265808 64.5632205415 64.9526840943 63.2899265808 64.5632205415 64.9526840943
3440 262144 24704.628 24705.624 25218.963 71.5156574836 73.0016258646 73.0045690225 71.5156574836 73.0016258646 73.0045690225
3776 262144 28787.369 29829.998 33527.581 59.0472509186 66.366463987 68.7701431833 59.0472509186 66.366463987 68.7701431833
4144 131072 15077.949 15596.091 19762.068 54.9701952245 69.6536546241 72.047248336 54.9701952245 69.6536546241 72.047248336
4544 131072 17634.43 19654.515 20707.712 57.5236093683 60.6060406985 67.548672455 57.5236093683 60.6060406985 67.548672455
4992 131072 17061.217 21301.607 23368.904 55.9984690767 61.4330575153 76.7016120831 55.9984690767 61.4330575153 76.7016120831
5488 131072 18615.596 18833.675 24410.49 58.9355753203 76.3869118481 77.2817734119 58.9355753203 76.3869118481 77.2817734119
6032 131072 20642.499 21024.202 28275.753 55.9225640428 75.2110642773 76.6018013614 55.9225640428 75.2110642773 76.6018013614
6624 131072 21168.875 21645.12 23761.274 73.0786512541 80.2232492128 82.028065072 73.0786512541 80.2232492128 82.028065072
7280 131072 23571.003 23712.97 25063.99 76.1414411672 80.4795147972 80.9642389847 76.1414411672 80.4795147972 80.9642389847
8000 131072 26566.67 26947.504 27296.296 76.8291785816 77.82360845 78.9392121783 76.8291785816 77.82360845 78.9392121783
8800 65536 13667.766 13668.922 14052.431 82.0807161409 84.3836551266 84.3907921748 82.0807161409 84.3836551266 84.3907921748
9680 65536 15713.285 15927.155 16383.172 77.4439137915 79.6612427015 80.7454940199 77.4439137915 79.6612427015 80.7454940199
10640 65536 16730.221 16883.139 17259.145 80.8038915022 82.6034826817 83.3584971771 80.8038915022 82.6034826817 83.3584971771
11696 65536 18361.061 18828.347 19238.229 79.6860309751 81.4207488315 83.4928935752 79.6860309751 81.4207488315 83.4928935752
12864 65536 20588.859 20589.327 20894.803 80.6951952598 81.8924391263 81.8943006021 80.6951952598 81.8924391263 81.8943006021
14144 65536 22025.101 22447.266 26041.94 71.1883357384 82.5883369494 84.1713446853 71.1883357384 82.5883369494 84.1713446853
15552 65536 24450.209 26662.162 32910.982 61.9377368928 76.4541054098 83.3707288146 61.9377368928 76.4541054098 83.3707288146
17104 32768 13250.734 16159.955 19192.487 58.4045071387 69.3645337502 84.5936341338 58.4045071387 69.3645337502 84.5936341338
18800 32768 14089.927 14552.401 19247.304 64.0129547494 84.664846715 87.4438029381 64.0129547494 84.664846715 87.4438029381
20672 32768 16205.127 17132.732 21766.768 62.2398415787 79.0743818324 83.6007142678 62.2398415787 79.0743818324 83.6007142678
22736 32768 17239.919 17916.841 23724.816 62.8045543536 83.1634603444 86.4288571193 62.8045543536 83.1634603444 86.4288571193
25008 32768 19193.275 19482.095 24921.224 65.7641971357 84.1246430633 85.3905489292 65.7641971357 84.1246430633 85.3905489292
27504 32768 20563.216 20729.443 22495.856 80.125963822 86.9537181486 87.6566264732 80.125963822 86.9537181486 87.6566264732
30240 32768 22850.278 22920.693 23145.736 85.6230555814 86.4637312668 86.7301763243 85.6230555814 86.4637312668 86.7301763243
33264 16384 12275.136 12305.284 12685.402 85.9251249586 88.5794063753 88.7969593168 85.9251249586 88.5794063753 88.7969593168
36576 16384 13405.72 13860.291 13869.276 86.4156404415 86.4716597942 89.4038043462 86.4156404415 86.4716597942 89.4038043462
40224 16384 14822.081 15274.285 15299.778 86.1489645144 86.2927483676 88.9254371232 86.1489645144 86.2927483676 88.9254371232
44240 16384 16339.374 16812.143 20081.713 72.1878815816 86.2267421827 88.7216560439 72.1878815816 86.2267421827 88.7216560439
48656 16384 17815.815 18305.835 22163.112 71.9375423451 87.0957160927 89.4912642503 71.9375423451 87.0957160927 89.4912642503
53520 16384 19848.613 20913.773 23931.331 73.2823159731 83.8559049101 88.3559652254 73.2823159731 83.8559049101 88.3559652254
58864 16384 21345.611 22252.421 24743.127 77.9552055809 86.6807055286 90.3630986248 77.9552055809 86.6807055286 90.3630986248
64736 16384 23940.487 24225.773 24729.569 85.7786582532 87.5624999871 88.6059355434 85.7786582532 87.5624999871 88.6059355434
71200 8192 13027.67 13512.584 13914.247 83.8378677624 86.3299573198 89.5433181835 83.8378677624 86.3299573198 89.5433181835
78320 8192 14217.938 14835.186 14873.463 86.2741165255 86.4967166573 90.2518269527 86.2741165255 86.4967166573 90.2518269527
86144 8192 15633.497 16320.07 16402.899 86.0447470901 86.4814486703 90.2794362643 86.0447470901 86.4814486703 90.2794362643
94752 8192 17248.502 17643.418 18040.78 86.0504239839 87.9884367077 90.0029908684 86.0504239839 87.9884367077 90.0029908684
104224 8192 18845.597 19326.424 19821.951 86.1472221377 88.356025719 90.6103434134 86.1472221377 88.356025719 90.6103434134
114640 8192 20740.597 21211.298 21806.86 86.1316925041 88.55006233 90.5596767538 86.1316925041 88.55006233 90.5596767538
126096 8192 23095.398 23181.566 23892.057 86.4704476471 89.120677352 89.4531830107 86.4704476471 89.120677352 89.4531830107
138704 4096 12891.474 13329.066 13512.396 84.0904283741 85.247020909 88.1406709582 84.0904283741 85.247020909 88.1406709582
152560 4096 14237.236 14423.871 17305.061 72.2200008425 86.6460550015 87.7818924965 72.2200008425 86.6460550015 87.7818924965
167808 4096 15597.924 15858.825 18333.655 74.9814009263 86.6825339204 88.1324422404 74.9814009263 86.6825339204 88.1324422404
184576 4096 17215.004 17464.495 22503.495 67.1916336551 86.5783174378 87.8330665506 67.1916336551 86.5783174378 87.8330665506
203024 4096 18738.294 19365.882 24199.338 68.728020907 85.8815832917 88.7579524582 68.728020907 85.8815832917 88.7579524582
223312 4096 20118.088 21108.687 23441.653 78.0393730766 86.6644099654 90.9316980818 78.0393730766 86.6644099654 90.9316980818
245632 4096 22712.832 24538.298 35330.402 56.9542725271 82.0031342027 88.5938549627 56.9542725271 82.0031342027 88.5938549627
270192 2048 12201.61 12957.614 13534.121 81.7715780729 85.4097391696 90.7016723203 81.7715780729 85.4097391696 90.7016723203
297200 2048 13399.076 14024.439 14311.027 85.062462673 86.8007055398 90.8518766518 85.062462673 86.8007055398 90.8518766518
326912 2048 14721.514 15432.721 18648.859 71.8023312847 86.7657461053 90.9574621197 71.8023312847 86.7657461053 90.9574621197
359600 2048 16174.494 16182.78 17176.093 85.7541700549 91.0178350073 91.0644623566 85.7541700549 91.0178350073 91.0644623566
395552 2048 17765.307 17779.347 18624.451 86.992147688 91.1271371215 91.1991552975 86.992147688 91.1271371215 91.1991552975
435104 2048 19516.066 19636.45 20872.853 85.3829605373 90.7590722356 91.3189156052 85.3829605373 90.7590722356 91.3189156052
478608 2048 21662.847 21913.274 22033.462 88.9727800379 89.460770125 90.4949551645 88.9727800379 89.460770125 90.4949551645
526464 1024 12093.794 12354.084 14568.795 74.0073748035 87.2746431059 89.153021128 74.0073748035 87.2746431059 89.153021128
579104 1024 13046.047 13053.7 15522.728 76.404417574 90.8558486866 90.9091460425 76.404417574 90.8558486866 90.9091460425
637008 1024 14335.731 14341.826 15487.71 84.2340400227 90.9641759703 91.0028504302 84.2340400227 90.9641759703 91.0028504302
700704 1024 15736.333 15739.554 15756.999 91.0732933346 91.1742347973 91.1928968458 91.0732933346 91.1742347973 91.1928968458
770768 1024 17294.621 17295.086 17310.431 91.1896915796 91.2705992905 91.2730532806 91.1896915796 91.2705992905 91.2730532806
847840 1024 19679.566 19843.63 20637.135 84.1384387901 87.5029578762 88.2324498416 84.1384387901 87.5029578762 88.2324498416
932624 1024 21549.514 22330.039 25546.931 74.7649082389 85.5356299199 88.633736798 74.7649082389 85.5356299199 88.633736798
1025872 1024 22975.037 24725.061 26076.921 80.5687855556 84.9739402463 91.4464623495 80.5687855556 84.9739402463 91.4464623495
1128448 512 12708.412 12932.273 13817.257 83.6295331266 89.3524867593 90.9264471438 83.6295331266 89.3524867593 90.9264471438
1241280 512 13958.593 13977.453 14785.236 85.9689165597 90.9372201073 91.0600889359 85.9689165597 90.9372201073 91.0600889359
1365408 512 15326.568 15335.408 16244.564 86.0705028464 91.1731720473 91.2257585651 86.0705028464 91.1731720473 91.2257585651
1501936 512 16839.121 17060.127 18396.548 83.6016878819 90.1507042708 91.3338923095 83.6016878819 90.1507042708 91.3338923095
1652128 512 18556.806 18737.551 20171.556 83.8695374814 90.2881636987 91.167578731 83.8695374814 90.2881636987 91.167578731
1817328 512 20593.335 20619.418 26122.411 71.2393611754 90.2520076949 90.3663186172 71.2393611754 90.2520076949 90.3663186172
1999056 512 22803.18 22864.837 23671.176 86.4778895649 89.5275721406 89.7696437076 86.4778895649 89.5275721406 89.7696437076
2198960 256 12784.302 12917.083 13267.724 84.857622905 87.1611276323 88.0664051897 84.857622905 87.1611276323 88.0664051897
2418848 256 14157.527 14211.886 14473.583 85.5662468651 87.1418597081 87.4764481113 85.5662468651 87.1418597081 87.4764481113
2660720 256 15827.962 16077.833 16310.58 83.521777889 84.7308614289 86.0684805789 83.521777889 84.7308614289 86.0684805789
2926784 256 17583.523 18064.204 18844.993 79.5178543181 82.9548541414 85.2225920824 79.5178543181 82.9548541414 85.2225920824
3219456 256 19934.666 20663.142 20754.03 79.4236816657 79.7730312263 82.6881911139 79.4236816657 79.7730312263 82.6881911139
3541392 256 21020.125 21791.498 23121.191 78.4212501856 83.2064277545 86.2598440304 78.4212501856 83.2064277545 86.2598440304
3895520 256 23491.72 24810.44 29566.433 67.4584668364 80.3897971983 84.9025205477 67.4584668364 80.3897971983 84.9025205477
4285072 128 12794.972 13779.703 16260.683 67.46201448 79.6082783497 85.735117826 67.46201448 79.6082783497 85.735117826
4713568 128 14056.378 15424.435 18467.0 65.3421458818 78.2312874345 85.8452588569 65.3421458818 78.2312874345 85.8452588569
5184912 128 15473.457 16831.651 20586.121 64.4772986616 78.8596122864 85.7815724049 64.4772986616 78.8596122864 85.7815724049
5703392 128 17271.722 18534.99 20059.664 72.7862815648 78.7736250195 84.5351929588 72.7862815648 78.7736250195 84.5351929588
6273728 128 19438.446 19934.053 22623.891 70.9901920938 80.5693838579 82.6235990264 70.9901920938 80.5693838579 82.6235990264
6901088 128 21457.974 21719.667 22040.156 80.1572605929 81.3400374877 82.3320285503 80.1572605929 81.3400374877 82.3320285503
7591184 128 23360.333 23701.962 24102.215 80.6292327904 81.9908117311 83.1898716512 80.6292327904 81.9908117311 83.1898716512
8350288 128 27210.564 27542.662 27867.515 76.7084445097 77.6131852469 78.560434396 76.7084445097 77.6131852469 78.560434396
9185312 64 14199.584 14510.248 15193.2 77.3846152226 81.0268670804 82.7996042701 77.3846152226 81.0268670804 82.7996042701
10103840 64 15540.987 16134.822 16499.325 78.3845108815 80.1553013724 83.218107061 78.3845108815 80.1553013724 83.218107061
11114224 64 17732.481 18138.954 18195.388 78.1857837821 78.4290357647 80.2268262405 78.1857837821 78.4290357647 80.2268262405
12225632 64 19314.307 19734.415 20066.433 77.9850059051 79.2970501532 81.0218505898 77.9850059051 79.2970501532 81.0218505898
13448192 64 21566.409 22032.273 22325.678 77.1026338371 78.129413883 79.8171163312 77.1026338371 78.129413883 79.8171163312
14793008 64 23586.797 24738.644 26121.758 72.4876566118 76.5403723826 80.2781752859 72.4876566118 76.5403723826 80.2781752859
16272304 64 25912.965 26305.242 30131.075 69.1264719895 79.1802224059 80.3788725837 69.1264719895 79.1802224059 80.3788725837
17899520 32 14298.184 14541.823 18442.719 62.1149885763 78.777556294 80.119914529 62.1149885763 78.777556294 80.119914529
19689472 32 16051.268 16196.273 19427.176 64.8640959448 77.8034679954 78.506334079 64.8640959448 77.8034679954 78.506334079
21658416 32 17905.014 17970.348 21183.414 65.4350910576 77.1347680078 77.416226762 65.4350910576 77.1347680078 77.416226762
23824256 32 19644.324 20526.306 25600.584 59.5592813039 74.2828438785 77.6179615038 59.5592813039 74.2828438785 77.6179615038
26206672 32 21993.714 22490.207 23756.01 70.6022184702 74.5758813158 76.2593806576 70.6022184702 74.5758813158 76.2593806576
28827328 32 24685.4 24850.996 24968.457 73.8911896718 74.2404446083 74.7384685685 73.8911896718 74.2404446083 74.7384685685
31710048 32 27723.804 28450.735 29080.916 69.7860779901 71.331832798 73.2021865398 69.7860779901 71.331832798 73.2021865398
34881040 16 15690.717 16122.059 16414.433 68.0007210727 69.2339160898 71.1371749296 68.0007210727 69.2339160898 71.1371749296
38369136 16 18010.531 18323.646 18439.86 66.5846894716 67.0069893295 68.1719129769 66.5846894716 67.0069893295 68.1719129769
42206048 16 20645.837 20797.203 20812.295 64.8940223075 64.941114245 65.4172333144 64.8940223075 64.941114245 65.4172333144
46426640 16 23522.416 23757.424 23758.907 62.5303377803 62.5342410861 63.1590088365 62.5303377803 62.5342410861 63.1590088365
51069296 16 26750.33 26941.72 27042.533 60.4313757147 60.6575033814 61.0914882919 60.4313757147 60.6575033814 61.0914882919
56176224 16 30031.849 30695.775 30723.347 58.5105251716 58.5630813361 59.8577586082 58.5105251716 58.5630813361 59.8577586082
61793840 16 34740.907 34770.636 36829.134 53.6912673537 56.8699082755 56.91857383 53.6912673537 56.8699082755 56.91857383
67973216 8 19587.032 19693.614 20024.848 54.3110966935 55.2245746261 55.5250767957 54.3110966935 55.2245746261 55.5250767957
74770528 8 22246.889 22720.833 23318.384 51.3040889969 52.6533709393 53.7750895417 51.3040889969 52.6533709393 53.7750895417
82247568 8 24803.182 24822.947 25032.015 52.5711209425 53.013894281 53.0561396518 52.5711209425 53.013894281 53.0561396518
90472320 8 27991.186 28034.696 31677.681 45.6964359228 51.6344860668 51.7147476352 45.6964359228 51.6344860668 51.7147476352
99519552 8 30992.491 31233.134 36341.832 43.8148751554 50.9815259653 51.3773749906 43.8148751554 50.9815259653 51.3773749906
109471504 8 34714.107 35542.985 57844.856 30.2800315382 49.2795994484 50.4562615999 30.2800315382 49.2795994484 50.4562615999
120418640 8 38574.222 39140.815 60769.023 31.7052693113 49.2247859428 49.9478185198 31.7052693113 49.2247859428 49.9478185198
132460496 8 43276.226 44220.288 70785.102 29.9408756379 47.9275018743 48.9730305041 29.9408756379 47.9275018743 48.9730305041
145706544 4 24142.922 24952.977 38455.635 30.3116136816 46.7139593003 48.2813286644 30.3116136816 46.7139593003 48.2813286644
160277184 4 26452.854 26776.091 41702.342 30.7468935917 47.8866564952 48.4718008877 30.7468935917 47.8866564952 48.4718008877
176304896 4 29605.355 31002.34 31867.428 44.2595859321 45.4946035686 47.6413529917 44.2595859321 45.4946035686 47.6413529917
193935376 4 32750.56 32951.739 34891.831 44.4655085025 47.083494076 47.3727169245 44.4655085025 47.083494076 47.3727169245
213328912 4 36790.478 36836.322 38284.787 44.5772702353 46.3301221007 46.3878532918 44.5772702353 46.3301221007 46.3878532918
234661792 4 40230.473 40378.832 42364.921 44.3124710654 46.4920415727 46.6634915279 44.3124710654 46.4920415727 46.6634915279
258127968 4 44258.444 44785.54 46649.077 44.267194054 46.1091625556 46.6582996908 44.267194054 46.1091625556 46.6582996908
283940752 2 24701.391 24928.985 26504.635 42.8514864664 45.5599378795 45.979718632 42.8514864664 45.5599378795 45.979718632
312334816 2 27367.371 28480.176 29183.467 42.8098301 43.8669783501 45.6506861401 42.8098301 43.8669783501 45.6506861401
343568288 2 30286.855 30727.916 31517.945 43.6028793121 44.723929602 45.3752346356 43.6028793121 44.723929602 45.3752346356
377925104 2 33282.253 33982.282 34289.341 44.0865986897 44.4849588383 45.4206154854 44.0865986897 44.4849588383 45.4206154854
415717600 2 36664.041 37971.015 38057.892 43.6931819555 43.7931511707 45.3542586863 43.6931819555 43.7931511707 45.3542586863
457289360 2 40492.9 40902.102 42871.918 42.6656311481 44.7203774515 45.1723003292 42.6656311481 44.7203774515 45.1723003292
503018288 2 44749.638 45267.664 46108.347 43.6379372264 44.4483539508 44.9628922585 43.6379372264 44.4483539508 44.9628922585
553320112 1 30754.212 30848.605 31286.112 35.3716122988 35.87326636 35.9833711233 35.3716122988 35.87326636 35.9833711233
608652112 1 33920.403 34060.238 34643.733 35.1377902607 35.7397450951 35.8870802331 35.1377902607 35.7397450951 35.8870802331
669517312 1 37260.063 37901.963 38109.875 35.1361589089 35.3288990335 35.9375297889 35.1361589089 35.3288990335 35.9375297889
736469040 1 41084.898 43216.543 44219.629 33.3095983234 34.0827372518 35.8510827993 33.3095983234 34.0827372518 35.8510827993
810115936 1 48040.415 48683.026 51404.657 31.5191651216 33.2812482116 33.7264337121 31.5191651216 33.2812482116 33.7264337121
891127520 1 51238.693 52810.31 71988.955 24.757340067 33.7482404477 34.78338216 24.757340067 33.7482404477 34.78338216
980240272 1 56630.921 58070.027 79198.757 24.7539307214 33.7606273887 34.6185530693 24.7539307214 33.7606273887 34.6185530693

META_DATA
ERT_VERSION  1.1.0
HOSTNAME  ('kcadmin-UniServer-R5200-G3', [], ['127.0.1.1'])
MPI_PROCS      1
CONFIG  {'ERT_WORKING_SET_MIN': ['1'], 'ERT_CFLAGS': ['-O3', '-march=native', '-fstrict-aliasing', '-ftree-vectorize'], 'ERT_CC': ['gcc'], 'ERT_MPI_CFLAGS': ['-I/usr/local/include'], 'ERT_MPI_LDFLAGS': ['-L/usr/local/lib', '-lmpi'], 'ERT_MEMORY_MAX': ['1073741824'], 'ERT_PROCS_THREADS': ['1-8'], 'ERT_LDFLAGS': [], 'ERT_LDLIBS': [], 'ERT_RUN': ['export', 'OMP_NUM_THREADS=ERT_OPENMP_THREADS;', 'mpirun', '-np', 'ERT_MPI_PROCS', 'ERT_CODE'], 'ERT_FLOPS': ['1,2,4,8,16'], 'ERT_OPENMP_CFLAGS': ['-fopenmp'], 'ERT_MPI': ['True'], 'ERT_TRIALS_MIN': ['1'], 'ERT_DRIVER': ['driver1'], 'ERT_RESULTS': ['Results.p100.01'], 'ERT_OPENMP': ['True'], 'ERT_MPI_PROCS': ['1,2,4,8'], 'ERT_KERNEL': ['kernel1'], 'ERT_GPU': [False], 'ERT_OPENMP_THREADS': ['1,2,4,8'], 'ERT_LD': ['gcc'], 'ERT_NUM_EXPERIMENTS': ['3'], 'ERT_OPENMP_LDFLAGS': ['-fopenmp'], 'ERT_ALIGN': ['32'], 'ERT_GNUPLOT': ['gnuplot']}
OPENMP_THREADS 2
TIMESTAMP_DATA  1560424870.75
FLOPS          16
TIMESTAMP_DATA  1560424885.47
TIMESTAMP_DATA  1560424899.94
UNAME  ('Linux', 'kcadmin-UniServer-R5200-G3', '4.4.0-141-generic', '#167-Ubuntu SMP Wed Dec 5 10:40:15 UTC 2018', 'x86_64', 'x86_64')
