8 134217728 572576.816 577557.661 581427.944 3.69346480533 3.71821515497 3.75055990391 0.923366201333 0.929553788743 0.937639975978
16 67108864 286415.381 287913.976 292014.538 7.35402991477 7.45876833711 7.49779442885 1.83850747869 1.86469208428 1.87444860721
24 33554432 141803.072 142145.039 142315.245 11.3172185875 11.3307699469 11.3580948091 2.82930464688 2.83269248672 2.83952370228
32 33554432 141994.853 142536.481 143907.64 14.9226521121 15.0662036339 15.1236724616 3.73066302804 3.76655090847 3.78091811539
40 16777216 71116.995 71374.111 71374.603 18.8046899539 18.8048195795 18.8728064227 4.70117248848 4.70120489487 4.71820160568
48 16777216 82737.365 82852.873 86618.054 18.5944230056 19.4394313399 19.4665703458 4.64860575141 4.85985783498 4.86664258645
56 16777216 93461.393 94464.798 94617.579 19.8593983471 19.8915176 20.1050736746 4.96484958678 4.97287940001 5.02626841866
64 16777216 104308.845 104502.397 110785.342 19.3841857527 20.5496113931 20.5877425639 4.84604643817 5.13740284828 5.14693564098
72 8388608 58084.371 59823.248 61321.712 19.6987251758 20.1921425597 20.7966365341 4.92468129396 5.04803563992 5.19915913353
80 8388608 63616.405 63714.743 67460.333 19.8957998028 21.0654115014 21.0979743354 4.97394995071 5.26635287535 5.27449358385
88 8388608 68392.387 71537.886 72958.267 20.2361578572 20.6379457173 21.5871250114 5.0590394643 5.15948642933 5.39678125286
96 8388608 73829.883 74867.618 79999.065 20.1328945032 21.512808595 21.8151874357 5.0332236258 5.37820214876 5.45379685892
104 8388608 79992.815 84532.523 84540.347 20.639026523 20.6409367907 21.8123398208 5.15975663076 5.16023419767 5.45308495519
112 8388608 43744.029 43952.636 44663.755 42.0709855676 42.751660947 42.9555355315 10.5177463919 10.6879152368 10.7388838829
120 8388608 49740.538 49959.854 50880.15 39.5687890071 40.2976742086 40.4753547298 9.89219725178 10.0744185521 10.1188386824
128 8388608 54884.983 55357.494 55389.343 38.7707008549 38.7930069233 39.1269802889 9.69267521371 9.69825173083 9.78174507224
136 4194304 30282.013 30349.238 31997.466 35.6544073834 37.590752295 37.6742024383 8.91360184585 9.39768807375 9.41855060956
144 4194304 33005.693 33094.939 33239.825 36.3407313968 36.4998271186 36.5985211097 9.08518284919 9.12495677965 9.14963027742
152 4194304 37548.256 38188.961 38440.012 33.1703438594 33.3884028948 33.9581262043 8.29258596485 8.34710072369 8.48953155108
160 4194304 38335.657 38722.17 40886.173 32.8271682459 34.6617268609 35.0111980603 8.20679206146 8.66543171522 8.75279951508
176 4194304 25031.954 25424.28 27183.326 54.3125226104 58.0702780177 58.9804139142 13.5781306526 14.5175695044 14.7451034785
192 4194304 30173.72 30185.116 33502.282 48.0747172984 53.3578448398 53.377997012 12.0186793246 13.33946121 13.344499253
208 4194304 39067.162 39202.086 40275.512 43.3223658088 44.5086127305 44.6623295544 10.8305914522 11.1271531826 11.1655823886
224 4194304 41124.573 42534.305 43928.484 42.7751659265 44.1772398068 45.6916158619 10.6937914816 11.0443099517 11.4229039655
240 4194304 29759.334 30226.817 30525.063 65.9545213715 66.6052902626 67.651578493 16.4886303429 16.6513225657 16.9128946232
264 2097152 18645.816 19205.713 19240.815 57.5493426864 57.654524776 59.3857761977 14.3873356716 14.413631194 14.8464440494
288 2097152 21831.347 23354.651 23610.494 51.1619770429 51.722440725 55.3314255873 12.7904942607 12.9306101812 13.8328563968
312 2097152 16375.81 17540.049 17809.033 73.4808480618 74.6077076524 79.9119462182 18.3702120154 18.6519269131 19.9779865546
336 2097152 20447.538 21898.55 22036.364 63.9527530041 64.3552264419 68.9220454805 15.988188251 16.0888066105 17.2305113701
368 2097152 16376.909 17537.028 17549.353 87.9521810291 88.0139937052 94.2487909043 21.9880452573 22.0034984263 23.5621977261
400 2097152 22033.91 23208.513 23346.046 71.8632011605 72.289060484 76.1427091243 17.9658002901 18.072265121 19.0356772811
440 2097152 19997.257 20743.336 21144.048 87.2819509301 88.968030986 92.2873452094 21.8204877325 22.2420077465 23.0718363023
480 2097152 25984.647 26233.845 28387.301 70.9213574056 76.7430744521 77.479055998 17.7303393514 19.185768613 19.3697639995
528 1048576 12650.488 12844.133 13554.776 81.6904872497 86.2102763962 87.5299242211 20.4226218124 21.5525690991 21.8824810553
576 1048576 11939.122 12101.977 12889.182 93.7188684278 99.8150593081 101.176581662 23.429717107 24.953764827 25.2941454154
632 1048576 12212.814 12605.912 13053.937 101.532592351 105.141148375 108.525362296 25.3831480878 26.2852870939 27.1313405739
688 1048576 14208.586 15775.408 16349.318 88.2508111959 91.4613793824 101.547091034 22.062702799 22.8653448456 25.3867727584
752 1048576 13887.014 16497.779 16813.639 93.7963699589 95.5921584354 113.563528056 23.4490924897 23.8980396088 28.3908820139
824 1048576 15393.274 16659.466 17529.125 98.5818315518 103.728009529 112.260279912 24.6454578879 25.9320023823 28.065069978
904 1048576 17367.551 17555.856 20451.151 92.7001814226 107.988206784 109.159052304 23.1750453556 26.997051696 27.289763076
992 1048576 19134.426 19230.349 19940.05 104.33147279 108.181852758 108.724180386 26.0828681974 27.0454631895 27.1810450964
1088 524288 9575.725 9906.725 9975.677 114.363234495 115.159216391 119.139875884 28.5908086238 28.7898040977 29.784968971
1192 524288 10616.132 10640.128 10738.941 116.38974383 117.47063494 117.736157764 29.0974359576 29.3676587349 29.4340394411
1304 524288 14597.736 14761.039 14973.482 91.3176443529 92.6319010471 93.668162241 22.8294110882 23.1579752618 23.4170405603
1432 524288 12557.805 13014.592 13229.132 113.504108357 115.375175188 119.571918182 28.3760270893 28.843793797 29.8929795454
1568 524288 13722.054 13730.946 13748.712 119.586996076 119.741725588 119.819319178 29.8967490191 29.9354313971 29.9548297944
1720 524288 12714.751 12948.441 13434.056 134.25213651 139.287094099 141.847112853 33.5630341276 34.8217735247 35.4617782134
1888 524288 15432.824 15925.874 16176.972 122.378371428 124.307870827 128.279275912 30.5945928571 31.0769677068 32.069818978
2072 262144 8024.04 9543.068 9554.024 113.703371061 113.833909179 135.38376379 28.4258427653 28.4584772947 33.8459409475
2272 262144 8725.321 8961.091 9328.951 127.686632291 132.928271346 136.520173413 31.9216580728 33.2320678364 34.1300433531
2496 262144 10259.17 10287.028 10480.43 124.863469152 127.210973665 127.55640544 31.2158672879 31.8027434163 31.8891013601
2744 262144 10860.482 11064.166 11293.495 127.387161547 130.027538632 132.46615316 31.8467903869 32.5068846581 33.1165382899
3016 262144 10357.556 10842.496 11229.297 140.814924389 145.838431298 152.666575783 35.2037310973 36.4596078246 38.1666439457
3312 262144 10810.698 10834.41 11458.042 151.547869697 160.271012081 160.622547776 37.8869674243 40.0677530202 40.1556369441
3640 262144 11816.955 12174.491 14023.519 136.086264796 156.754670072 161.49746868 34.0215661989 39.188667518 40.3743671699
4000 262144 13955.457 14108.668 16310.763 128.574733138 148.642805969 150.274691828 32.1436832845 37.1607014922 37.5686729571
4400 131072 7002.751 7478.996 8533.605 135.163696937 154.223053469 164.711496953 33.7909242342 38.5557633672 41.1778742383
4840 131072 8950.601 9389.84 10872.69 116.693933148 135.122319443 141.753269976 29.173483287 33.7805798608 35.438317494
5320 131072 9325.716 10042.996 10211.887 136.566932243 138.863550279 149.544129373 34.1417330607 34.7158875698 37.3860323433
5848 131072 9491.721 9973.645 10950.3 139.997818507 153.70690575 161.511080235 34.9994546268 38.4267264375 40.3777700588
6432 131072 11131.816 11584.611 13045.318 129.250218967 145.547417 151.467667809 32.3125547419 36.38685425 37.8669169523
7072 131072 12055.096 12071.656 14876.803 124.615642756 153.573160799 153.784123163 31.153910689 38.3932901998 38.4460307906
7776 131072 13032.24 13481.731 13489.299 151.114727607 151.199556199 156.414533802 37.7786819019 37.7998890499 39.1036334506
8552 65536 7209.285 7246.901 8043.633 139.355903483 154.676839659 155.483899444 34.8389758707 38.6692099147 38.8709748609
9400 65536 7578.318 7763.835 7812.986 157.696020446 158.694356591 162.579189736 39.4240051115 39.6735891476 40.6447974339
10336 65536 8427.778 8432.342 8897.28 152.266781758 160.662386796 160.749392307 38.0666954395 40.165596699 40.1873480768
11368 65536 9193.22 9201.433 9211.181 161.76280718 161.934178731 162.078846802 40.4407017949 40.4835446827 40.5197117006
12504 65536 9918.474 10150.919 10388.572 157.762230266 161.455754696 165.239560844 39.4405575665 40.3639386739 41.3098902109
13752 65536 10654.878 10664.853 11133.625 161.897148862 169.013313545 169.171542274 40.4742872155 42.2533283862 42.2928855685
15120 65536 11737.64 11747.404 11747.733 168.697112881 168.701837444 168.842172703 42.1742782203 42.1754593611 42.2105431756
16632 32768 6447.192 6452.283 6453.56 168.898213079 168.931640475 169.065036686 42.2245532698 42.2329101188 42.2662591714
18288 32768 7035.925 7106.862 7138.9 167.886140442 168.642977449 170.343255222 41.9715351105 42.1607443623 42.5858138056
20112 32768 7733.034 7739.668 8207.213 160.597761018 170.299298626 170.445394654 40.1494402546 42.5748246566 42.6113486634
22120 32768 8509.235 8512.877 8519.003 170.167368177 170.289823288 170.362708281 42.5418420442 42.5724558219 42.5906770703
24328 32768 9210.401 9210.832 9877.954 161.405874941 173.096177197 173.104277219 40.3514687353 43.2740442991 43.2760693047
26760 32768 10072.237 10074.199 10087.754 173.848743734 174.082660071 174.116570132 43.4621859336 43.5206650176 43.5291425331
29432 32768 10984.265 11004.102 11202.949 172.173911708 175.285139305 175.60169497 43.0434779271 43.8212848263 43.9004237425
32368 32768 12022.212 12022.822 12494.845 169.771553629 176.436883787 176.445836091 42.4428884072 44.1092209466 44.1114590227
35600 16384 8354.257 8601.151 10363.246 112.565194342 135.626127247 139.634296623 28.1412985854 33.9065318118 34.9085741557
39160 16384 12097.444 12099.109 14758.88 86.9439198638 106.056973286 106.07157016 21.735979966 26.5142433216 26.5178925399
43072 16384 13597.267 13825.334 15828.228 89.1687494014 102.08674134 103.799042558 22.2921873503 25.5216853351 25.9497606394
47376 16384 14623.2 14771.924 15143.387 102.514501412 105.092387965 106.161221073 25.6286253531 26.2730969913 26.5403052683
52112 16384 16145.69 16395.022 16607.688 102.820212904 104.153932578 105.762343759 25.705053226 26.0384831445 26.4405859397
57320 16384 17825.728 21425.772 21755.461 86.3351854507 87.6636678482 105.368025362 21.5837963627 21.9159169621 26.3420063405
63048 16384 19592.254 19597.366 23456.234 88.0770913182 105.420129624 105.447635785 22.0192728296 26.3550324059 26.3619089463
69352 8192 10754.457 10768.806 10982.839 103.458055608 105.5143131 105.655094255 25.8645139021 26.3785782751 26.4137735638
76280 8192 11874.681 11877.87 12304.357 101.571461231 105.218487827 105.246744734 25.3928653078 26.3046219566 26.3116861834
83904 8192 13446.975 13485.806 13779.166 99.765336741 101.935556243 102.22991684 24.9413341852 25.4838890608 25.55747921
92288 8192 14758.142 14941.88 15150.523 99.801610281 101.195203816 102.455078153 24.9504025703 25.2988009541 25.6137695382
101512 8192 16163.413 16542.414 16657.506 99.8452354152 100.539897502 102.897365055 24.9613088538 25.1349743756 25.7243412638
111656 8192 17744.906 17873.387 18757.336 97.5283432573 102.35172013 103.092792038 24.3820858143 25.5879300325 25.7731980096
122816 8192 19464.534 19529.974 21385.864 94.0910006722 103.032259234 103.378654942 23.5227501681 25.7580648085 25.8446637356
135096 4096 10946.795 11522.768 13044.688 84.8396245276 96.0451891421 101.098671529 21.2099061319 24.0112972855 25.2746678822
148600 4096 11563.047 13989.881 14340.797 84.8858818656 87.0151218584 105.277717889 21.2214704664 21.7537804646 26.3194294722
163456 4096 12780.737 12888.359 15528.411 86.2310736108 103.894650359 104.769509927 21.5577684027 25.9736625896 26.1923774818
179800 4096 13937.102 14364.511 17188.388 85.6928293683 102.538930841 105.683491446 21.4232073421 25.6347327104 26.4208728615
197776 4096 15224.142 15696.319 18740.078 86.4554028004 103.220442449 106.421826071 21.6138507001 25.8051106122 26.6054565177
217552 4096 16764.838 16891.559 18037.043 98.8069931418 105.50748951 106.304992867 24.7017482855 26.3768723775 26.5762482167
239304 4096 18661.542 21563.078 22300.863 87.905941936 90.9136612129 105.049109447 21.976485484 22.7284153032 26.2622773616
263232 2048 10439.666 10666.453 12392.856 87.0015976947 101.083112821 103.279000688 21.7503994237 25.2707782053 25.8197501721
289552 2048 11259.588 11274.04 11442.955 103.644993098 105.197869796 105.332894241 25.9112482746 26.2994674491 26.3332235602
318504 2048 12341.93 12798.893 13338.596 97.8058248409 101.930095361 105.704082263 24.4514562102 25.4825238401 26.4260205657
350352 2048 13566.204 13970.935 14029.301 102.288901778 102.716231376 105.780643723 25.5722254444 25.679057844 26.4451609308
385384 2048 14866.673 15135.793 15297.147 103.191324761 104.291388234 106.179295394 25.7978311904 26.0728470586 26.5448238486
423920 2048 16531.683 16579.342 16793.535 103.395522146 104.73131684 105.033245556 25.8488805365 26.18282921 26.2583113891
466312 2048 17945.618 18369.237 18422.942 103.675838094 103.978948717 106.433445312 25.9189595234 25.9947371793 26.6083613281
512936 2048 19724.341 20151.669 20173.245 104.1471442 104.258652522 106.517417033 26.03678605 26.0646631304 26.6293542583
564224 1024 10955.383 11433.588 11503.487 100.450476625 101.064578503 105.476070713 25.1126191563 25.2661446258 26.3690176783
620640 1024 11996.429 12061.024 12208.243 104.115778167 105.386633838 105.954090171 26.0289445418 26.3466584595 26.4885225428
682704 1024 13235.199 13425.991 13473.379 103.77335871 104.139634236 105.640859046 25.9433396774 26.0349085591 26.4102147614
750968 1024 14514.284 15486.292 17572.445 87.5223945217 99.3125057954 105.963371256 21.8805986304 24.8281264489 26.4908428139
826064 1024 16244.959 19176.109 21165.224 79.9320182957 88.2232715719 104.141787739 19.9830045739 22.055817893 26.0354469346
908664 1024 17569.702 17808.598 20902.453 89.0299273487 104.496932998 105.917782328 22.2574818372 26.1242332496 26.4794455819
999528 1024 19408.75 24080.843 25836.41 79.2305643083 85.0067144244 105.469612623 19.8076410771 21.2516786061 26.3674031558
1099480 512 12161.314 14751.506 17216.994 65.392804342 76.3222087291 92.5777855913 16.3482010855 19.0805521823 23.1444463978
1209424 512 16992.198 19179.104 21462.608 57.7026881356 64.5728901621 72.8834595736 14.4256720339 16.1432225405 18.2208648934
1330360 512 22385.531 22859.444 23184.228 58.7592841133 59.5941283611 60.8557661643 14.6898210283 14.8985320903 15.2139415411
1463392 512 26398.252 28076.446 28296.784 52.9570218298 53.3726173177 56.7656300879 13.2392554574 13.3431543294 14.191407522
1609728 512 31274.128 31811.428 34731.157 47.4605977566 51.816645012 52.7068723387 11.8651494392 12.954161253 13.1767180847
1770696 512 36319.196 36695.563 38571.932 47.0080861908 49.4117695919 49.9238117496 11.7520215477 12.352942398 12.4809529374
1947760 512 41467.642 42213.476 46678.129 42.7289242891 47.2480930023 48.0978937746 10.6822310723 11.8120232506 12.0244734437
2142536 256 23513.432 23657.174 23720.918 46.2451930402 46.3698002137 46.6532674601 11.56129826 11.5924500534 11.663316865
2356784 256 25757.991 26386.326 26476.156 45.575853534 45.7310126465 46.8465653241 11.3939633835 11.4327531616 11.711641331
2592456 256 28694.412 28782.989 30290.431 43.8203560722 46.1153451436 46.2576989555 10.955089018 11.5288362859 11.5644247389
2851696 256 31324.937 31445.797 33124.192 44.0786103401 46.4312719439 46.6104162316 11.019652585 11.607817986 11.6526040579
3136864 256 34476.347 34951.014 36357.044 44.1750536155 45.9521537201 46.5848185134 11.0437634039 11.48803843 11.6462046283
3450544 256 38476.477 40026.769 40323.243 43.8129078061 44.1374253315 45.9158079364 10.9532269515 11.0343563329 11.4789519841
3795592 256 41730.184 42933.487 43911.364 44.2560405092 45.2640407242 46.569243596 11.0640101273 11.3160101811 11.642310899
4175144 256 45787.383 47606.548 49090.666 43.5454212008 44.9029349492 46.6869602047 10.8863553002 11.2257337373 11.6717400512
4592656 128 25300.871 27105.515 27205.6 43.2161002147 43.375672294 46.4695439141 10.8040250537 10.8439180735 11.6173859785
5051920 128 27792.418 28043.391 29289.409 44.1556031397 46.1175155316 46.5339690847 11.0389007849 11.5293788829 11.6334922712
5557112 128 30949.333 31041.545 32171.832 44.2194486158 45.8295704031 45.9661173312 11.0548621539 11.4573926008 11.4915293328
6112816 128 33552.737 33948.223 34014.935 46.0057000256 46.0961062969 46.6394409493 11.5014250064 11.5240265742 11.6598602373
6724096 128 36958.436 37074.742 37144.482 46.342511278 46.4296845545 46.5757960104 11.5856278195 11.6074211386 11.6439490026
7396504 128 40851.514 41284.936 42853.945 44.1850808368 45.8643080856 46.3509142892 11.0462702092 11.4660770214 11.5877285723
8136152 128 44989.803 45518.514 47210.456 44.1185086626 45.7584118849 46.2961554199 11.0296271656 11.4396029712 11.574038855
8949760 64 25147.916 25423.758 29166.059 39.2774793468 45.0590066189 45.5532490247 9.8193698367 11.2647516547 11.3883122562
9844736 64 27472.571 28812.859 33361.69 37.771653894 43.7348549132 45.8685212971 9.44291347351 10.9337137283 11.4671303243
10829208 64 30795.876 31764.582 32552.637 42.5814542767 43.6378676099 45.0105275135 10.6453635692 10.9094669025 11.2526318784
11912128 64 34594.232 34777.261 36325.218 41.9750373969 43.843371794 44.0753355646 10.4937593492 10.9608429485 11.0188338912
13103336 64 38681.269 38849.943 42033.137 39.902494263 43.1719296988 43.3601857271 9.97562356576 10.7929824247 10.8400464318
14413664 64 43543.711 43637.497 45146.52 40.8658074199 42.2789829582 42.3700449417 10.216451855 10.5697457395 10.5925112354
15855024 64 48301.67 48716.662 51328.619 39.5382363979 41.6580896286 42.0160021796 9.88455909948 10.4145224071 10.5040005449
17440520 32 27112.165 28066.335 33508.324 33.3109253689 39.7698267337 41.169463228 8.32773134222 9.94245668343 10.292365807
19184568 32 31081.674 31280.143 32881.321 37.3407246017 39.252133598 39.5027742714 9.33518115042 9.8130333995 9.87569356786
21103024 32 35377.434 35429.011 37618.578 35.9023016766 38.1211187634 38.1766957999 8.97557541915 9.53027969084 9.54417394998
23213320 32 40412.959 40572.039 42704.686 34.7889803007 36.6176439888 36.7617842584 8.69724507517 9.15441099719 9.19044606459
25534648 32 46620.169 47023.321 48851.947 33.4524532257 34.753340199 35.0538727562 8.36311330642 8.68833504975 8.76346818906
28088112 32 53656.075 56385.073 56847.33 31.6222269014 31.8814727437 33.5029941717 7.90555672536 7.97036818592 8.37574854292
30896920 32 62022.01 63898.164 65165.168 30.3444760551 30.9461611448 31.8822766305 7.58611901377 7.7365402862 7.97056915763
33986608 16 35382.338 36592.184 36915.168 29.4613708923 29.7214141687 30.7376933655 7.36534272308 7.43035354217 7.68442334139
37385264 16 40439.088 41462.492 42449.006 28.182719944 28.8532693115 29.5834675599 7.045679986 7.21331732786 7.39586688998
41123784 16 45357.21 46893.265 47474.74 27.7191847286 28.0629017408 29.0132723772 6.92979618214 7.0157254352 7.2533180943
45236160 16 51263.373 52986.369 58039.233 24.9410105058 27.3194247373 28.23764874 6.23525262644 6.82985618433 7.05941218499
49759776 16 59978.839 60044.85 71368.504 22.3111420691 26.5187244535 26.5479102055 5.57778551726 6.62968111337 6.63697755137
54735752 16 65067.44 66891.127 80576.727 21.737592593 26.1849985574 26.9189023573 5.43439814824 6.54624963936 6.72972558933
60209320 16 72934.862 75309.365 89603.482 21.50249295 25.5837801846 26.4166982314 5.3756232375 6.39594504614 6.60417455784
66230248 16 82821.27 83971.287 86878.657 24.3945752522 25.2391979654 25.589657536 6.09864381306 6.30979949134 6.39741438401
72853272 8 46969.817 47238.984 47274.847 24.6569248971 24.6756439978 24.8170511714 6.16423122427 6.16891099944 6.20426279285
80138592 8 52248.683 52267.288 52671.703 24.3435734744 24.5319304112 24.5406658767 6.08589336859 6.13298260281 6.13516646917
88152448 8 57986.741 58073.905 58494.09 24.1125072294 24.2869696467 24.3234771204 6.02812680734 6.07174241167 6.0808692801
96967688 8 64619.696 64652.244 65167.527 23.8076090873 23.9973574312 24.0094445508 5.95190227182 5.99933935781 6.00236113769
106664456 8 71642.601 72089.293 72190.152 23.640777152 23.6738525928 23.8214591902 5.910194288 5.9184631482 5.95536479755
117330896 8 77939.689 79646.816 80320.116 23.3726546909 23.5702370827 24.0865002169 5.84316367272 5.89255927067 6.02162505421
129063984 8 88302.914 88426.434 90557.393 22.8034804845 23.3530139189 23.385680613 5.70087012112 5.83825347972 5.84642015325
141970376 4 47758.721 48982.946 49244.777 23.0636237423 23.186906888 23.7812693518 5.76590593557 5.79672672199 5.94531733796
156167408 4 54412.1 54683.021 56119.057 22.2622996677 22.8469320303 22.9606882293 5.56557491691 5.71173300758 5.74017205732
171784144 4 58799.14 60539.624 60602.497 22.6768403949 22.7003912677 23.3723342212 5.66921009872 5.67509781693 5.8430835553
188962552 4 66087.807 66843.884 66916.429 22.5908710102 22.6153886569 22.8741198206 5.64771775254 5.65384716424 5.71852995515
207858800 4 72633.733 74138.918 74506.294 22.318522513 22.4291161088 22.8939134933 5.57963062825 5.60727902719 5.72347837333
228644680 4 81786.36 82139.779 82271.655 22.2331426297 22.2688380985 22.3650672313 5.55828565744 5.56720952463 5.59126680781
251509144 4 88902.723 91061.893 91178.289 22.0674589759 22.0956657688 22.6323006102 5.51686474397 5.52391644219 5.65807515255
276660056 2 49280.676 50326.954 50482.979 21.9210562831 21.9890165417 22.4558653376 5.48026407079 5.49725413543 5.61396633439
304326056 2 54792.864 55913.567 56273.0 21.6321188492 21.7711780756 22.2164737364 5.4080297123 5.4427945189 5.55411843411
334758656 2 60835.547 61897.521 62025.97 21.5882899373 21.6330897 22.0107271165 5.39707248432 5.408272425 5.50268177912
368234520 2 67283.731 68314.171 68388.614 21.5377676758 21.5612377116 21.8914447536 5.38444191894 5.39030942789 5.47286118839
405057968 2 74064.333 74153.523 75740.088 21.3919988052 21.849695152 21.8760070654 5.34799970129 5.46242378801 5.46900176634
445563760 2 82174.523 82594.062 83824.304 21.261793477 21.578488778 21.6886569576 5.31544836925 5.39462219451 5.4221642394
490120136 2 90159.064 90717.57 102268.82 19.1698754713 21.6108141345 21.7446860806 4.79246886783 5.40270353362 5.43617152015
539132144 1 60404.576 61172.336 104561.768 10.3122231828 17.6266652299 17.8507053505 2.57805579569 4.40666630746 4.46267633763
593045352 1 64538.2 65695.638 112666.897 10.527410762 18.0543296345 18.3781187576 2.6318526905 4.51358240862 4.59452968939
652349880 1 70656.48 71024.835 72952.323 17.8842798467 18.369627469 18.4653942568 4.47106996168 4.59240686726 4.61634856421
717584864 1 77616.313 79375.81 127925.537 11.2187899434 18.0806939545 18.4905681876 2.80469748585 4.52017348862 4.62264204691
789343344 1 85883.531 85919.425 89559.96 17.6271482033 18.3740369305 18.3817161407 4.40678705082 4.59350923263 4.59542903517
868277672 1 94208.071 94580.643 98051.95 17.7105640836 18.3605787497 18.4331907613 4.42764102091 4.59014468743 4.60829769033
955105432 1 103295.035 105320.162 110594.664 17.2721792798 18.137181217 18.4927655429 4.31804481996 4.53429530426 4.62319138572
1050615968 1 114034.688 114374.521 115563.508 18.182486603 18.3715037023 18.4262523347 4.54562165074 4.59287592557 4.60656308368

META_DATA
ERT_VERSION  1.1.0
TIMESTAMP_DATA  1560424387.6
MPI_PROCS      1
OPENMP_THREADS 1
CONFIG  {'ERT_WORKING_SET_MIN': ['1'], 'ERT_CFLAGS': ['-O3', '-march=native', '-fstrict-aliasing', '-ftree-vectorize'], 'ERT_CC': ['gcc'], 'ERT_MPI_CFLAGS': ['-I/usr/local/include'], 'ERT_MPI_LDFLAGS': ['-L/usr/local/lib', '-lmpi'], 'ERT_MEMORY_MAX': ['1073741824'], 'ERT_PROCS_THREADS': ['1-8'], 'ERT_LDFLAGS': [], 'ERT_LDLIBS': [], 'ERT_RUN': ['export', 'OMP_NUM_THREADS=ERT_OPENMP_THREADS;', 'mpirun', '-np', 'ERT_MPI_PROCS', 'ERT_CODE'], 'ERT_FLOPS': ['1,2,4,8,16'], 'ERT_OPENMP_CFLAGS': ['-fopenmp'], 'ERT_MPI': ['True'], 'ERT_TRIALS_MIN': ['1'], 'ERT_DRIVER': ['driver1'], 'ERT_RESULTS': ['Results.p100.01'], 'ERT_OPENMP': ['True'], 'ERT_MPI_PROCS': ['1,2,4,8'], 'ERT_KERNEL': ['kernel1'], 'ERT_GPU': [False], 'ERT_OPENMP_THREADS': ['1,2,4,8'], 'ERT_LD': ['gcc'], 'ERT_NUM_EXPERIMENTS': ['3'], 'ERT_OPENMP_LDFLAGS': ['-fopenmp'], 'ERT_ALIGN': ['32'], 'ERT_GNUPLOT': ['gnuplot']}
HOSTNAME  ('kcadmin-UniServer-R5200-G3', [], ['127.0.1.1'])
FLOPS          4
TIMESTAMP_DATA  1560424402.56
UNAME  ('Linux', 'kcadmin-UniServer-R5200-G3', '4.4.0-141-generic', '#167-Ubuntu SMP Wed Dec 5 10:40:15 UTC 2018', 'x86_64', 'x86_64')
TIMESTAMP_DATA  1560424417.4
