1024 1048576 495558.977 496094.942 496300.936 4.32697883931 4.32877553507 4.33345726275 0.540872354913 0.541096941883 0.541682157843
1120 524288 247313.976 247449.875 247488.022 4.74530084531 4.74603238333 4.74864032755 0.593162605663 0.593254047916 0.593580040944
1232 524288 247372.866 247416.019 247468.948 5.22023325529 5.22135000483 5.22226084408 0.652529156911 0.652668750603 0.65278260551
1352 524288 246052.027 246146.202 246280.909 5.75633230264 5.75948253713 5.76168694599 0.71954153783 0.719935317141 0.720210868249
1480 524288 246609.926 246818.066 246921.062 6.28497410237 6.28759679204 6.2929035549 0.785621762796 0.785949599005 0.786612944363
1624 524288 246277.094 246292.114 246331.215 6.91299892302 6.91409642129 6.91451809968 0.864124865377 0.864262052662 0.86431476246
1784 524288 245851.994 245896.101 245960.951 7.60551451925 7.60752031607 7.60888514087 0.950689314907 0.950940039509 0.951110642609
1960 524288 245647.907 245673.18 245736.837 8.36345492638 8.36562200237 8.36648268288 1.0454318658 1.0457027503 1.04581033536
2152 262144 122532.845 122571.945 122605.085 9.2024549879 9.20494307241 9.20788035241 1.15030687349 1.15061788405 1.15098504405
2360 262144 122409.821 122489.929 122534.99 10.0976845879 10.101399275 10.1080098794 1.26221057349 1.26267490938 1.26350123492
2592 262144 122281.075 122289.896 122345.924 11.1074766659 11.1125656367 11.1133672647 1.38843458324 1.38907070458 1.38917090809
2848 262144 122179.985 122204.065 122216.94 12.2173916644 12.2186788467 12.2210869808 1.52717395805 1.52733485584 1.5276358726
3128 262144 121978.998 122000.217 122030.973 13.4389886738 13.4423766148 13.4447149992 1.67987358423 1.68029707685 1.6805893749
3440 262144 121799.946 121814.966 121832.132 14.8035718525 14.8056579517 14.8074837406 1.85044648156 1.85070724397 1.85093546757
3784 262144 121634.007 121671.915 121733.189 16.297164383 16.3053716381 16.3104533093 2.03714554788 2.03817145477 2.03880666367
4160 131072 60826.063 60854.912 60876.131 17.913737652 17.9199838462 17.9284830583 2.23921720649 2.23999798077 2.24106038229
4576 131072 61261.892 61295.033 61324.12 19.5611603395 19.5704429101 19.5810299819 2.44514504244 2.44630536376 2.44762874774
5032 131072 61398.983 61424.017 61439.037 21.4702031869 21.4754532905 21.4842094046 2.68377539837 2.68443166132 2.68552617557
5528 131072 61434.031 61469.078 61474.085 23.5730557356 23.5749758928 23.5884249887 2.94663196695 2.94687198659 2.94855312359
6080 131072 61738.968 61753.988 61768.055 25.8035568709 25.8094346878 25.8157136673 3.22544460887 3.22617933598 3.22696420841
6688 131072 62793.97 62803.03 62820.911 27.9082083353 27.9161542365 27.9201820175 3.48852604191 3.48951927956 3.49002275218
7352 131072 64158.916 64190.865 64196.11 30.0217986417 30.0242517062 30.039202782 3.75272483021 3.75303146328 3.75490034776
8080 131072 66184.044 66193.104 66217.899 31.987174948 31.999156891 32.0035372876 3.9983968685 3.99989461138 4.00044216095
8888 65536 33108.95 33118.01 33124.924 35.1689240404 35.1762662068 35.1858919114 4.39611550505 4.39703327585 4.39823648893
9776 65536 33082.008 33091.784 33126.116 38.6812589801 38.7213899378 38.7328324206 4.83515737251 4.84017374222 4.84160405257
10752 65536 33074.141 33085.108 33104.897 42.5703225719 42.5957849072 42.6099091735 5.32129032149 5.3244731134 5.32623864668
11824 65536 33086.061 33091.068 33104.181 46.8156976305 46.8342492905 46.8413368397 5.85196220381 5.85428116131 5.85516710496
13000 65536 33086.777 33100.128 33112.049 51.4596967406 51.4782299331 51.4990021542 6.43246209258 6.43477874164 6.43737526928
14296 65536 33101.082 33104.897 33113.956 56.5865737093 56.6020583601 56.6085819189 7.07332171366 7.07525729502 7.07607273986
15720 65536 33107.996 33116.102 33119.917 62.2118660503 62.2190329043 62.2342663084 7.77648325628 7.77737911304 7.77928328854
17288 32768 16551.018 16553.879 16566.992 68.3881762 68.4423492524 68.4541801598 8.548522025 8.55529365655 8.55677251997
19016 32768 16543.865 16566.992 16576.052 75.1827139538 75.2238291658 75.3289860622 9.39783924423 9.40297864573 9.41612325778
20912 32768 16541.004 16548.157 16559.839 82.7597920487 82.8182154665 82.8540294168 10.3449740061 10.3522769333 10.3567536771
23000 32768 16540.051 16547.918 16559.124 91.0270374206 91.0886795547 91.1320043693 11.3783796776 11.3860849443 11.3915005462
25296 32768 16548.872 16550.064 16555.071 100.138420186 100.168715722 100.175930782 12.5173025232 12.5210894653 12.5219913478
27824 32768 16546.011 16556.025 16564.846 110.080930665 110.139581451 110.206240284 13.7601163331 13.7674476814 13.7757800354
30600 32768 16546.011 16556.025 16566.992 121.04802127 121.128205593 121.201514975 15.1310026588 15.1410256991 15.1501893719
33656 16384 8300.066 8301.973 8322.954 132.505815603 132.840688352 132.871209458 16.5632269504 16.605086044 16.6089011822
37016 16384 8294.106 8305.073 8310.08 145.960121684 146.048118782 146.241232991 18.2450152104 18.2560148478 18.2801541239
40712 16384 8294.106 8303.881 8311.987 160.497221182 160.653893764 160.843232049 20.0621526477 20.0817367205 20.1054040062
44776 16384 8298.874 8307.219 8314.848 176.457821959 176.61987339 176.797474935 22.0572277449 22.0774841737 22.0996843668
49248 16384 8305.073 8307.934 8311.033 194.170624037 194.243052966 194.309967414 24.2713280046 24.2803816207 24.2887459267
54168 16384 8302.927 8306.98 8308.887 213.623921471 213.672962256 213.777264813 26.7029901839 26.709120282 26.7221581016
59584 16384 8303.881 8306.98 8310.08 234.949424314 235.037102774 235.124818383 29.3686780392 29.3796378467 29.3906022979
65536 16384 8299.112 8301.973 8310.08 258.419130502 258.671480623 258.760653911 32.3023913127 32.3339350778 32.3450817389
72088 8192 4156.113 4160.881 4162.073 283.774405687 283.855700752 284.181347331 35.4718007108 35.481962594 35.5226684164
79296 8192 4153.013 4155.874 4165.173 311.916375142 312.614305439 312.829664631 38.9895468928 39.0767881798 39.1037080789
87224 8192 4158.02 4159.927 4161.119 343.435988252 343.534397599 343.691953382 42.9294985315 42.9417996999 42.9614941727
95944 8192 4155.874 4158.02 4162.073 377.683547598 378.051691911 378.246909314 47.2104434497 47.2564614889 47.2808636643
105536 8192 4160.881 4163.027 4163.98 415.252192374 415.347251891 415.561469794 51.9065240467 51.9184064864 51.9451837243
116088 8192 4156.113 4158.02 4160.881 457.11131657 457.425840184 457.635726459 57.1389145712 57.1782300229 57.2044658074
127696 8192 4154.921 4158.02 4162.073 502.675292817 503.165271932 503.540564068 62.8344116021 62.8956589915 62.9425705086
140464 4096 2084.017 2084.97 2088.07 551.074000393 551.89335482 552.145730097 68.8842500491 68.9866693526 69.0182162622
154504 4096 2085.924 2085.924 2088.07 606.156291695 606.779905692 606.779905692 75.7695364619 75.8474882115 75.8474882115
169952 4096 2084.97 2087.116 2088.07 666.762505088 667.067275609 667.753868881 83.3453131361 83.3834094511 83.4692336101
186944 4096 2087.116 2088.07 2089.024 733.091265586 733.426201229 733.761443063 91.6364081983 91.6782751536 91.7201803829
205632 4096 2088.07 2089.977 2089.977 806.007599127 806.007599127 806.743712615 100.750949891 100.750949891 100.842964077
226192 4096 2089.024 2089.977 2090.931 886.191301387 886.595816126 887.000275727 110.773912673 110.824477016 110.875034466
248808 4096 2515.078 2519.846 2523.184 807.802814222 808.872897788 810.406331732 100.975351778 101.109112224 101.300791467
273688 2048 1265.049 1271.963 1277.208 877.716118283 881.335422493 886.152273944 109.714514785 110.166927812 110.769034243
301056 2048 1271.009 1271.963 1279.831 963.506412956 969.466388566 970.194055274 120.43830162 121.183298571 121.274256909
331160 2048 1271.963 1281.977 1284.122 1056.31035057 1058.07776583 1066.40787507 132.038793822 132.259720728 133.300984384
364272 2048 1276.016 1286.03 1292.944 1154.00056924 1160.20474795 1169.30987699 144.250071155 145.025593493 146.163734624
400696 2048 1286.03 1293.898 1296.043 1266.35521815 1268.45455824 1276.21503075 158.294402269 158.55681978 159.526878844
440760 2048 1305.103 1312.971 1319.17 1368.55216538 1375.0135837 1383.30304964 171.069020672 171.876697962 172.912881206
484832 2048 1787.901 1791.0 1794.1 1106.89029151 1108.80618202 1110.72809512 138.361286439 138.600772753 138.84101189
533312 1024 900.984 902.176 902.891 1209.6952744 1210.65399213 1212.2556849 151.2119093 151.331749016 151.531960612
586640 1024 902.891 904.083 912.905 1316.06105783 1328.90312062 1330.65754338 164.507632229 166.112890078 166.332192923
645304 1024 900.984 902.891 905.991 1458.71492322 1463.72329772 1466.82137752 182.339365402 182.965412215 183.35267219
709832 1024 1061.916 1064.062 1065.016 1364.98976166 1366.21356274 1368.97451022 170.623720207 170.776695343 171.121813778
780808 1024 1066.923 1066.923 1068.115 1497.11855371 1498.79118174 1498.79118174 187.139819214 187.348897718 187.348897718
858888 1024 1077.89 1078.129 1079.082 1630.09171129 1631.53261252 1631.89437141 203.761463911 203.941576565 203.986796426
944776 1024 1437.187 1439.095 1441.002 1342.74709404 1344.52641973 1346.31140415 167.843386754 168.065802466 168.288925519
1039248 1024 1436.949 1438.141 1439.095 1478.97109225 1479.95217715 1481.17984981 184.871386531 184.994022144 185.147481226
1143168 512 725.031 725.985 725.985 1612.43556272 1612.43556272 1614.55721479 201.55444534 201.55444534 201.819651849
1257480 512 808.954 809.908 812.054 1585.68213444 1589.88369049 1591.75864141 198.210266805 198.735461312 198.969830176
1383224 512 968.933 970.84 972.033 1457.1741659 1458.96478925 1461.83624255 182.146770737 182.370598657 182.729530318
1521544 512 993.967 995.159 996.113 1564.14087157 1565.64032079 1567.51789144 195.517608946 195.705040099 195.93973643
1673696 512 1078.844 1080.036 1083.851 1581.27335215 1586.85886767 1588.61216636 197.659169019 198.357358458 198.576520794
1841064 512 1224.995 1225.948 1230.955 1531.53408207 1537.78915256 1538.98549463 191.441760259 192.22364407 192.373186829
2025168 512 1267.91 1268.148 1269.102 1634.04677638 1635.27603403 1635.58299248 204.255847048 204.409504253 204.44787406
2227680 256 684.023 684.977 684.977 1665.12475601 1665.12475601 1667.44708877 208.140594502 208.140594502 208.430886096
2450448 256 773.907 775.099 777.006 1614.69715292 1618.66984217 1621.16297695 201.837144115 202.333730272 202.645372118
2695488 256 820.875 820.875 821.114 1680.75304525 1681.2424011 1681.2424011 210.094130657 210.155300137 210.155300137
2965032 256 910.997 911.951 914.097 1660.76071139 1664.66880786 1666.41205624 207.595088924 208.083600983 208.30150703
3261528 256 1044.989 1046.896 1047.134 1594.73604715 1595.09859241 1598.00948718 199.342005894 199.387324051 199.751185898
3587680 256 1373.053 1374.96 1378.059 1332.9561071 1335.96043521 1337.81591825 166.619513388 166.995054402 167.226989781
3946448 256 1646.042 1648.903 1652.956 1222.40481658 1225.40948497 1227.53937992 152.800602073 153.176185622 153.44242249
4341088 128 1278.877 1281.023 1291.037 860.795258385 867.524258347 868.979994167 107.599407298 108.440532293 108.622499271
4775192 128 1836.061 1841.068 1846.075 662.188238289 663.98913674 665.799857412 82.7735297862 82.9986420925 83.2249821765
5252704 128 2192.974 2196.074 2210.14 608.419477499 612.31644471 613.182018574 76.0524346874 76.5395555887 76.6477523217
5777968 128 2584.934 2585.173 2598.047 569.335276844 572.170530947 572.223433171 71.1669096056 71.5213163684 71.5279291464
6355760 128 2918.959 2928.019 2933.979 554.562442335 555.691257468 557.416037704 69.3203052919 69.4614071835 69.677004713
6991336 128 3257.99 3262.997 3278.017 545.995342916 548.508630563 549.351598992 68.2494178645 68.5635788203 68.668949874
7690464 128 3638.029 3639.936 3653.049 538.935772282 540.877307733 541.16082747 67.3669715353 67.6096634666 67.6451034338
8459504 64 2032.042 2033.949 2036.095 531.810407668 532.371515707 532.871127664 66.4763009585 66.5464394633 66.608890958
9305448 64 2253.056 2255.917 2269.03 524.936798544 527.988105945 528.658561527 65.617099818 65.9985132432 66.0823201909
10235992 64 2483.845 2485.037 2490.044 526.178242633 527.238417778 527.491440086 65.7722803292 65.9048022223 65.9364300107
11259584 64 2726.078 2737.045 2748.966 524.279584396 526.563045913 528.681406768 65.5349480496 65.8203807391 66.085175846
12385536 64 3004.074 3009.081 3011.942 526.354295003 526.854746682 527.732874756 65.7942868754 65.8568433352 65.9666093445
13624088 64 3319.025 3324.032 3332.853 523.240378138 524.628903693 525.420346035 65.4050472673 65.5786129616 65.6775432544
14986496 64 3648.996 3651.857 3656.149 524.669943156 525.286583785 525.698435405 65.5837428945 65.6608229731 65.7123044257
16485144 64 4024.029 4029.989 4035.95 522.825711914 523.599054985 524.374558931 65.3532139893 65.4498818731 65.5468198664
18133656 32 2219.915 2228.022 2233.028 519.722092155 520.889822452 522.792081679 64.9652615193 65.1112278065 65.3490102099
19947016 32 2446.89 2449.989 2454.996 520.004523022 521.067247241 521.727181851 65.0005653777 65.1334059051 65.2158977314
21941712 32 2684.116 2686.977 2696.037 520.864353123 522.620613425 523.177674884 65.1080441403 65.3275766782 65.3972093605
24135880 32 2968.073 2974.987 2978.086 518.687613454 519.227922677 520.437442071 64.8359516817 64.9034903346 65.0546802589
26549464 32 3257.99 3264.189 3273.964 518.993396384 520.547583489 521.538032959 64.874174548 65.0684479361 65.1922541199
29204408 32 3591.061 3598.928 3606.081 518.313956897 519.344124695 520.481860932 64.7892446121 64.9180155869 65.0602326165
32124848 32 3940.821 3950.834 3961.086 519.047117886 520.393990737 521.716229182 64.8808897358 65.0492488421 65.2145286477
35337328 16 2177.0 2181.053 2185.822 517.331464319 518.462639835 519.42788057 64.6664330398 64.8078299794 64.9284850712
38871056 16 2392.054 2396.822 2413.988 515.277537419 518.967946723 520.002387906 64.4096921774 64.8709933403 65.0002984882
42758160 16 2631.903 2638.102 2644.062 517.484506793 518.653607783 519.875208167 64.6855633491 64.8317009729 64.9844010209
47033976 16 2897.978 2904.892 2910.852 517.060720366 518.121579735 519.357714931 64.6325900458 64.7651974669 64.9197143664
51737368 16 3180.981 3196.955 3203.154 516.864245678 517.866462306 520.467043343 64.6080307097 64.7333077882 65.0583804179
56911104 16 3496.17 3498.077 3512.859 518.425398799 520.616135094 520.90010726 64.8031748499 65.0770168867 65.1125134075
62602208 16 3870.01 3879.07 3899.813 513.683773042 516.430653739 517.639658812 64.2104716303 64.5538317174 64.7049573515
68862424 8 2115.965 2120.972 2123.117 518.953399177 519.478231679 520.707471059 64.8691748971 64.9347789598 65.0884338824
75748664 8 2323.151 2330.065 2333.879 519.297968746 520.147989005 521.696017177 64.9122460933 65.0184986256 65.2120021471
83323528 8 2559.9 2564.907 2569.914 518.763058997 519.775745475 520.792393453 64.8453823747 64.9719681844 65.0990491816
91655880 8 2810.955 2819.061 2830.982 518.016038251 520.206579425 521.706708218 64.7520047814 65.0258224281 65.2133385273
100821464 8 3103.971 3106.117 3119.946 517.042097523 519.344063343 519.703123515 64.6302621904 64.9180079179 64.9628904394
110903608 8 3409.147 3411.055 3418.207 519.119447125 520.207891107 520.499036269 64.8899308907 65.0259863884 65.0623795336
121993968 8 3751.04 3760.099 3771.067 517.599790192 519.10960004 520.363282716 64.699973774 64.888700005 65.0454103395
134193360 8 4138.947 4143.0 4155.159 516.729626953 518.246140478 518.753625016 64.5912033691 64.7807675597 64.844203127
147612696 4 2267.838 2269.983 2273.083 519.515375373 520.224851023 520.716897768 64.9394219217 65.0281063779 65.089612221
162373960 4 2491.951 2496.958 2506.971 518.151857361 520.229687484 521.27496889 64.7689821701 65.0287109355 65.1593711112
178611352 4 2748.013 2751.827 2758.026 518.084606889 519.251688424 519.972364032 64.7605758611 64.906461053 64.996545504
196472480 4 3019.094 3029.823 3036.022 517.710293272 518.769525481 520.613084588 64.713786659 64.8461906851 65.0766355735
216119728 4 3319.025 3327.131 3336.191 518.243057427 519.654267896 520.923410941 64.7803821784 64.956783487 65.1154263677
237731696 4 3663.063 3667.831 3681.898 516.541622826 518.522682206 519.197613582 64.5677028533 64.8153352758 64.8997016977
261504864 4 4016.876 4021.883 4044.056 517.312053048 520.164040575 520.812420398 64.664006631 65.0205050719 65.1015525498
287655344 2 2201.796 2208.948 2213.955 519.713081793 520.891110157 522.583098525 64.9641352241 65.1113887697 65.3228873156
316420872 2 2426.863 2435.923 2438.068 519.133792823 519.590926314 521.530670664 64.8917241029 64.9488657893 65.191333833
348062952 2 2673.864 2676.01 2681.017 519.299880605 520.271526639 520.689088151 64.9124850756 65.0339408298 65.0861360189
382869240 2 2943.039 2945.9 2950.907 518.985166256 519.867259581 520.372635225 64.873145782 64.9834074476 65.0465794031
421156160 2 3240.108 3244.877 3251.076 518.174487462 519.164405924 519.928545592 64.7718109327 64.8955507404 64.991068199
463271776 2 3562.212 3565.788 3594.16 515.582807666 519.685159073 520.20685574 64.4478509582 64.9606448841 65.0258569675
509598952 2 3921.032 3927.946 3935.814 517.909588207 518.947003854 519.862068966 64.7386985259 64.8683754817 64.9827586207
560558840 1 2150.059 2154.112 2158.165 519.477278151 520.454683879 521.435774553 64.9346597688 65.0568354849 65.1794718191
616614720 1 2362.967 2366.066 2373.934 519.487668992 521.215147845 521.898714624 64.935958624 65.1518934806 65.2373393281
678276192 1 2607.822 2610.922 2614.021 518.952366488 519.568330268 520.185957477 64.869045811 64.9460412835 65.0232446846
746103808 1 2866.983 2871.99 2877.951 518.496533124 519.572706033 520.480106091 64.8120666405 64.9465882541 65.0600132613
820714184 1 3154.039 3165.007 3182.888 515.704092635 518.61761064 520.421075326 64.4630115794 64.82720133 65.0526344157
902785600 1 3473.043 3480.911 3493.071 516.900801616 518.706511025 519.881613905 64.6126002019 64.8383138782 64.9852017381
993064160 1 3827.095 3839.016 3846.169 516.391328618 517.353488498 518.964990417 64.5489160773 64.6691860623 64.8706238021

META_DATA
ERT_VERSION  1.1.0
TIMESTAMP_DATA  1560474556.88
HOSTNAME  ce1
UNAME  ('Linux', 'ce1', '3.10.0-514.el7.x86_64', '#1 SMP Tue Nov 22 16:42:41 UTC 2016', 'x86_64', 'x86_64')
FLOPS          2
GPU_BLOCKS     112
GPU_THREADS    1024
TIMESTAMP_DATA  1560474594.0
TIMESTAMP_DATA  1560474630.99
TIMESTAMP_DATA  1560474612.46
TIMESTAMP_DATA  1560474575.5
CONFIG  {'ERT_WORKING_SET_MIN': ['128'], 'ERT_CFLAGS': ['-O3'], 'ERT_CC': ['nvcc'], 'ERT_BLOCKS_THREADS': ['114688'], 'ERT_GPU_THREADS': ['64,128,256,512,1024'], 'ERT_GPU_LDFLAGS': [], 'ERT_MEMORY_MAX': ['1073741824'], 'ERT_LDFLAGS': [], 'ERT_LDLIBS': [], 'ERT_RUN': ['./ERT_CODE'], 'ERT_FLOPS': ['1,2,4,8,16,32,64,128,256,512,1024'], 'ERT_MPI': [False], 'ERT_TRIALS_MIN': ['1'], 'ERT_DRIVER': ['driver1'], 'ERT_RESULTS': ['Results.summitdev.ornl.gov.01'], 'ERT_GPU': ['True'], 'ERT_GPU_CFLAGS': ['-x', 'cu'], 'ERT_KERNEL': ['kernel1'], 'ERT_OPENMP': [False], 'ERT_LD': ['nvcc'], 'ERT_NUM_EXPERIMENTS': ['5'], 'ERT_ALIGN': ['32'], 'ERT_GNUPLOT': ['gnuplot'], 'ERT_GPU_BLOCKS': ['56,112,448,896,1792']}
