32 33554432 145881.595 152307.073 156032.831 13.7630243215 14.0996974448 14.7207305212 3.44075608037 3.52492436119 3.6801826303
64 16777216 72979.57 73122.962 75969.829 28.267585649 29.3681162423 29.4258194177 7.06689641226 7.34202906058 7.35645485442
96 8388608 35965.021 36522.437 38020.661 42.3615132835 44.0992679651 44.7827553333 10.5903783209 11.0248169913 11.1956888333
128 8388608 36611.37 36684.51 37419.402 57.3895768831 58.5392485275 58.6561947286 14.3473942208 14.6348121319 14.6640486821
160 4194304 18165.945 18219.196 18273.081 73.4510660791 73.6683045728 73.8842532002 18.3627665198 18.4170761432 18.4710633
192 4194304 20697.114 21240.739 21327.05 75.519714916 75.8265866362 77.8182279906 18.879928729 18.956646659 19.4545569977
224 4194304 24012.186 25164.534 27443.126 68.4706323908 74.6704942758 78.253941228 17.1176580977 18.6676235689 19.563485307
256 4194304 26194.691 28996.126 31369.581 68.4575177463 74.0610538111 81.9816369661 17.1143794366 18.5152634528 20.4954092415
288 2097152 14541.827 15956.987 17245.104 70.0465217258 75.7009798905 83.067935824 17.5116304315 18.9252449726 20.766983956
320 2097152 15938.092 16968.943 18013.456 74.5097043011 79.0961039824 84.2119169597 18.6274260753 19.7740259956 21.0529792399
352 2097152 17182.299 18084.567 20106.497 73.428753303 81.638394107 85.9253472425 18.3571883257 20.4095985267 21.4813368106
384 2097152 18605.571 19075.71 20674.412 77.9036780345 84.4326494794 86.5661546211 19.4759195086 21.1081623698 21.6415386553
416 2097152 20358.776 21404.143 21843.18 79.8798739011 81.5183520312 85.704094588 19.9699684753 20.3795880078 21.426023647
448 2097152 11211.138 11786.075 11884.566 158.108271854 159.429512539 167.605482334 39.5270679636 39.8573781348 41.9013705834
480 2097152 13112.74 13593.24 14133.702 142.44434473 148.107877151 153.535105554 35.6110861825 37.0269692877 38.3837763885
512 2097152 14305.789 14686.488 17107.113 125.531622314 146.221727618 150.112912192 31.3829055785 36.5554319045 37.5282280481
544 1048576 7763.586 8112.701 8283.707 137.722240538 140.625260071 146.948934165 34.4305601345 35.1563150176 36.7372335413
576 1048576 8687.157 8866.303 10851.525 111.317031661 136.241627655 139.051193849 27.8292579154 34.0604069137 34.7627984621
608 1048576 9836.575 9849.047 10312.732 123.640216385 129.461095678 129.625242119 30.9100540962 32.3652739194 32.4063105298
640 1048576 9867.85 9912.075 10492.714 127.915168564 135.408305526 136.015168451 31.9787921409 33.8520763816 34.0037921128
704 1048576 6408.919 6688.361 6881.259 214.553035716 220.740927112 230.365683823 53.6382589291 55.185231778 57.5914209557
768 1048576 7852.774 7969.2 8281.987 194.471777848 202.104695076 205.101119171 48.6179444619 50.526173769 51.2752797928
832 1048576 9758.634 9861.447 10152.839 171.856410212 176.934527357 178.798637596 42.964102553 44.2336318392 44.6996593991
896 1048576 10525.67 10549.543 11284.337 166.518262615 178.116548935 178.520530475 41.6295656537 44.5291372337 44.6301326186
960 1048576 7397.555 7438.135 7787.504 258.52518599 270.668106992 272.152882946 64.6312964976 67.667026748 68.0382207364
1056 524288 4765.291 4982.378 5057.739 218.931078887 222.242522747 232.36697528 54.7327697218 55.5606306868 58.0917438201
1152 524288 5697.628 5742.975 5843.111 206.732261633 210.336898907 212.010954734 51.6830654081 52.5842247267 53.0027386835
1248 524288 4244.324 4373.359 4480.399 292.077301151 299.226029237 308.323032832 73.0193252878 74.8065073094 77.0807582079
1344 524288 5338.559 5578.574 5636.586 250.024774571 252.624800531 263.982498648 62.5061936427 63.1562001329 65.995624662
1472 524288 4275.96 4371.359 4518.556 341.592285677 353.09474056 360.972476824 85.3980714193 88.27368514 90.243119206
1600 524288 5632.889 5827.247 6035.399 277.980229642 287.909814017 297.843895024 69.4950574105 71.9774535042 74.4609737561
1760 524288 5218.268 5293.583 5392.286 342.247009895 348.62847338 353.660210629 85.5617524738 87.157118345 88.4150526573
1920 524288 6648.674 7064.181 7160.72 281.15411858 284.996366882 302.807134174 70.2885296451 71.2490917206 75.7017835436
2112 262144 3354.584 3488.856 3501.685 316.218122418 317.380899642 330.084521956 79.0545306046 79.3452249104 82.5211304889
2304 262144 3119.016 3148.509 3330.862 362.656739307 383.660822313 387.288667965 90.6641848266 95.9152055783 96.8221669911
2528 262144 3082.262 3256.964 3502.801 378.382918128 406.943418472 430.008890873 94.5957295319 101.735854618 107.502222718
2752 262144 3656.295 3712.46 4244.878 339.901541576 388.64811365 394.618206682 84.9753853939 97.1620284124 98.6545516705
3008 262144 3631.651 3803.541 4352.85 362.304766762 414.628974421 434.253815689 90.5761916905 103.657243605 108.563453922
3296 262144 4075.879 4536.619 4693.276 368.197661506 380.912139194 423.970693929 92.0494153764 95.2280347986 105.992673482
3616 262144 4549.326 4619.189 4705.41 402.903340623 410.423866181 416.726655333 100.725835156 102.605966545 104.181663833
3968 262144 5001.632 5111.715 5513.932 377.294240118 406.981763263 415.939194247 94.3235600294 101.745440816 103.984798562
4352 131072 2537.548 2648.593 2740.733 416.257507754 430.738391289 449.587825728 104.064376939 107.684597822 112.396956432
4768 131072 2752.454 2824.945 2975.476 420.068114144 442.452009508 454.104806838 105.017028536 110.613002377 113.526201709
5216 131072 4093.106 4612.606 5076.657 269.339272675 296.436136969 334.060027764 67.3348181687 74.1090342422 83.5150069409
5728 131072 3424.242 3450.391 3530.836 425.270624861 435.185702722 438.508969868 106.317656215 108.79642568 109.627242467
6272 131072 3497.361 4224.957 4317.026 380.856443301 389.155953067 470.116515853 95.2141108254 97.2889882666 117.529128963
6880 131072 3347.815 3637.378 3906.476 461.68227323 495.838133953 538.724726426 115.420568308 123.959533488 134.681181607
7552 131072 4052.607 4161.863 6136.334 322.621208037 475.679158108 488.503200039 80.6553020093 118.919789527 122.12580001
8288 65536 2777.652 3221.276 3763.901 288.616713351 337.234293491 391.094613724 72.1541783378 84.3085733728 97.773653431
9088 65536 2340.496 3196.896 3432.218 347.059055107 372.60590773 508.944401529 86.7647637767 93.1514769326 127.236100382
9984 65536 2896.69 3667.31 4113.099 318.159822557 356.834532123 451.764893033 79.5399556393 89.2086330308 112.941223258
10976 65536 3348.518 3493.863 3552.288 404.991451144 411.763790395 429.636714511 101.247862786 102.940947599 107.409178628
12064 65536 2942.222 3092.016 3350.528 471.941320293 511.39858526 537.434839383 117.985330073 127.849646315 134.358709846
13248 65536 2911.302 3232.502 3512.937 494.299173597 537.181989679 596.448549824 123.574793399 134.29549742 149.112137456
14560 65536 3452.255 3716.575 3789.871 503.554954773 513.48575503 552.800508653 125.888738693 128.371438757 138.200127163
16000 65536 3854.516 4099.801 4363.537 480.608277184 511.525315497 544.076610397 120.152069296 127.881328874 136.019152599
17600 32768 2078.273 2333.748 2387.861 483.04051199 494.240852054 554.996191549 120.760127997 123.560213014 138.749047887
19360 32768 2581.82 2671.202 2933.34 432.536616962 474.983531758 491.427349699 108.134154241 118.74588294 122.856837425
21280 32768 2490.759 2789.181 3034.804 459.53744624 500.005585869 559.912091053 114.88436156 125.001396467 139.978022763
23392 32768 2654.115 2829.021 3099.743 494.562972479 541.889972538 577.600485284 123.64074312 135.472493135 144.400121321
25728 32768 3016.054 3036.48 3317.685 508.218896007 555.284476763 559.045099325 127.054724002 138.821119191 139.761274831
28288 32768 3409.837 3423.695 3915.704 473.448035909 541.485841467 543.686507009 118.362008977 135.371460367 135.921626752
31104 32768 3657.653 3659.591 4180.865 487.562201602 557.010809131 557.305940175 121.8905504 139.252702283 139.326485044
34208 16384 1989.012 2108.288 2395.739 467.883915568 531.676765224 563.56007103 116.970978892 132.919191306 140.890017758
37600 16384 2052.989 2070.404 2752.166 447.67532191 595.090040398 600.13804263 111.918830478 148.772510099 150.034510657
41344 16384 2271.118 2788.456 2928.587 462.5985815 485.845999363 596.516866143 115.649645375 121.461499841 149.129216536
45472 16384 2508.537 2594.425 3270.149 455.644833309 574.318585428 593.982267752 113.911208327 143.579646357 148.495566938
50016 16384 2715.923 2819.53 3241.97 505.533452808 581.275704816 603.450203853 126.383363202 145.318926204 150.862550963
55008 16384 3043.326 3149.703 3469.852 519.475223727 572.27686039 592.280335396 129.868805932 143.069215097 148.070083849
60480 16384 3096.428 3321.717 3801.867 521.272480074 596.621759169 640.030590086 130.318120018 149.155439792 160.007647522
66528 8192 1758.752 1761.678 2187.604 498.259626514 618.725301673 619.754662397 124.564906628 154.681325418 154.938665599
73152 8192 1993.361 1994.978 2577.002 465.083988293 600.769716759 601.2570568 116.270997073 150.19242919 150.3142642
80448 8192 2111.274 2125.273 2577.115 511.44789115 620.183869084 624.296056315 127.861972787 155.045967271 156.074014079
88480 8192 2512.035 2526.359 2832.273 511.834953763 573.812478749 577.084443489 127.958738441 143.453119687 144.271110872
97312 8192 2460.164 2785.221 3023.475 527.326936059 572.435655196 648.070538387 131.831734015 143.108913799 162.017634597
107040 8192 2781.741 2858.55 2937.713 596.975729079 613.508023299 630.448111453 149.24393227 153.377005825 157.612027863
117728 8192 2942.329 3021.002 3094.13 623.391891097 638.482050657 655.554002289 155.847972774 159.620512664 163.888500572
129472 8192 3202.156 3393.071 3394.264 624.957059321 625.17679353 662.450314101 156.23926483 156.294198383 165.612578525
142400 4096 2324.691 2558.729 2583.366 451.558470615 455.906350379 501.804669954 112.889617654 113.976587595 125.451167488
156640 4096 3208.333 3448.057 3498.082 366.828130387 372.150135569 399.956887268 91.7070325967 93.0375338923 99.9892218171
172288 4096 3623.917 3701.339 3798.23 371.589739431 381.316949353 389.463471708 92.8974348578 95.3292373382 97.3658679269
189504 4096 4009.953 4548.265 4575.547 339.285503569 341.320650402 387.140888684 84.8213758923 85.3301626005 96.7852221709
208448 4096 4316.117 4507.668 4513.386 378.342560552 378.822490033 395.634783765 94.585640138 94.7056225081 98.9086959413
229280 4096 4596.816 4974.722 5393.44 348.249310273 377.561150151 408.600596587 87.0623275683 94.3902875377 102.150149147
252192 4096 5248.336 5303.558 5825.345 354.649701262 389.541674476 393.640358392 88.6624253156 97.385418619 98.4100895979
277408 2048 2882.043 3075.9 3131.5 362.849486827 369.408357879 394.256146768 90.7123717068 92.3520894697 98.564036692
305120 2048 3328.112 3449.493 4000.189 312.428117771 362.305857701 375.519670011 78.1070294429 90.5764644254 93.8799175028
335616 2048 3497.406 4049.4 4628.003 297.035921541 339.478227886 393.057922357 74.2589803853 84.8695569714 98.2644805893
369152 2048 4054.219 4167.297 5145.087 293.881637376 362.836292206 372.956318344 73.4704093439 90.7090730514 93.239079586
406048 2048 4325.724 4388.727 5054.988 329.016133767 378.964699331 384.484217671 82.2540334418 94.7411748327 96.1210544177
446624 2048 4635.237 4648.557 6631.17 275.874680335 393.53543562 394.666314581 68.9686700839 98.383858905 98.6665786453
491264 2048 5168.069 5254.947 7004.308 287.282818517 382.918675298 389.355742735 71.8207046292 95.7296688244 97.3389356837
540384 1024 2991.964 3493.731 3498.631 316.3255662 316.769216634 369.892963953 79.08139155 79.1923041585 92.4732409882
594400 1024 3140.33 3214.899 3900.465 312.098993325 378.653015227 387.644355848 78.0247483313 94.6632538067 96.911088962
653824 1024 3340.008 3349.84 4705.094 284.591881055 399.730002627 400.906690044 71.1479702637 99.9325006567 100.226672511
719200 1024 3897.684 4534.66 5143.309 286.376260886 324.814120574 377.896617581 71.5940652214 81.2035301434 94.4741543953
791104 1024 4552.813 4565.67 5580.237 290.342684728 354.86160673 355.863724691 72.5856711821 88.7154016826 88.9659311727
870208 1024 4610.293 5017.033 6599.053 270.066929906 355.227080228 386.56675053 67.5167324766 88.8067700571 96.6416876324
957216 1024 5102.74 5732.428 7334.928 267.266204658 341.980460636 384.181511894 66.8165511645 85.4951151589 96.0453779734
1052928 512 2833.191 3209.937 3900.623 276.41693955 335.89390446 380.559684116 69.1042348876 83.973476115 95.139921029
1158208 512 3337.544 3473.583 4025.963 294.589143517 341.435627708 355.352616175 73.6472858792 85.3589069269 88.8381540438
1274016 512 3375.535 3679.399 4757.032 274.245030094 354.566706139 386.484626585 68.5612575236 88.6416765347 96.6211566463
1401408 512 3548.723 4035.265 4638.178 309.397740233 355.625167616 404.382588328 77.3494350583 88.906291904 101.095647082
1541536 512 3914.547 4113.863 5978.367 264.040809806 383.710605822 403.247901737 66.0102024516 95.9276514556 100.811975434
1695680 512 4362.545 5052.138 5601.848 309.964911579 343.691387686 398.019119574 77.4912278948 85.9228469214 99.5047798934
1865248 512 4880.693 4965.475 6068.849 314.724250348 384.658859827 391.340728048 78.681062587 96.1647149568 97.8351820121
2051744 512 5616.122 6427.179 7462.556 281.537030476 326.890826597 374.099041296 70.384257619 81.7227066494 93.5247603239
2256896 256 3018.619 3072.903 4072.79 283.719698781 376.038798491 382.801125945 70.9299246954 94.0096996228 95.7002814863
2482560 256 3235.023 3394.102 4310.287 294.892363316 374.493966298 392.909330166 73.723090829 93.6234915745 98.2273325414
2730816 256 3558.978 3771.069 5542.709 252.2553127 370.764309006 392.85935232 63.063828175 92.6910772516 98.2148380799
3003872 256 4013.8 4618.191 5309.016 289.692565251 333.027036777 383.173666849 72.4231413128 83.2567591942 95.7934167123
3304256 256 4382.028 4500.184 5021.097 336.934154429 375.935533303 386.072172976 84.2335386072 93.9838833257 96.5180432439
3634656 256 4860.578 5555.74 7116.773 261.487035205 334.958776329 382.864727611 65.3717588014 83.7396940822 95.7161819026
3998112 256 6059.601 6564.846 9384.426 218.130905822 311.817420241 337.816523563 54.5327264555 77.9543550603 84.4541308908
4397920 128 3659.925 3962.57 5082.449 221.520672416 284.125585163 307.620380199 55.380168104 71.0313962908 76.9050950498
4837696 128 4510.309 5042.017 5642.951 219.468532688 245.625942158 274.58211311 54.867133172 61.4064855394 68.6455282776
5321440 128 6036.759 6187.354 6462.2 210.808801956 220.173056205 225.665566573 52.702200489 55.0432640512 56.4163916433
5853568 128 7120.69 7330.495 7953.541 188.408333848 204.421858005 210.444972046 47.1020834619 51.1054645014 52.6112430116
6438912 128 8318.929 8823.488 9060.993 181.918413578 186.815176946 198.145875749 45.4796033945 46.7037942365 49.5364689373
7082784 128 9839.984 10311.627 10355.04 175.102433598 175.839632679 184.267850842 43.7756083994 43.9599081697 46.0669627105
7791040 128 11252.481 11472.717 12086.073 165.025169052 173.847767708 177.250353944 41.256292263 43.4619419271 44.312588486
8570144 64 6098.803 6400.344 6613.468 165.870377236 171.39366759 179.867825211 41.4675943091 42.8484168976 44.9669563027
9427136 64 6630.75 6645.503 7063.734 170.826563967 181.577437855 181.981436187 42.7066409919 45.3943594638 45.4953590469
10369824 64 7391.645 7410.004 8102.355 163.821194208 179.127767272 179.572675906 40.9552985521 44.7819418181 44.8931689766
11406784 64 8093.061 8178.979 9424.898 154.916090551 178.514745178 180.409903249 38.7290226377 44.6286862945 45.1024758123
12547456 64 8869.311 8873.359 9599.204 167.313286393 180.999593052 181.082202214 41.8283215983 45.2498982629 45.2705505535
13802176 64 10006.752 10199.623 10315.81 171.259312453 173.210179239 176.548647153 42.8148281134 43.3025448097 44.1371617884
15182368 64 10719.803 11426.167 12714.862 152.840282812 170.078303949 181.285337426 38.2100707031 42.5195759873 45.3213343566
16700576 64 11863.311 11934.857 12853.141 166.315278732 179.111800669 180.19199935 41.5788196831 44.7779501673 45.0479998375
18370624 32 6541.959 6579.851 7024.112 167.383426688 178.684887545 179.719857003 41.845856672 44.6712218863 44.9299642508
20207680 32 7227.825 7551.817 7825.162 165.27344993 171.25567529 178.932323348 41.3183624825 42.8139188225 44.7330808369
22228448 32 8414.525 8662.293 8856.521 160.62974073 164.231419094 169.067258342 40.1574351825 41.0578547736 42.2668145855
24451264 32 9250.232 9604.969 9856.052 158.773603873 162.924096475 169.172070063 39.6934009683 40.7310241189 42.2930175157
26896384 32 10586.071 11197.377 12062.936 142.698972787 153.729625786 162.606936606 35.6747431968 38.4324064466 40.6517341514
29586016 32 11624.287 12204.222 13643.642 138.782960151 155.151637196 162.89214332 34.6957400377 38.7879092989 40.7230358301
32544608 32 13132.233 13691.886 15366.046 135.549178494 152.123302224 158.606301914 33.8872946235 38.0308255561 39.6515754784
35799040 16 7810.239 8038.918 8498.992 134.788840841 142.502918925 146.67531685 33.6972102103 35.6257297313 36.6688292125
39378944 16 8769.941 9219.877 9992.812 126.103263826 136.674947833 143.686965283 31.5258159565 34.1687369582 35.9217413207
43316832 16 10226.041 10661.35 11062.493 125.300745863 130.015300501 135.549879372 31.3251864657 32.5038251253 33.8874698429
47648512 16 11906.808 12439.239 13209.836 115.42553473 122.576018035 128.057190811 28.8563836826 30.6440045086 32.0142977026
52413344 16 14730.257 14973.782 15764.77 106.390832724 112.01091401 113.862711832 26.597708181 28.0027285024 28.465677958
57654656 16 17202.424 17409.006 20104.036 91.7700799979 105.976699187 107.249361602 22.9425199995 26.4941747967 26.8123404004
63420096 16 20529.682 20673.605 20904.17 97.0831691476 98.1659014961 98.8540919436 24.2707922869 24.541475374 24.7135229859
69762080 8 11912.173 11912.575 12304.438 90.714690098 93.6987410363 93.7019030869 22.6786725245 23.4246852591 23.4254757717
76738272 8 13864.319 13919.61 14108.048 87.0292156647 88.2073816723 88.5591533201 21.7573039162 22.0518454181 22.13978833
84412096 8 15892.373 16041.681 16064.646 84.0724119287 84.1927685758 84.9837551636 21.0181029822 21.048192144 21.2459387909
92853280 8 18198.282 18218.093 18433.921 80.5934060366 81.5481883861 81.6369633134 20.1483515092 20.3870470965 20.4092408283
102138592 8 20758.187 20828.932 20923.518 78.1043356093 78.4590142212 78.7264066944 19.5260839023 19.6147535553 19.6816016736
112352448 8 23520.97 23601.181 23773.493 75.6152731952 76.167339592 76.4270847673 18.9038182988 19.041834898 19.1067711918
123587680 8 26560.62 26778.152 27046.546 73.1111055733 73.8438888539 74.4486717554 18.2777763933 18.4609722135 18.6121679389
135946432 4 14933.544 15165.224 15219.416 71.4594736092 71.7148296656 72.8274183275 17.8648684023 17.9287074164 18.2068545819
149541056 4 16846.389 16986.012 17042.093 70.198446165 70.4302132837 71.0139394264 17.5496115413 17.6075533209 17.7534848566
164495136 4 18810.237 18987.701 22561.394 58.3280043777 69.3059727452 69.9598355938 14.5820010944 17.3264931863 17.4899588984
180944640 4 21092.56 21176.327 27335.619 52.9549786306 68.3573275007 68.6288018145 13.2387446577 17.0893318752 17.1572004536
199039104 4 23481.226 23776.768 29080.21 54.7558917903 66.9692715175 67.8121675589 13.6889729476 16.7423178794 16.9530418897
218943008 4 26282.519 26519.751 26608.799 65.8257467389 66.0467763819 66.6429296218 16.4564366847 16.5116940955 16.6607324054
240837280 4 29307.316 29520.697 29620.204 65.0467579494 65.2660145524 65.7412040052 16.2616894874 16.3165036381 16.4353010013
264920992 4 32607.548 32784.126 32955.021 64.3109265808 64.6461624751 64.9962375582 16.0777316452 16.1615406188 16.2490593896
291413088 2 18181.798 18223.671 18324.239 63.6125926976 63.9636411347 64.1109505232 15.9031481744 15.9909102837 16.0277376308
320554368 2 20202.123 20287.14 20370.855 62.9437238643 63.2034615032 63.4694418997 15.7359309661 15.8008653758 15.8673604749
352609792 2 22384.556 22412.994 22570.783 62.4895985221 62.9295295399 63.0094770698 15.6223996305 15.732382385 15.7523692675
387870752 2 24965.616 25255.142 34796.082 44.5878650361 61.4323612989 62.1447917808 11.146966259 15.3580903247 15.5361979452
426657824 2 27629.788 27913.909 27919.77 61.126266298 61.1391007974 61.7678027787 15.2815665745 15.2847751993 15.4419506947
469323584 2 31376.343 36686.811 44005.846 42.660112386 51.170823651 59.8315213471 10.6650280965 12.7927059128 14.9578803368
516255936 2 34031.116 34328.624 50383.024 40.986498627 60.1545737458 60.6804591422 10.2466246567 15.0386434365 15.1701147855
567881504 1 21420.127 21585.188 22976.965 49.4305060742 52.6177028433 53.0231687235 12.3576265186 13.1544257108 13.2557921809
624669632 1 23831.95 23842.688 25463.996 49.0629696926 52.399262365 52.4228719849 12.2657424231 13.0998155913 13.1057179962
687136576 1 26090.697 26441.971 27720.342 49.5763418792 51.9731737093 52.6729183203 12.3940854698 12.9932934273 13.1682295801
755850208 1 29068.249 29211.828 31784.232 47.5613321725 51.7496000593 52.0052107714 11.8903330431 12.9374000148 13.0013026928
831435200 1 32059.906 32746.861 35330.679 47.0659055265 50.7795357851 51.8676006099 11.7664763816 12.6948839463 12.9669001525
914578720 1 35524.307 35879.106 39349.35 46.4850738322 50.9811320271 51.49030606 11.6212684581 12.7452830068 12.872576515
1006036576 1 38890.545 39094.893 43004.078 46.787961644 51.4663936284 51.7368206591 11.696990411 12.8665984071 12.9342051648

META_DATA
ERT_VERSION  1.1.0
TIMESTAMP_DATA  1560424511.16
HOSTNAME  ('kcadmin-UniServer-R5200-G3', [], ['127.0.1.1'])
CONFIG  {'ERT_WORKING_SET_MIN': ['1'], 'ERT_CFLAGS': ['-O3', '-march=native', '-fstrict-aliasing', '-ftree-vectorize'], 'ERT_CC': ['gcc'], 'ERT_MPI_CFLAGS': ['-I/usr/local/include'], 'ERT_MPI_LDFLAGS': ['-L/usr/local/lib', '-lmpi'], 'ERT_MEMORY_MAX': ['1073741824'], 'ERT_PROCS_THREADS': ['1-8'], 'ERT_LDFLAGS': [], 'ERT_LDLIBS': [], 'ERT_RUN': ['export', 'OMP_NUM_THREADS=ERT_OPENMP_THREADS;', 'mpirun', '-np', 'ERT_MPI_PROCS', 'ERT_CODE'], 'ERT_FLOPS': ['1,2,4,8,16'], 'ERT_OPENMP_CFLAGS': ['-fopenmp'], 'ERT_MPI': ['True'], 'ERT_TRIALS_MIN': ['1'], 'ERT_DRIVER': ['driver1'], 'ERT_RESULTS': ['Results.p100.01'], 'ERT_OPENMP': ['True'], 'ERT_MPI_PROCS': ['1,2,4,8'], 'ERT_KERNEL': ['kernel1'], 'ERT_GPU': [False], 'ERT_OPENMP_THREADS': ['1,2,4,8'], 'ERT_LD': ['gcc'], 'ERT_NUM_EXPERIMENTS': ['3'], 'ERT_OPENMP_LDFLAGS': ['-fopenmp'], 'ERT_ALIGN': ['32'], 'ERT_GNUPLOT': ['gnuplot']}
OPENMP_THREADS 2
FLOPS          4
MPI_PROCS      2
TIMESTAMP_DATA  1560424502.36
TIMESTAMP_DATA  1560424506.66
UNAME  ('Linux', 'kcadmin-UniServer-R5200-G3', '4.4.0-141-generic', '#167-Ubuntu SMP Wed Dec 5 10:40:15 UTC 2018', 'x86_64', 'x86_64')
