8 134217728 385955.789 386532.213 407579.93 5.26886504937 5.55576890043 5.56406642731 0.329304065585 0.347235556277 0.347754151707
16 67108864 191148.183 196196.564 203671.673 10.5438503861 10.9455721559 11.2346537346 0.658990649132 0.684098259743 0.702165858412
24 33554432 95195.528 95377.042 95809.33 16.8106043117 16.8867968877 16.9189957747 1.05066276948 1.05542480548 1.05743723592
32 33554432 95610.532 95764.452 95766.665 22.4241248038 22.424642998 22.4607436344 1.40150780024 1.40154018738 1.40379647715
40 16777216 47567.843 47689.941 47722.76 28.1244689117 28.1438234533 28.2160635285 1.75777930698 1.75898896583 1.76350397053
48 16777216 53001.644 53464.634 54777.614 29.4027544902 30.1248248702 30.3879769465 1.83767215564 1.88280155439 1.89924855916
56 16777216 58476.608 58746.644 61706.411 30.451425736 31.9856261406 32.1333308526 1.9032141085 1.99910163379 2.00833317829
64 16777216 69062.674 69145.603 69340.107 30.9702961376 31.0574144245 31.0947075116 1.9356435086 1.94108840153 1.94341921948
72 8388608 36990.171 37161.132 37170.308 32.4979699388 32.5059944891 32.656230543 2.03112312118 2.03162465557 2.04101440894
80 8388608 39883.716 40111.673 40421.169 33.2048110731 33.4610147026 33.6522624923 2.07530069207 2.09131341891 2.10326640577
88 8388608 42246.664 42612.071 44470.634 33.1993244801 34.6473422519 34.9470199114 2.07495778 2.16545889074 2.18418874447
96 8388608 47572.844 47679.242 50539.593 31.8683360984 33.7801665555 33.8557168455 1.99177100615 2.11126040972 2.11598230284
104 8388608 50192.499 51670.881 51681.76 33.7610496237 33.7681578141 34.7627732981 2.11006560148 2.11050986338 2.17267333113
112 8388608 30516.332 31448.335 32079.922 58.5739638644 59.7503235704 61.5751654557 3.66087274152 3.73439522315 3.84844784098
120 8388608 34025.839 34252.457 34766.095 57.9088885306 58.777270197 59.1687370295 3.61930553316 3.67357938731 3.69804606435
128 8388608 38190.043 38309.976 39588.321 54.2453833291 56.055468372 56.2315064165 3.39033645807 3.50346677325 3.51446915103
136 4194304 20685.984 20803.893 21109.304 54.0449219927 54.8383270381 55.1509025628 3.37780762454 3.42739543988 3.44693141018
144 4194304 21892.567 22008.621 22036.557 54.8161653384 54.8857446362 55.1766977349 3.42601033365 3.43035903976 3.44854360843
152 4194304 23848.184 23939.078 25820.957 49.381144781 53.2630544919 53.4660591347 3.08632154881 3.32894090574 3.34162869592
160 4194304 25877.006 26109.994 27694.895 48.4629849653 51.4047333753 51.8675645861 3.02893656033 3.21279583595 3.24172278663
176 4194304 17736.144 18169.264 18224.984 81.0093994047 81.2578323481 83.2421640239 5.06308746279 5.07861452175 5.2026352515
192 4194304 20447.859 20686.95 20896.873 77.0743419841 77.8564619724 78.7668154402 4.81714637401 4.86602887328 4.92292596501
208 4194304 24750.07 24787.408 25136.528 69.4141396139 70.3918079696 70.4980011774 4.33838372587 4.3994879981 4.40612507359
224 4194304 27370.722 27464.938 27572.686 68.1488989502 68.4162546444 68.6517583277 4.25930618439 4.27601591527 4.29073489548
240 4194304 19343.987 19414.083 19745.405 101.961237057 103.701314144 104.077092277 6.37257731609 6.481332134 6.5048182673
264 2097152 12307.337 12412.388 12462.126 88.8529177124 89.20896253 89.9704181335 5.55330735703 5.57556015813 5.62315113334
288 2097152 15018.264 15253.953 15259.69 79.1601632799 79.1899353564 80.4327019421 4.94751020499 4.94937095978 5.02704387138
312 2097152 11625.945 11628.552 11866.432 110.279387098 112.535322369 112.560557271 6.89246169362 7.03345764804 7.03503482943
336 2097152 14341.308 14350.655 14454.076 97.5009501818 98.2036111941 98.2676157572 6.09380938636 6.13772569963 6.14172598483
368 2097152 11735.678 11851.036 12005.931 128.561781006 130.242104741 131.522343404 8.0351113129 8.14013154631 8.22014646278
400 2097152 15030.847 15239.849 16087.908 104.284634149 110.087809925 111.618566805 6.5177896343 6.88048812032 6.97616042529
440 2097152 13733.143 14086.821 14854.56 124.23752437 131.008533437 134.382476029 7.7648452731 8.18803333981 8.39890475181
480 2097152 17931.217 17978.475 18989.467 106.020138427 111.982018497 112.27714884 6.6262586517 6.99887615607 7.01732180253
528 1048576 8583.552 8819.523 9333.939 118.631186255 125.550583178 129.002102626 7.41444914093 7.84691144861 8.06263141413
576 1048576 8471.092 9070.277 9662.16 125.019617974 133.177801736 142.597855389 7.81372612335 8.32361260852 8.91236596179
632 1048576 9089.567 9197.299 9718.844 136.374250271 144.10753244 145.815533787 8.52339064193 9.00672077748 9.1134708617
688 1048576 9372.487 9796.728 10968.872 131.539558124 147.277802956 153.944260045 8.22122238276 9.20486268477 9.62151625284
752 1048576 9931.952 9987.912 10240.535 154.00155402 157.896695926 158.786339684 9.62509712627 9.86854349538 9.92414623027
824 1048576 11084.309 11380.318 11768.791 146.833540336 151.84577865 155.900854803 9.17709627098 9.49036116565 9.74380342518
904 1048576 12147.958 12744.881 12928.866 146.635088336 148.751911297 156.061241568 9.16469302103 9.29699445605 9.75382759802
992 1048576 14376.989 14809.667 14837.917 140.206660005 140.474109512 144.701702422 8.76291625031 8.77963184452 9.04385640136
1088 524288 7275.202 7299.276 7372.251 154.749300858 156.296417343 156.813609849 9.67183130363 9.76852608396 9.80085061556
1192 524288 8386.169 8389.992 8969.357 139.352530176 148.975421192 149.043334567 8.70953313599 9.31096382452 9.31520841042
1304 524288 8905.9 8933.4 8986.893 152.14859062 153.059652988 153.532276805 9.50928691373 9.56622831173 9.59576730033
1432 524288 9631.464 9896.964 10218.681 146.942724996 151.719338577 155.90161911 9.18392031222 9.48245866106 9.74385119438
1568 524288 10774.247 11013.583 11030.994 149.049774481 149.285402217 152.601584872 9.31561090506 9.33033763853 9.53759905449
1720 524288 10819.738 10823.204 10926.59 165.06071153 166.637413468 166.690794176 10.3162944706 10.4148383418 10.418174636
1888 524288 12352.456 12375.526 13122.508 150.863804998 159.969886371 160.268653295 9.42898781239 9.99811789818 10.0167908309
2072 262144 6755.218 6774.653 6991.791 155.371454324 160.351347294 160.812683765 9.71071589525 10.0219592059 10.0507927353
2272 262144 7366.579 7457.024 7906.589 150.656918679 159.739640908 161.700883952 9.41605741743 9.98372755673 10.106305247
2496 262144 7729.377 7751.777 7755.463 168.73561875 168.815853191 169.305087331 10.5459761719 10.5509908244 10.5815679582
2744 262144 8420.187 8422.978 8863.336 162.314310549 170.800193471 170.856807812 10.1446444093 10.6750120919 10.6785504882
3016 262144 9529.343 9741.555 9759.181 162.027183224 162.320349061 165.93511305 10.1266989515 10.1450218163 10.3709445656
3312 262144 10109.904 10331.03 10338.144 167.964564626 168.080225883 171.756512821 10.4977852891 10.5050141177 10.7347820513
3640 262144 10941.097 11612.987 13402.059 142.396651141 164.333975402 174.425683275 8.89979069634 10.2708734626 10.9016052047
4000 262144 12366.566 13152.742 13825.001 151.692719588 159.445992326 169.582404687 9.48079497426 9.96537452039 10.5989002929
4400 131072 6691.356 6711.019 8114.009 142.153354772 171.871603999 172.376660276 8.88458467325 10.74197525 10.7735412673
4840 131072 8193.413 8203.144 9643.657 131.565956773 154.669594975 154.853290076 8.22287229834 9.66684968593 9.67833062974
5320 131072 8437.671 8632.871 8747.8 159.423635657 161.546034917 165.283296777 9.96397722856 10.0966271823 10.3302060486
5848 131072 8816.259 8843.665 9540.579 160.683970229 173.34647027 173.885330728 10.0427481393 10.8341543919 10.8678331705
6432 131072 10646.224 10977.698 11239.992 150.009911751 153.594151342 158.376360295 9.37561948443 9.59963445888 9.89852251841
7072 131072 11314.806 11334.304 11339.299 163.491796803 163.563847238 163.845705176 10.2182373002 10.2227404523 10.2403565735
7776 131072 12304.919 12335.29 12774.165 159.574558807 165.252032502 165.659907554 9.97340992542 10.3282520314 10.3537442221
8552 65536 6826.044 7247.832 7250.471 154.600679597 154.656971078 164.213378056 9.66254247483 9.66606069236 10.2633361285
9400 65536 7389.649 7870.549 7965.414 154.678313017 156.54267574 166.730084203 9.66739456355 9.78391723373 10.4206302627
10336 65536 8287.965 8538.689 8895.119 152.303773789 158.66138139 163.461138168 9.5189858618 9.91633633688 10.2163211355
11368 65536 8794.533 8814.627 9163.775 162.599637813 169.040220987 169.426448909 10.1624773633 10.5650138117 10.5891530568
12504 65536 9610.694 10061.723 10085.504 162.502963461 162.887041116 170.53131522 10.1564352163 10.1804400698 10.6582072013
13752 65536 10470.912 10471.693 10472.898 172.11111423 172.130919422 172.143758251 10.7569446394 10.7581824639 10.7589848907
15120 65536 11445.919 11446.524 11910.374 166.393485209 173.136284867 173.145436378 10.3995928255 10.8210178042 10.8215897736
16632 32768 6355.746 6359.584 6690.652 162.913084106 171.39403332 171.49753184 10.1820677566 10.7121270825 10.71859574
18288 32768 6946.489 6947.232 7411.035 161.721320706 172.517970898 172.536423508 10.1075825441 10.7823731811 10.7835264693
20112 32768 7592.805 7593.387 7611.312 173.171199919 173.579989009 173.593294178 10.823199995 10.8487493131 10.8495808861
22120 32768 8305.824 8307.091 8771.296 165.272762429 174.508298994 174.534919112 10.3295476518 10.9067686871 10.9084324445
24328 32768 9075.773 9144.201 9542.092 167.087029553 174.357476175 175.672067602 10.4429393471 10.897342261 10.9795042251
26760 32768 9937.821 9939.464 10305.073 170.182526606 176.442448003 176.471618879 10.6364079129 11.0276530002 11.0294761799
29432 32768 10905.853 10988.107 11471.622 168.141484439 175.540295703 176.864253718 10.5088427774 10.9712684815 11.0540158574
32368 32768 12155.688 12492.455 14457.159 146.727946203 169.804033555 174.508365796 9.17049663769 10.6127520972 10.9067728622
35600 16384 8163.858 8429.944 8615.302 135.403355564 138.380610832 142.890873408 8.46270972277 8.648788177 8.93067958801
39160 16384 12128.989 12613.393 14119.406 90.8816475707 101.732728061 105.795699872 5.68010297317 6.35829550383 6.61223124203
43072 16384 13820.636 15285.794 16141.339 87.4390467854 92.3330051419 102.121443326 5.46494042409 5.77081282137 6.38259020786
47376 16384 14654.138 17729.347 17742.045 87.499314087 87.5619822885 105.937092172 5.46870713044 5.47262389303 6.62106826072
52112 16384 16128.944 16393.57 16772.803 101.808029105 104.163157628 105.872152324 6.36300181908 6.51019735177 6.61700952028
57320 16384 17884.794 17887.493 18487.917 101.594017325 105.004192594 105.020038811 6.34962608281 6.56276203714 6.56375242566
63048 16384 19423.878 19926.87 20002.092 103.287039376 103.676937924 106.361709232 6.45543996098 6.47980862022 6.64760682702
69352 8192 10759.117 10782.315 11139.96 101.998855292 105.382115807 105.60933281 6.37492845576 6.58638223795 6.60058330066
76280 8192 11857.195 11918.303 12331.074 101.351392425 104.86153272 105.401953835 6.33446202658 6.55384579499 6.58762211467
83904 8192 13000.848 13246.234 13454.351 102.173871932 103.779167422 105.737959247 6.38586699574 6.48619796389 6.60862245294
92288 8192 14278.968 14783.963 17114.13 88.3507716723 102.276134755 105.893268477 5.52192322952 6.39225842218 6.61832927982
101512 8192 15711.842 15748.846 15914.639 104.505833151 105.60599856 105.854718244 6.53161457197 6.60037491001 6.61591989023
111656 8192 17215.164 17425.926 17494.407 104.56895761 104.979896276 106.26514531 6.53555985064 6.56124351727 6.64157158189
122816 8192 19143.805 19448.943 20001.695 100.602341152 103.461527138 105.110626858 6.28764632197 6.46634544613 6.56941417863
135096 4096 10547.189 10758.81 11123.431 99.4932617463 102.865133969 104.929041473 6.21832885914 6.42907087308 6.55806509204
148600 4096 11516.093 11545.735 12211.051 99.6909438835 105.435574262 105.706961554 6.23068399272 6.58972339136 6.60668509711
163456 4096 12640.259 12644.11 13192.245 101.501416325 105.901605728 105.933869868 6.34383852028 6.61885035799 6.62086686673
179800 4096 14044.28 14739.699 15269.69 96.4604782415 99.9288791447 104.876974825 6.0287798901 6.24555494654 6.55481092658
197776 4096 15323.655 16240.241 16709.534 96.9614707388 99.7633589304 105.730714506 6.06009192118 6.23520993315 6.60816965665
217552 4096 16777.674 16810.742 17283.677 103.11382144 106.014712735 106.223662708 6.44461383998 6.62591954597 6.63897891925
239304 4096 18409.179 18933.982 19310.57 101.51841028 103.537563731 106.489179555 6.3449006425 6.47109773317 6.65557372222
263232 2048 10266.564 10323.255 10726.407 100.51812056 104.443634493 105.020362411 6.28238253499 6.52772715582 6.56377265071
289552 2048 11248.775 11271.057 11471.71 103.385196453 105.225711484 105.434146563 6.4615747783 6.57660696774 6.58963416016
318504 2048 12319.593 12483.337 12856.381 101.47430945 104.506702334 105.895737302 6.34214434062 6.5316688959 6.6184835814
350352 2048 13547.11 13596.254 14057.19 102.08596398 105.546850772 105.929736453 6.38037274875 6.59667817327 6.62060852831
385384 2048 15073.268 15284.384 15462.188 102.089876543 103.277493159 104.723996415 6.38061728392 6.45484332244 6.54524977596
423920 2048 16325.065 16862.112 16863.999 102.963497567 102.975019974 106.362597637 6.43521859791 6.43593874836 6.64766235234
466312 2048 17959.868 17976.882 18427.899 103.647949883 106.248344513 106.34899722 6.47799686768 6.64052153204 6.64681232624
512936 2048 19759.907 20176.293 20199.853 104.009957696 104.131410859 106.325695561 6.50062235601 6.5082131787 6.64535597258
564224 1024 10957.081 10959.733 11402.382 101.341171696 105.434206472 105.459725268 6.33382323097 6.5896379045 6.59123282925
620640 1024 12013.916 12094.357 12483.804 101.817580603 105.096179979 105.79986742 6.36359878768 6.56851124868 6.61249171378
682704 1024 13230.598 13464.675 13664.355 102.322999659 103.840441154 105.67759613 6.39518747866 6.49002757215 6.60484975811
750968 1024 14528.345 14761.801 15208.002 101.129817316 104.186641183 105.860816494 6.32061358224 6.51166507393 6.61630103085
826064 1024 15981.48 16023.477 16586.824 101.995359208 105.581271281 105.858723472 6.3747099505 6.59882945506 6.61617021703
908664 1024 17722.75 19657.791 21204.899 87.7600912883 94.6669883712 105.00311024 5.48500570552 5.9166867732 6.56269438998
999528 1024 19607.799 20589.433 23698.144 86.3794795069 99.4215500738 104.398935546 5.39871746918 6.21384687961 6.52493347163
1099480 512 12044.574 12068.815 12988.996 86.6785639167 93.2873293691 93.4750801481 5.41741024479 5.83045808557 5.84219250926
1209424 512 16982.901 17131.903 17288.434 71.6346070442 72.289119078 72.9233583826 4.47716294026 4.51806994238 4.55770989892
1330360 512 21711.417 22120.514 22559.586 60.3862429036 61.5848546738 62.7452662348 3.77414018147 3.84905341711 3.92157913968
1463392 512 27842.085 28252.446 28560.824 52.4674430962 53.0401299767 53.8218818023 3.27921519351 3.31500812354 3.36386761264
1609728 512 33497.651 33976.854 34414.118 47.8978270488 48.5142465515 49.2082705143 2.99361419055 3.03214040947 3.07551690714
1770696 512 38082.192 38119.365 38433.739 47.1771092581 47.5661833297 47.6126138958 2.94856932863 2.9728864581 2.97578836848
1947760 512 42365.619 42802.409 42954.602 46.4328883783 46.597990314 47.0784161091 2.90205552364 2.91237439463 2.94240100682
2142536 256 23711.055 24510.998 24778.951 44.2705759417 44.754539656 46.2644294824 2.76691099635 2.7971587285 2.89152684265
2356784 256 25766.24 25949.915 27357.313 44.1078920287 46.5000909637 46.8315675085 2.7567432518 2.90625568523 2.92697296928
2592456 256 28563.065 28691.08 28801.993 46.0849175264 46.2630710311 46.4704145721 2.8803073454 2.89144193945 2.90440091076
2851696 256 31127.031 31317.976 31440.057 46.4397488847 46.6207762596 46.9067657625 2.90248430529 2.91379851623 2.93167286016
3136864 256 34312.357 34596.364 35631.953 45.0739920992 46.4232127977 46.8074626293 2.8171245062 2.90145079986 2.92546641433
3450544 256 37636.246 37829.183 38044.32 46.4373795615 46.7014719298 46.9408805543 2.9023362226 2.91884199561 2.93380503465
3795592 256 41383.116 41577.229 41909.878 46.3695719658 46.7405633021 46.95980612 2.89809824786 2.92128520638 2.9349878825
4175144 256 46143.303 46291.529 46730.829 45.7443998693 46.178507692 46.3268467799 2.85902499183 2.88615673075 2.89542792374
4592656 128 25299.148 25300.381 25461.696 46.1760259804 46.4704439036 46.4727087252 2.88600162377 2.90440274397 2.90454429533
5051920 128 27509.534 27866.809 28138.2 45.9621269306 46.4097457301 47.0124837447 2.87263293317 2.90060910813 2.93828023405
5557112 128 30530.231 30618.285 30633.915 46.4394012975 46.4631076496 46.597114578 2.9024625811 2.9039442281 2.91231966113
6112816 128 33468.623 33574.816 33699.235 46.4366890228 46.6087705738 46.7566561074 2.90229306392 2.91304816086 2.92229100671
6724096 128 36784.012 37081.185 37101.15 46.3966366541 46.4216172164 46.7966511103 2.89978979088 2.90135107602 2.92479069439
7396504 128 40530.259 40984.641 41305.065 45.8419572515 46.2003564701 46.7183055504 2.86512232822 2.88752227938 2.9198940969
8136152 128 45264.335 45886.23 46796.918 44.5083779235 45.391720174 46.0153653423 2.78177362022 2.83698251088 2.87596033389
8949760 64 25685.946 26001.453 26864.199 42.6429717856 44.0578947646 44.5990690785 2.6651857366 2.75361842279 2.7874418174
9844736 64 27002.309 28839.091 29295.687 43.0140521368 43.6950737456 46.6673501144 2.68837825855 2.7309421091 2.91670938215
10829208 64 29874.492 31704.677 32633.152 42.476394067 43.720320002 46.3987345458 2.65477462919 2.73252000012 2.89992090912
11912128 64 33410.418 34719.93 35905.763 42.4653943157 43.9157678025 45.6370340533 2.65408714473 2.74473548766 2.85231462833
13103336 64 37673.625 38125.326 39461.131 42.5032675318 43.9924633825 44.519926288 2.65645422074 2.7495289614 2.782495393
14413664 64 40922.943 42463.465 43157.02 42.7496845704 43.4479143895 45.0834875683 2.67185528565 2.71549464934 2.81771797302
15855024 64 46951.185 47736.736 49449.95 41.0403462895 42.5132349225 43.2245335661 2.5650216431 2.65707718265 2.70153334788
17440520 32 26047.694 27511.491 29507.662 37.827235516 40.5718933954 42.851903896 2.36420221975 2.53574333721 2.6782439935
19184568 32 29328.305 31358.425 32543.485 37.7283610529 39.1541460389 41.8644156899 2.35802256581 2.44713412743 2.61652598062
21103024 32 34346.778 36670.729 37156.199 36.3490769333 36.8302887025 39.3222775074 2.27181730833 2.3018930439 2.45764234421
23213320 32 39673.093 42629.212 42639.097 34.8424939674 34.850573358 37.447357079 2.17765587297 2.17816083488 2.34045981744
25534648 32 46072.299 47056.01 49081.798 33.2957947466 34.7291976519 35.4707168401 2.08098717166 2.17057485324 2.2169198025
28088112 32 52952.071 53014.77 56532.353 31.7984140515 33.9082706197 33.9484204121 1.98740087822 2.11926691373 2.12177627576
30896920 32 61345.116 62233.086 66742.367 29.6274011379 31.7741414912 32.2340719023 1.85171257112 1.9858838432 2.01462949389
33986608 16 35462.658 35596.311 36927.41 29.4516039982 30.552926004 30.6680750213 1.84072524989 1.90955787525 1.91675468883
37385264 16 40651.598 41903.632 42015.254 28.4736693012 28.5495168533 29.4288172386 1.77960433132 1.78434480333 1.83930107741
41123784 16 45945.981 46131.232 47382.656 27.7730545118 28.5264674483 28.6414841812 1.73581590699 1.78290421552 1.79009276132
45236160 16 51859.253 52207.933 53606.925 27.0031739369 27.7267655856 27.9131887997 1.68769837106 1.7329228491 1.74457429998
49759776 16 58611.716 59075.686 59197.232 26.8984338997 26.9537764149 27.1671423509 1.68115211873 1.68461102593 1.69794639693
54735752 16 65746.744 65852.657 66127.857 26.4872346309 26.5979254869 26.6407727202 1.65545216443 1.66237034293 1.66504829502
60209320 16 74216.859 74316.685 74688.474 25.7964601071 25.9255137659 25.9603850926 1.61227875669 1.62034461037 1.62252406828
66230248 16 83181.218 83760.347 84937.951 24.9519550572 25.3027597414 25.4789240523 1.55949719107 1.58142248384 1.59243275327
72853272 8 46628.233 46680.271 46952.867 24.8260101348 24.9709851085 24.9988532055 1.55162563343 1.56068656928 1.56242832535
80138592 8 52162.717 52163.479 52343.33 24.4962915428 24.5807506819 24.5811097608 1.53101822142 1.53629691762 1.53631936005
88152448 8 58047.128 58087.262 58183.55 24.2412016455 24.2813849274 24.2981731672 1.51507510284 1.51758655796 1.51863582295
96967688 8 64668.669 64746.684 65346.342 23.7424614832 23.9623547053 23.9912624149 1.4839038427 1.49764716908 1.49945390093
106664456 8 72431.674 92580.989 96918.3 17.6089685436 18.4339281146 23.561947443 1.10056053398 1.15212050716 1.47262171519
117330896 8 79828.148 80202.454 80286.135 23.3825471359 23.4069438324 23.5166965918 1.461409196 1.46293398953 1.46979353699
129063984 8 88669.373 88756.563 88774.634 23.2614165889 23.2661526562 23.2890306329 1.45383853681 1.45413454101 1.45556441456
141970376 4 49257.56 49645.667 50489.576 22.4949999184 22.877384405 23.0576384214 1.4059374949 1.42983652531 1.44110240134
156167408 4 54580.668 54611.342 54701.22 22.8393308961 22.8769193037 22.8897759917 1.42745818101 1.42980745648 1.43061099948
171784144 4 60367.97 60505.666 61344.581 22.4025191728 22.7131315603 22.7649389569 1.4001574483 1.41957072252 1.4228086848
188962552 4 66908.215 66972.256 67379.781 22.435519878 22.5720396219 22.5936443828 1.40221999237 1.41075247637 1.41210277393
207858800 4 74165.738 74384.396 74469.334 22.3295994563 22.3550971631 22.4210052356 1.39559996602 1.3971935727 1.40131282722
228644680 4 81833.081 82852.408 82867.913 22.0731688995 22.0772996724 22.3522983327 1.37957305622 1.37983122953 1.3970186458
251509144 4 90251.562 90350.622 92267.659 21.8069166792 22.2696104073 22.2940535035 1.36293229245 1.39185065046 1.39337834397
276660056 2 50156.197 50383.813 51670.617 21.4172055271 21.9642015581 22.0638782482 1.33857534544 1.37276259738 1.37899239051
304326056 2 54973.559 55197.469 55575.081 21.9037777741 22.0536239442 22.1434494354 1.36898611088 1.37835149652 1.38396558971
334758656 2 61287.966 62221.086 62322.866 21.4854468342 21.5205922957 21.8482470768 1.34284042714 1.34503701848 1.3655154423
368234520 2 67095.671 67275.504 67925.082 21.6847449665 21.8941218188 21.9528034827 1.35529656041 1.36838261368 1.37205021767
405057968 2 73965.713 74232.46 74293.351 21.8085716984 21.8264607154 21.9051747936 1.36303573115 1.36415379471 1.3690734246
445563760 2 81701.789 81724.5 81753.087 21.8004616755 21.8080874156 21.8141495041 1.36252885472 1.36300546348 1.36338434401
490120136 2 90340.479 91202.626 91681.505 21.3835990585 21.4958782437 21.7010200267 1.33647494116 1.34349239023 1.35631375167
539132144 1 58307.842 58520.905 58638.593 18.3883042351 18.4252838879 18.4926118171 1.14926901469 1.15158024299 1.15578823857
593045352 1 64399.306 64432.928 64634.685 18.3506843733 18.4081453508 18.4177559926 1.14691777333 1.15050908442 1.15110974954
652349880 1 70870.225 70966.87 71099.895 18.3502346944 18.3846315894 18.4097025232 1.1468896684 1.14903947433 1.1506064077
717584864 1 77939.481 78480.551 78697.487 18.236538201 18.2869476541 18.4138989583 1.13978363756 1.14293422838 1.1508686849
789343344 1 85881.562 86045.567 86168.63 18.3208980809 18.3471007635 18.3821375769 1.14505613006 1.14669379772 1.14888359855
868277672 1 94728.969 95311.496 96138.457 18.0630665208 18.2197889749 18.3318298756 1.12894165755 1.13873681093 1.14573936723
955105432 1 104532.558 105503.359 108326.617 17.6338089096 18.1056876492 18.2738364061 1.10211305685 1.13160547808 1.14211477538
1050615968 1 115104.213 116055.551 163015.122 12.8897976471 18.1053979572 18.2550393355 0.805612352945 1.13158737233 1.14093995847

META_DATA
ERT_VERSION  1.1.0
TIMESTAMP_DATA  1560424073.46
HOSTNAME  ('kcadmin-UniServer-R5200-G3', [], ['127.0.1.1'])
MPI_PROCS      1
OPENMP_THREADS 1
CONFIG  {'ERT_WORKING_SET_MIN': ['1'], 'ERT_CFLAGS': ['-O3', '-march=native', '-fstrict-aliasing', '-ftree-vectorize'], 'ERT_CC': ['gcc'], 'ERT_MPI_CFLAGS': ['-I/usr/local/include'], 'ERT_MPI_LDFLAGS': ['-L/usr/local/lib', '-lmpi'], 'ERT_MEMORY_MAX': ['1073741824'], 'ERT_PROCS_THREADS': ['1-8'], 'ERT_LDFLAGS': [], 'ERT_LDLIBS': [], 'ERT_RUN': ['export', 'OMP_NUM_THREADS=ERT_OPENMP_THREADS;', 'mpirun', '-np', 'ERT_MPI_PROCS', 'ERT_CODE'], 'ERT_FLOPS': ['1,2,4,8,16'], 'ERT_OPENMP_CFLAGS': ['-fopenmp'], 'ERT_MPI': ['True'], 'ERT_TRIALS_MIN': ['1'], 'ERT_DRIVER': ['driver1'], 'ERT_RESULTS': ['Results.p100.01'], 'ERT_OPENMP': ['True'], 'ERT_MPI_PROCS': ['1,2,4,8'], 'ERT_KERNEL': ['kernel1'], 'ERT_GPU': [False], 'ERT_OPENMP_THREADS': ['1,2,4,8'], 'ERT_LD': ['gcc'], 'ERT_NUM_EXPERIMENTS': ['3'], 'ERT_OPENMP_LDFLAGS': ['-fopenmp'], 'ERT_ALIGN': ['32'], 'ERT_GNUPLOT': ['gnuplot']}
FLOPS          1
TIMESTAMP_DATA  1560424060.31
TIMESTAMP_DATA  1560424086.47
UNAME  ('Linux', 'kcadmin-UniServer-R5200-G3', '4.4.0-141-generic', '#167-Ubuntu SMP Wed Dec 5 10:40:15 UTC 2018', 'x86_64', 'x86_64')
