1024 1048576 544940.948 545155.048 545241.117 3.93859446957 3.9392162943 3.94076395962 0.492324308697 0.492402036787 0.492595494953
1120 524288 273380.995 273471.117 273483.992 4.29423715594 4.2944393283 4.29585502094 0.536779644492 0.536804916038 0.536981877617
1232 524288 275853.157 275912.046 275964.975 4.68119416966 4.68209217658 4.68309170738 0.585149271207 0.585261522072 0.585386463422
1352 524288 275537.968 275618.076 275707.96 5.14194349702 5.14362037706 5.14511579762 0.642742937128 0.642952547133 0.643139474702
1480 524288 277202.129 277343.988 277447.939 5.59345470575 5.59555118245 5.59841472213 0.699181838219 0.699443897807 0.699801840267
1624 524288 277471.781 277633.905 277780.056 6.13034444777 6.13357156072 6.13715534554 0.766293055971 0.76669644509 0.767144418192
1784 524288 277346.134 277624.13 277853.966 6.7325279208 6.73810156199 6.744855452 0.8415659901 0.842262695249 0.8431069315
1960 524288 273135.9 273197.889 273227.93 7.52195780278 7.52278492167 7.52449223994 0.940244725347 0.940348115208 0.940561529993
2152 262144 140873.194 140902.996 140933.99 8.00564701248 8.0074079901 8.00910197294 1.00070587656 1.00092599876 1.00113774662
2360 262144 141553.164 141602.993 141627.073 8.73646297837 8.73794863926 8.74102453831 1.0920578723 1.09224357991 1.09262806729
2592 262144 142302.99 142354.965 142482.042 9.53772473306 9.54623884035 9.5497255258 1.19221559163 1.19327985504 1.19371569072
2848 262144 140144.11 140177.011 140266.895 10.6452219107 10.6520478169 10.6545485501 1.33065273884 1.33150597711 1.33181856876
3128 262144 140424.013 140496.016 140526.056 11.670240457 11.6727357166 11.6787209606 1.45878005713 1.45909196457 1.45984012008
3440 262144 140414.0 140471.935 140520.096 12.8348241379 12.8392245754 12.8445220562 1.60435301724 1.60490307192 1.60556525703
3784 262144 140436.888 140469.074 140506.983 14.1196241613 14.1234346857 14.1266715622 1.76495302016 1.76542933571 1.76583394528
4160 131072 70232.868 70253.849 70291.996 15.5141282373 15.5225522234 15.5271893496 1.93926602966 1.94031902793 1.9408986687
4576 131072 70266.008 70272.923 70299.864 17.0636310762 17.0701728744 17.0718527798 2.13295388452 2.1337716093 2.13398159747
5032 131072 70261.002 70293.188 70312.977 18.7605284868 18.7658099672 18.7744064339 2.34506606085 2.34572624591 2.34680080424
5528 131072 70241.213 70261.002 70270.061 20.6223249472 20.6249838566 20.6307945166 2.5777906184 2.57812298208 2.57884931458
6080 131072 70269.108 70295.095 70300.102 22.6718806183 22.6734954978 22.6818806352 2.83398507729 2.83418693723 2.8352350794
6688 131072 70269.108 70291.996 70309.162 24.9358550455 24.9419446277 24.9500686988 3.11698188068 3.11774307846 3.11875858734
7352 131072 70266.962 70276.976 70299.864 27.4151695087 27.424098157 27.4280064648 3.42689618859 3.42801226962 3.4285008081
8080 131072 70226.908 70283.175 70302.01 30.1289183624 30.1369925306 30.1611388045 3.7661147953 3.76712406632 3.77014235056
8888 65536 35139.799 35171.032 35181.046 33.1135104965 33.1229386729 33.1523790446 4.13918881207 4.14036733412 4.14404738058
9776 65536 35151.005 35156.012 35180.807 36.4221284634 36.4478164361 36.4530081572 4.55276605792 4.55597705451 4.55662601965
10752 65536 35123.825 35174.131 35193.92 40.0434547786 40.0659832648 40.1233676571 5.00543184732 5.0082479081 5.01542095714
11824 65536 35444.975 35567.999 35595.894 43.5385982439 43.572744365 43.7239785893 5.44232478049 5.44659304562 5.46549732367
13000 65536 35132.885 35157.919 35191.059 48.4195715736 48.4652120622 48.4997460357 6.0524464467 6.05815150777 6.06246825446
14296 65536 35145.044 35150.051 35187.006 53.2527635912 53.3087508749 53.3163455991 6.6565954489 6.66359385937 6.66454319989
15720 65536 35122.871 35151.005 35171.986 58.5821864026 58.6171530515 58.6641063596 7.32277330032 7.32714413144 7.33301329496
17288 32768 17576.933 17582.893 17594.099 64.3958163473 64.4368573477 64.4587066469 8.04947704341 8.05460716846 8.05733833087
19016 32768 17575.026 17593.145 17606.974 70.7806222693 70.8362590088 70.9092877587 8.84757778367 8.8545323761 8.86366096983
20912 32768 17580.986 17590.046 17601.013 77.8642020206 77.9127486079 77.9528993425 9.73302525258 9.73909357599 9.74411241781
23000 32768 17586.946 17595.053 17596.96 85.658431911 85.6677158063 85.7072057877 10.7073039889 10.7084644758 10.7134007235
25296 32768 17586.946 17596.96 17601.013 94.1876843111 94.2093779835 94.2630207655 11.7734605389 11.7761722479 11.7828775957
27824 32768 17517.805 17578.84 17602.921 103.589265895 103.73117134 104.092588312 12.9486582369 12.9663964175 13.011573539
30600 32768 17582.178 17587.9 17591.0 114.001568984 114.02166262 114.058770193 14.250196123 14.2527078275 14.2573462742
33656 16384 8807.898 8828.878 8838.177 124.781367017 124.912792769 125.210329184 15.5976708772 15.6140990962 15.651291148
37016 16384 8810.997 8834.124 8839.13 137.223944891 137.30170507 137.66209295 17.1529931113 17.1627131338 17.2077616188
40712 16384 8802.891 8808.851 8827.925 151.117144289 151.444361586 151.546897036 18.8896430362 18.9305451982 18.9433621296
44776 16384 8810.043 8814.096 8835.077 166.06759262 166.462898521 166.539478638 20.7584490775 20.8078623151 20.8174348298
49248 16384 8801.937 8811.951 8836.031 182.633861742 183.132936622 183.341287719 22.8292327177 22.8916170778 22.9176609649
54168 16384 8813.143 8816.957 8846.998 200.630431249 201.314016162 201.401137369 25.0788039061 25.1642520203 25.1751421712
59584 16384 8816.004 8821.011 8841.991 220.815482848 221.340673082 221.466382275 27.601935356 27.6675841352 27.6832977843
65536 16384 8732.08 8821.964 8826.971 243.286586984 243.424666888 245.930368022 30.410823373 30.428083361 30.7412960028
72088 8192 4378.08 4381.895 4396.2 268.661524043 269.538588214 269.773460512 33.5826905054 33.6923235267 33.721682564
79296 8192 4386.902 4388.094 4395.008 295.604846226 296.070609244 296.151056942 36.9506057782 37.0088261555 37.0188821177
87224 8192 4385.948 4390.001 4397.869 324.947836327 325.53022562 325.831044053 40.6184795409 40.6912782024 40.7288805066
95944 8192 4395.008 4413.128 4424.095 355.314814894 356.197802556 357.666356011 44.4143518618 44.5247253195 44.7082945014
105536 8192 4399.061 4408.121 4417.896 391.385814424 392.253711729 393.061570185 48.923226803 49.0317139661 49.1326962731
116088 8192 4395.962 4407.883 4420.042 430.309438689 431.496433095 432.666568091 53.7886798361 53.9370541369 54.0833210114
127696 8192 4369.02 4387.14 4393.101 476.240192065 476.887280552 478.865114831 59.5300240081 59.610910069 59.8581393539
140464 4096 2183.914 2191.067 2199.888 523.063486868 525.169284189 526.889377512 65.3829358586 65.6461605236 65.861172189
154504 4096 2213.955 2225.876 2227.068 568.324257724 568.628606445 571.690376724 71.0405322155 71.0785758057 71.4612970905
169952 4096 2191.782 2210.855 2222.061 626.556509475 629.732290901 635.212253773 78.3195636843 78.7165363626 79.4015317217
186944 4096 2196.074 2202.988 2215.862 691.128440309 695.167312759 697.355939736 86.3910550386 86.8959140949 87.169492467
205632 4096 2216.816 2221.107 2225.161 757.040656384 758.422419091 759.890466326 94.630082048 94.8028023864 94.9863082908
226192 4096 2225.876 2228.022 2233.028 829.799207175 831.663629892 832.465449109 103.724900897 103.957953737 104.058181139
248808 4096 2232.075 2236.128 2252.102 905.036777197 911.501996308 913.157100904 113.12959715 113.937749538 114.144637613
273688 2048 1131.058 1132.011 1133.919 988.629741631 990.296073095 991.130470763 123.578717704 123.787009137 123.891308845
301056 2048 1144.886 1156.092 1157.999 1064.87602839 1066.63256557 1077.07263081 133.109503549 133.329070697 134.634078852
331160 2048 1175.88 1184.94 1188.04 1141.73879667 1144.72577514 1153.54573596 142.717349584 143.090721893 144.193216995
364272 2048 1206.875 1219.988 1225.948 1217.06476294 1223.01048207 1236.29879814 152.133095368 152.876310259 154.537349767
400696 2048 1235.962 1260.996 1267.91 1294.4537199 1301.55116749 1327.9136543 161.806714988 162.693895936 165.989206788
440760 2048 1312.971 1317.024 1329.899 1357.51132981 1370.78212698 1375.0135837 169.688916226 171.347765872 171.876697962
484832 2048 1363.039 1372.099 1376.867 1442.31205483 1447.32404294 1456.94427819 180.289006854 180.915505368 182.118034774
533312 1024 714.064 717.878 723.124 1510.42279886 1521.46043757 1529.58695019 188.802849857 190.182554696 191.198368774
586640 1024 764.847 767.946 771.999 1556.26978791 1564.48333607 1570.82229518 194.533723489 195.560417008 196.352786897
645304 1024 823.975 826.12 828.028 1596.06026849 1599.74651624 1603.91103128 199.507533562 199.968314531 200.48887891
709832 1024 886.917 887.871 888.109 1636.88909357 1637.32787308 1639.08904215 204.611136696 204.665984135 204.886130269
780808 1024 957.966 960.112 962.973 1660.58112117 1665.52942157 1669.26047897 207.572640147 208.191177696 208.657559872
858888 1024 1022.1 1024.961 1026.154 1714.17021617 1716.16541898 1720.96920458 214.271277021 214.520677372 215.121150572
944776 1024 1329.899 1335.859 1338.005 1446.10913113 1448.43224322 1454.92345509 180.763641391 181.054030403 181.865431886
1039248 1024 1363.039 1363.039 1365.9 1558.22527564 1561.49596893 1561.49596893 194.778159455 195.186996117 195.186996117
1143168 512 704.05 705.004 705.004 1660.42183023 1660.42183023 1662.6717307 207.552728779 207.552728779 207.833966338
1257480 512 752.926 753.164 756.025 1703.19701068 1709.66684547 1710.20727137 212.899626335 213.708355683 213.775908921
1383224 512 839.949 840.902 841.141 1683.92858748 1684.40719133 1686.31830742 210.491073435 210.550898916 210.789788428
1521544 512 918.865 919.104 919.104 1695.19559919 1695.19559919 1695.6365255 211.899449899 211.899449899 211.954565687
1673696 512 1011.848 1012.087 1013.994 1690.21187897 1693.39661907 1693.79660186 211.276484871 211.674577383 211.724575233
1841064 512 1210.928 1211.882 1213.074 1554.10925962 1555.63787233 1556.86344357 194.263657452 194.454734042 194.607930447
2025168 512 1235.962 1235.962 1237.869 1675.2758426 1677.86067209 1677.86067209 209.409480325 209.732584011 209.732584011
2227680 256 669.003 669.956 670.91 1700.0375013 1702.4583107 1704.88347586 212.504687663 212.807288837 213.110434482
2450448 256 736.952 739.098 739.098 1697.51423492 1697.51423492 1702.45738664 212.189279365 212.189279365 212.80717333
2695488 256 808.001 808.954 811.1 1701.50395266 1706.01771671 1708.0298861 212.687994082 213.252214588 213.503735763
2965032 256 895.977 899.076 899.076 1688.50729416 1688.50729416 1694.3474933 211.063411769 211.063411769 211.793436662
3261528 256 976.086 977.039 977.993 1707.47882245 1709.14603818 1710.81476017 213.434852806 213.643254773 213.851845022
3587680 256 1368.046 1370.192 1374.96 1335.96043521 1340.60931607 1342.71227722 166.995054402 167.576164508 167.839034652
3946448 256 1621.008 1624.107 1627.922 1241.2028193 1244.11838383 1246.49685628 155.150352412 155.514797978 155.812107035
4341088 128 1293.182 1297.951 1301.05 854.170499212 856.20992472 859.367457945 106.771312402 107.02624059 107.420932243
4775192 128 1899.004 1904.964 1914.024 638.68015866 641.71771855 643.731741481 79.8350198326 80.2147148188 80.4664676852
5252704 128 2231.121 2239.943 2251.148 597.336214234 600.324304681 602.698026687 74.6670267792 75.0405380851 75.3372533359
5777968 128 2632.141 2637.148 2650.976 557.968011781 560.893741269 561.960703473 69.7460014727 70.1117176586 70.2450879341
6355760 128 3021.002 3026.009 3040.791 535.082667635 537.696536924 538.587713613 66.8853334544 67.2120671155 67.3234642016
6991336 128 3268.957 3283.978 3302.097 542.013761558 545.004264949 547.508583319 67.7517201948 68.1255331187 68.4385729148
7690464 128 3628.969 3638.029 3640.89 540.735584981 541.16082747 542.511877065 67.5919481226 67.6451034338 67.8139846331
8459504 64 2028.942 2034.903 2044.201 529.701586096 532.121930136 533.68529608 66.2126982621 66.515241267 66.7106620101
9305448 64 2251.863 2259.016 2259.016 527.263792731 527.263792731 528.938636143 65.9079740914 65.9079740914 66.1173295178
10235992 64 2494.097 2495.05 2497.911 524.521080215 525.122533015 525.323183501 65.5651350268 65.6403166269 65.6653979376
11259584 64 2735.853 2737.999 2741.098 525.784467392 526.379575741 526.792467285 65.723058424 65.7974469677 65.8490584107
12385536 64 3024.817 3031.969 3035.069 522.343514431 522.877578234 524.113891187 65.2929393039 65.3596972792 65.5142363984
13624088 64 3342.152 3346.92 3349.066 520.707344675 521.041215207 521.784546005 65.0884180843 65.1301519009 65.2230682506
14986496 64 3677.13 3678.083 3684.998 520.5624231 521.541109322 521.676276879 65.0703028875 65.1926386653 65.2095346099
16485144 64 4056.931 4059.076 4065.037 519.08468041 519.846987837 520.121843827 64.8855850513 64.9808734796 65.0152304784
18133656 32 2240.896 2243.996 2248.049 516.249416272 517.181841679 517.897298224 64.531177034 64.6477302099 64.7371622779
19947016 32 2460.957 2464.056 2468.109 517.241752289 518.092536858 518.744953284 64.6552190361 64.7615671072 64.8431191606
21941712 32 2712.011 2713.919 2723.932 515.530331888 517.432380259 517.796413068 64.441291486 64.6790475324 64.7245516335
24135880 32 2979.994 2989.054 2991.199 516.413759165 516.784347155 518.355513467 64.5517198956 64.5980433943 64.7944391834
26549464 32 3278.017 3281.116 3288.984 516.623278192 517.862122522 518.351703484 64.577909774 64.7327653152 64.7939629355
29204408 32 3621.101 3627.062 3633.022 514.470353331 515.315732678 516.164037402 64.3087941664 64.4144665848 64.5205046752
32124848 32 3988.028 3995.18 4001.856 513.759183739 514.617682307 515.540580959 64.2198979673 64.3272102884 64.4425726199
35337328 16 2203.941 2210.855 2213.001 510.977851343 511.473839759 513.078388215 63.8722314179 63.9342299699 64.1347985268
38871056 16 2440.929 2444.983 2449.036 507.903433024 508.745374508 509.590320734 63.487929128 63.5931718135 63.6987900918
42758160 16 2676.01 2682.924 2691.031 508.452381262 509.988773443 511.306430096 63.5565476578 63.7485966803 63.9133037619
47033976 16 2948.999 2954.006 2959.967 508.481085093 509.507168232 510.372242242 63.5601356366 63.688396029 63.7965302803
51737368 16 3230.81 3243.923 3258.944 508.016024823 510.368395304 512.439845116 63.5020031028 63.796049413 64.0549806395
56911104 16 3555.059 3561.02 3569.126 510.252461807 511.413956675 512.271477914 63.7815577259 63.9267445844 64.0339347392
62602208 16 3936.052 3947.02 3962.04 505.615959455 507.54003172 508.95431666 63.2019949319 63.442503965 63.6192895826
68862424 8 2156.973 2163.887 2182.961 504.726737674 509.175749011 510.807870103 63.0908422093 63.6469686264 63.8509837629
75748664 8 2363.92 2368.927 2376.795 509.921395829 511.615015575 512.698663237 63.7401744787 63.9518769468 64.0873329047
83323528 8 2606.869 2617.121 2638.817 505.217469798 509.405735539 511.409068887 63.1521837248 63.6757169424 63.9261336109
91655880 8 2876.997 2883.196 2892.017 507.083492248 508.634889893 509.730833922 63.385436531 63.5793612366 63.7163542402
100821464 8 3170.967 3184.08 3190.041 505.681094381 506.627793272 508.722867188 63.2101367976 63.3284741589 63.5903583986
110903608 8 3474.951 3486.156 3501.177 506.817486805 509.001240335 510.642517837 63.3521858506 63.6251550418 63.8303147296
121993968 8 3818.989 3830.91 3837.109 508.69117557 509.51431592 511.104768304 63.5863969462 63.68928949 63.888096038
134193360 8 4222.155 4245.996 4257.917 504.259185888 505.674937047 508.530302654 63.032398236 63.2093671308 63.5662878317
147612696 4 2324.104 2337.933 2341.986 504.230839979 505.104965797 508.110466657 63.0288549974 63.1381207246 63.5138083322
162373960 4 2557.993 2563.953 2599.955 499.620831899 506.636307296 507.816745394 62.4526039874 63.329538412 63.4770931742
178611352 4 2826.929 2830.982 2841.949 502.785523597 504.733274885 505.456916675 62.8481904496 63.0916593606 63.1821145844
196472480 4 3096.819 3114.939 3118.038 504.092586428 504.594099596 507.546563102 63.0115733035 63.0742624494 63.4433203878
216119728 4 3422.022 3468.037 3492.832 495.001713223 498.540766434 505.244508656 61.8752141529 62.3175958042 63.155563582
237731696 4 3772.02 3779.173 3814.936 498.528302441 503.245966247 504.200287379 62.3160378051 62.9057457809 63.0250359224
261504864 4 4147.053 4169.941 4180.908 500.379083204 501.695086813 504.463992141 62.5473854005 62.7118858516 63.0579990176
287655344 2 2268.076 2280.951 2285.004 503.553331198 504.448090292 507.311649169 62.9441663997 63.0560112865 63.4139561461
316420872 2 2493.858 2506.971 2523.899 501.479452228 504.865627883 507.520271002 62.6849315286 63.1082034854 63.4400338752
348062952 2 2739.906 2760.172 2774.0 501.893225667 504.407626771 508.1385303 62.7366532084 63.0509533464 63.5173162875
382869240 2 3021.955 3033.876 3037.93 504.118580744 504.792206405 506.783509351 63.014822593 63.0990258007 63.3479386688
421156160 2 3349.066 3361.94 3392.935 496.509552939 501.087062827 503.013269968 62.0636941173 62.6358828534 62.8766587461
463271776 2 3668.785 3677.13 3712.177 499.19147282 503.949303941 505.095584505 62.3989341025 62.9936629926 63.1369480632
509598952 2 4045.963 4076.004 4091.024 498.26053526 500.096616196 503.809799546 62.2825669075 62.5120770245 62.9762249432
560558840 1 2202.034 2218.008 2248.049 498.70695879 505.461513214 509.128233261 62.3383698487 63.1826891517 63.6410291576
616614720 1 2435.923 2442.122 2454.996 502.334602582 504.98273223 506.267825379 62.7918253227 63.1228415288 63.2834781723
678276192 1 2672.911 2694.13 2697.945 502.809502788 503.521501932 507.518725464 62.8511878485 62.9401877415 63.4398406831
746103808 1 2937.078 2961.874 3000.021 497.399056873 503.805231418 508.058558881 62.1748821092 62.9756539272 63.5073198601
820714184 1 3243.923 3257.99 3283.978 499.829282657 503.81626954 506.001026535 62.4786603321 62.9770336926 63.2501283169
902785600 1 3573.895 3589.869 3615.856 499.348204132 502.962977201 505.211037258 62.4185255165 62.8703721501 63.1513796572
993064160 1 3947.02 3957.987 3968.954 500.416059244 501.802638563 503.196923248 62.5520074055 62.7253298204 62.8996154061

META_DATA
ERT_VERSION  1.1.0
GPU_THREADS    128
TIMESTAMP_DATA  1560474823.71
HOSTNAME  ce1
UNAME  ('Linux', 'ce1', '3.10.0-514.el7.x86_64', '#1 SMP Tue Nov 22 16:42:41 UTC 2016', 'x86_64', 'x86_64')
FLOPS          2
TIMESTAMP_DATA  1560474765.35
TIMESTAMP_DATA  1560474745.93
GPU_BLOCKS     896
TIMESTAMP_DATA  1560474784.79
CONFIG  {'ERT_WORKING_SET_MIN': ['128'], 'ERT_CFLAGS': ['-O3'], 'ERT_CC': ['nvcc'], 'ERT_BLOCKS_THREADS': ['114688'], 'ERT_GPU_THREADS': ['64,128,256,512,1024'], 'ERT_GPU_LDFLAGS': [], 'ERT_MEMORY_MAX': ['1073741824'], 'ERT_LDFLAGS': [], 'ERT_LDLIBS': [], 'ERT_RUN': ['./ERT_CODE'], 'ERT_FLOPS': ['1,2,4,8,16,32,64,128,256,512,1024'], 'ERT_MPI': [False], 'ERT_TRIALS_MIN': ['1'], 'ERT_DRIVER': ['driver1'], 'ERT_RESULTS': ['Results.summitdev.ornl.gov.01'], 'ERT_GPU': ['True'], 'ERT_GPU_CFLAGS': ['-x', 'cu'], 'ERT_KERNEL': ['kernel1'], 'ERT_OPENMP': [False], 'ERT_LD': ['nvcc'], 'ERT_NUM_EXPERIMENTS': ['5'], 'ERT_ALIGN': ['32'], 'ERT_GNUPLOT': ['gnuplot'], 'ERT_GPU_BLOCKS': ['56,112,448,896,1792']}
TIMESTAMP_DATA  1560474804.24
