1024 1048576 543584.108 543605.089 543679.953 3.94990404952 3.95044802092 3.95060049842 0.246869003095 0.246903001307 0.246912531151
1120 524288 271821.022 271862.03 271904.945 4.3191752912 4.3198570981 4.32050880892 0.2699484557 0.269991068631 0.270031800557
1232 524288 271749.973 271790.981 271831.989 4.75236794887 4.75308498923 4.75380224601 0.297022996804 0.297067811827 0.297112640375
1352 524288 269016.027 269132.853 269210.1 5.2660533613 5.26756483349 5.2698523869 0.329128335081 0.329222802093 0.329365774181
1480 524288 269922.972 270076.036 270262.957 5.74215755362 5.7461317301 5.74939016306 0.358884847101 0.359133233131 0.359336885191
1624 524288 270009.041 270059.824 270168.781 6.30305032912 6.30559332661 6.30677927559 0.39394064557 0.394099582913 0.394173704724
1784 524288 269501.925 269510.031 269583.225 6.93908007073 6.94096459809 6.94117336639 0.43369250442 0.43381028738 0.433823335399
1960 524288 268049.002 268203.974 268225.908 7.66223134568 7.66285797093 7.6672882371 0.478889459105 0.478928623183 0.479205514819
2152 262144 138364.077 138377.905 138526.201 8.14479692546 8.15352549238 8.15434034948 0.509049807841 0.509595343274 0.509646271843
2360 262144 138997.078 139033.079 139111.996 8.89441396556 8.89946255164 8.9017675609 0.555900872848 0.556216409478 0.556360472556
2592 262144 140154.123 140321.016 140398.026 9.67929916621 9.68461129158 9.69614355191 0.604956197888 0.605288205724 0.606008971994
2848 262144 138560.057 138711.929 138811.111 10.7568638652 10.7645552532 10.7763539964 0.672303991573 0.672784703326 0.673522124778
3128 262144 138580.799 138631.821 138648.987 11.8282354562 11.8297000802 11.8340554812 0.739264716013 0.739356255012 0.739628467577
3440 262144 136941.91 137058.973 137133.121 13.1518243503 13.1589394005 13.1701881477 0.821989021894 0.82243371253 0.823136759229
3784 262144 136877.06 136933.088 136991.024 14.4820130113 14.4881403098 14.4940707523 0.905125813207 0.905508769363 0.905879422016
4160 131072 69017.172 69060.087 69074.869 15.7874934225 15.7908726643 15.8006914569 0.986718338908 0.986929541517 0.987543216056
4576 131072 70225.0 70241.928 70251.942 17.0752709441 17.0777052703 17.0818219153 1.06720443401 1.06735657939 1.0676138697
5032 131072 69296.122 69321.156 69358.11 19.0188084422 19.0289470649 19.0358214851 1.18867552763 1.18930919155 1.18973884282
5528 131072 68618.059 68746.09 68818.092 21.0574282123 21.0794829495 21.1188141011 1.31608926327 1.31746768434 1.31992588132
6080 131072 68150.997 68225.145 68235.874 23.3577358443 23.3614090523 23.3868261678 1.45985849027 1.46008806577 1.46167663549
6688 131072 68814.993 68860.054 68911.076 25.4417602186 25.4606113437 25.4772833007 1.59011001366 1.59128820898 1.5923302063
7352 131072 68128.824 68171.978 68240.881 28.2423476918 28.270892888 28.2888001707 1.76514673074 1.7669308055 1.76805001067
8080 131072 68145.037 68188.906 68223.0 31.0470592029 31.0625825263 31.082579352 1.94044120018 1.94141140789 1.9426612095
8888 65536 34171.104 34252.882 34265.995 33.9977851511 34.0108004926 34.0921948556 2.12486157195 2.12567503079 2.13076217848
9776 65536 34128.904 34169.197 34204.96 37.4612299503 37.5004385383 37.544712013 2.34132687189 2.34377740864 2.34654450081
10752 65536 34733.057 34770.966 34790.039 40.5083232014 40.5305433274 40.574779928 2.53177020009 2.53315895797 2.5359237455
11824 65536 34563.065 34595.966 34650.087 44.7270255916 44.7969953491 44.8396381513 2.79543909947 2.79981220932 2.80247738446
13000 65536 34202.099 34213.066 34257.889 49.7384996489 49.8036627293 49.819632415 3.10865622806 3.11272892058 3.11372702593
14296 65536 34214.02 34233.093 34300.804 54.6286119707 54.7366640812 54.7671776658 3.41428824817 3.42104150507 3.42294860411
15720 65536 34172.058 34235.001 34307.957 60.0575499147 60.1855346813 60.2963930355 3.75359686967 3.76159591758 3.76852456472
17288 32768 17498.016 17505.884 17507.076 64.7159107552 64.7203173516 64.7494189055 4.0447444222 4.04501983447 4.0468386816
19016 32768 17167.807 17189.026 17201.185 72.4503908306 72.501640058 72.591250356 4.52814942691 4.53135250363 4.53695314725
20912 32768 17503.977 17519.951 17535.925 78.1532101671 78.2244671803 78.2958542507 4.88457563545 4.88902919877 4.89349089067
23000 32768 17735.004 17749.071 17771.959 84.8149604667 84.924332096 84.9916921361 5.30093502917 5.307770756 5.3119807585
25296 32768 17184.019 17189.98 17198.086 96.3943694665 96.4398245955 96.4732788063 6.02464809165 6.02748903722 6.02957992539
27824 32768 17352.104 17365.932 17375.231 104.946729284 105.002925498 105.086602985 6.55917058024 6.56268284363 6.56791268655
30600 32768 17189.026 17198.086 17203.093 116.572153624 116.606092097 116.667552891 7.28575960149 7.28788075603 7.29172205569
33656 16384 8578.777 8586.884 8601.189 128.219459891 128.433062331 128.554432409 8.01371624318 8.02706639568 8.03465202557
37016 16384 8584.976 8587.837 8605.003 140.957567127 141.239323476 141.286392414 8.80984794543 8.82745771723 8.83039952587
40712 16384 8590.221 8593.082 8599.997 155.122242019 155.24707154 155.298777063 9.69514012621 9.70294197123 9.70617356643
44776 16384 8587.837 8597.136 8607.864 170.451109358 170.66380804 170.848604602 10.6531943349 10.6664880025 10.6780377876
49248 16384 8583.069 8599.043 8603.811 187.563216347 187.667216457 188.016485013 11.7227010217 11.7292010285 11.7510303133
54168 16384 8590.937 8597.136 8613.11 206.078527268 206.461433668 206.610410948 12.8799079543 12.9038396043 12.9131506843
59584 16384 8745.909 8749.962 8772.135 222.573924364 223.137941856 223.241347698 13.9108702727 13.946121366 13.9525842311
65536 16384 8775.949 8795.023 8826.017 243.312883716 244.170327696 244.701017292 15.2070552323 15.260645481 15.2938135807
72088 8192 4408.121 4409.075 4422.188 267.082673102 267.877001865 267.934975469 16.6926670689 16.7423126166 16.7459359668
79296 8192 4397.154 4421.949 4426.003 293.534745458 293.803855268 295.460578365 18.3459215911 18.3627409543 18.4662861478
87224 8192 4413.128 4426.956 4437.208 322.066942997 322.812789646 323.824284272 20.1291839373 20.1757993529 20.239017767
95944 8192 4405.975 4417.181 4426.956 355.0851863 355.870972007 356.776081571 22.1928241437 22.2419357504 22.2985050982
105536 8192 4415.035 4418.85 4431.009 390.227558554 391.301316858 391.639437513 24.3892224096 24.4563323037 24.4774648446
116088 8192 4407.883 4415.989 4430.056 429.336737955 430.704377207 431.496433095 26.8335461222 26.9190235755 26.9685270684
127696 8192 4400.969 4418.135 4441.023 471.101199881 473.541723827 475.388775517 29.4438249926 29.5963577392 29.7117984698
140464 4096 2187.014 2199.173 2208.948 520.91814203 523.233546429 526.142534067 32.5573838768 32.7020966518 32.8839083792
154504 4096 2190.113 2197.027 2202.034 574.785297593 576.095226868 577.913910378 35.9240810996 36.0059516792 36.1196193986
169952 4096 2202.988 2206.087 2223.015 626.28762469 631.093326782 631.981102031 39.1429765431 39.4433329239 39.4988188769
186944 4096 2201.08 2218.008 2226.114 687.945562536 690.459749469 695.769916586 42.9965976585 43.1537343418 43.4856197867
205632 4096 2203.941 2209.902 2231.836 754.776490746 762.267894232 764.329600475 47.1735306716 47.6417433895 47.7706000297
226192 4096 2220.869 2233.028 2233.982 829.4448496 829.799207175 834.34226152 51.8403031 51.8624504484 52.146391345
248808 4096 2228.975 2247.095 2249.956 905.899998044 907.053389376 914.427095862 56.6187498778 56.690836836 57.1516934914
273688 2048 1125.097 1127.958 1147.032 977.327614225 993.854423658 996.381687979 61.0829758891 62.1159014786 62.2738554987
301056 2048 1163.96 1172.066 1173.019 1051.24075228 1052.09550998 1059.42246813 65.7025470176 65.7559693737 66.2139042579
331160 2048 1173.019 1178.98 1187.086 1142.65635346 1150.5126126 1156.35924056 71.4160220911 71.9070382873 72.2724525349
364272 2048 1247.883 1250.029 1257.896 1186.15379332 1193.61879764 1195.67147882 74.1346120824 74.6011748527 74.729467426
400696 2048 1250.982 1260.042 1266.003 1296.40357566 1302.53659481 1311.96996919 81.0252234789 81.4085371757 81.9981230745
440760 2048 1307.964 1314.878 1319.885 1367.8108017 1373.01936758 1380.27725534 85.4881751062 85.8137104735 86.2673284586
484832 2048 1416.922 1419.067 1422.882 1395.66870057 1399.4207969 1401.5393028 87.2292937854 87.4637998065 87.5962064249
533312 1024 715.971 722.17 735.044 1485.92870087 1512.41809546 1525.51287133 92.8705438042 94.5261309664 95.3445544582
586640 1024 786.781 792.027 793.934 1513.27279094 1516.91636775 1527.03067308 94.5795494336 94.8072729844 95.4394170678
645304 1024 814.915 817.06 818.968 1613.7170097 1617.4853646 1621.74287134 100.857313106 101.092835287 101.358929459
709832 1024 909.09 910.997 911.951 1594.09434937 1595.76369187 1599.11112871 99.6308968355 99.7352307417 99.9444455444
780808 1024 946.045 947.952 949.144 1684.77573898 1686.89425625 1690.29463081 105.298483686 105.430891016 105.643414425
858888 1024 1043.081 1047.134 1048.088 1678.29669264 1679.82571858 1686.35285659 104.89354329 104.989107411 105.397053537
944776 1024 1334.906 1338.005 1338.959 1445.07878733 1446.10913113 1449.46629051 90.3174242079 90.3818206957 90.5916431569
1039248 1024 1366.138 1368.046 1380.92 1541.27676042 1555.78094889 1557.9538114 96.3297975263 97.2363093054 97.3721132126
1143168 512 701.904 703.096 704.05 1662.6717307 1664.92773675 1667.7551802 103.916983169 104.057983547 104.234698762
1257480 512 748.158 749.111 749.826 1717.27776844 1718.91684944 1721.10639731 107.329860528 107.43230309 107.569149832
1383224 512 857.83 858.068 859.022 1648.87671794 1650.70993907 1651.16791905 103.054794871 103.169371192 103.197994941
1521544 512 925.779 926.971 927.925 1679.08080502 1680.80884515 1682.97299463 104.942550314 105.050552822 105.185812165
1673696 512 1013.041 1013.994 1016.14 1686.64229732 1690.21187897 1691.80191522 105.415143583 105.638242435 105.737619701
1841064 512 1204.014 1204.967 1208.067 1560.5504794 1564.56528353 1565.80366673 97.5344049626 97.7853302207 97.8627291709
2025168 512 1230.001 1230.955 1232.147 1683.05570033 1684.68549378 1685.99215123 105.190981271 105.292843361 105.374509452
2227680 256 670.91 670.91 672.102 1697.02241624 1700.0375013 1700.0375013 106.063901015 106.252343832 106.252343832
2450448 256 737.906 738.859 740.051 1695.32826251 1698.06333279 1700.2563687 105.958016407 106.128958299 106.266023044
2695488 256 806.808 807.047 808.001 1708.0298861 1710.04892652 1710.55549276 106.751867881 106.878057907 106.909718297
2965032 256 890.97 892.162 893.831 1698.41545438 1701.59274213 1703.86924812 106.150965898 106.349546383 106.491828008
3261528 256 974.894 974.894 977.039 1709.14603818 1712.9065683 1712.9065683 106.821627386 107.056660519 107.056660519
3587680 256 1368.046 1370.907 1374.006 1336.88801941 1339.9101179 1342.71227722 83.5555012132 83.7443823688 83.9195173262
3946448 256 1597.881 1602.173 1605.988 1258.15471598 1261.1505599 1264.53808262 78.6346697485 78.8219099935 79.0336301639
4341088 128 1269.102 1272.917 1277.924 869.628027958 873.048696812 875.673135808 54.3517517474 54.5655435508 54.729570988
4775192 128 1857.042 1860.142 1868.963 654.078840512 657.180555033 658.277600614 40.879927532 41.0737846896 41.1423500384
5252704 128 2197.027 2199.173 2205.849 609.603025411 611.453589145 612.050841433 38.1001890882 38.2158493215 38.2531775895
5777968 128 2574.921 2578.974 2583.981 572.434475331 573.545839547 574.448617259 35.7771547082 35.8466149717 35.9030385787
6355760 128 2964.02 2969.98 2974.033 547.09364691 547.840241348 548.941829003 34.1933529319 34.2400150843 34.3088643127
6991336 128 3232.956 3242.97 3247.976 551.045332847 551.895952167 553.605436016 34.440333303 34.4934970105 34.600339751
7690464 128 3630.877 3640.89 3643.99 540.275572655 540.735584981 542.226790938 33.767223291 33.7959740613 33.8891744336
8459504 64 2032.995 2034.187 2037.048 531.561608759 532.309228208 532.621335517 33.2226005475 33.269326763 33.2888334698
9305448 64 2247.095 2248.049 2251.863 528.938636143 529.836024037 530.060964935 33.0586647589 33.1147515023 33.1288103084
10235992 64 2479.076 2480.984 2482.891 527.694117865 528.099728172 528.506175688 32.9808823666 33.0062330108 33.0316359805
11259584 64 2720.833 2725.84 2727.985 528.311831627 528.727567282 529.700555675 33.0194894767 33.0454729551 33.1062847297
12385536 64 3010.988 3013.849 3015.995 525.646961616 526.021246585 526.521064846 32.852935101 32.8763279116 32.9075665529
13624088 64 3323.078 3329.039 3331.9 523.390036916 523.839842069 524.779515858 32.7118773072 32.7399901293 32.7987197412
14986496 64 3659.01 3662.109 3665.209 523.373015836 523.816054629 524.259700848 32.7108134898 32.7385034143 32.766231303
16485144 64 4028.082 4035.95 4040.956 522.17802718 522.825711914 523.846940554 32.6361266987 32.6766069946 32.7404337846
18133656 32 2224.922 2226.114 2226.83 521.168649605 521.336276579 521.615582029 32.5730406003 32.5835172862 32.6009738768
19947016 32 2446.175 2450.943 2464.056 518.092536858 520.8644281 521.879679091 32.3807835536 32.5540267562 32.6174799432
21941712 32 2689.123 2694.845 2703.905 519.348707887 521.094744967 522.203546658 32.459294243 32.5684215604 32.6377216661
24135880 32 2972.841 2981.186 2993.822 515.961309657 518.148253749 519.602736911 32.2475818536 32.3842658593 32.4751710569
26549464 32 3262.997 3269.911 3278.971 518.200891682 519.63668002 520.737743859 32.3875557301 32.4772925012 32.5461089912
29204408 32 3606.081 3616.095 3620.148 516.29991702 516.878597493 518.313956897 32.2687448137 32.3049123433 32.394622306
32124848 32 3968.0 3972.054 3978.968 516.714452592 517.613877354 518.142709677 32.294653287 32.3508673346 32.3839193548
35337328 16 2182.007 2185.106 2194.166 515.364150206 517.500979815 518.235961663 32.2102593878 32.3438112384 32.3897476039
38871056 16 2404.213 2408.981 2414.942 515.073981901 516.348527448 517.372542283 32.1921238688 32.2717829655 32.3357838927
42758160 16 2640.963 2643.108 2650.023 516.320469671 517.671286985 518.091741535 32.2700293545 32.3544554366 32.3807338459
47033976 16 2904.177 2913.952 2916.813 516.004019455 516.510646709 518.249139774 32.250251216 32.2819154193 32.3905712358
51737368 16 3195.047 3199.1 3217.936 514.489963753 517.519232284 518.175718855 32.1556227346 32.3449520178 32.3859824284
56911104 16 3509.998 3516.912 3522.158 517.056681728 517.827949064 518.847967435 32.316042608 32.3642468165 32.4279979647
62602208 16 3884.077 3897.905 3900.051 513.652425571 513.935218021 515.764918152 32.1032765982 32.1209511263 32.2353073845
68862424 8 2119.064 2123.833 2135.038 516.055819147 518.778446328 519.945968597 32.2534886967 32.4236528955 32.4966230373
75748664 8 2341.032 2342.939 2346.992 516.396572293 517.289875665 517.711258966 32.2747857683 32.330617229 32.3569536854
83323528 8 2574.205 2576.113 2583.027 516.129505421 517.514739454 517.898321229 32.2580940888 32.3446712159 32.3686450768
91655880 8 2835.989 2840.042 2854.109 513.818526202 516.363518568 517.101469717 32.1136578876 32.2727199105 32.3188418573
100821464 8 3119.946 3130.913 3144.979 512.926612229 515.230996198 517.042097523 32.0579132643 32.2019372624 32.3151310952
110903608 8 3421.068 3424.883 3447.056 514.77484787 518.107546448 518.685313475 32.1734279919 32.381721653 32.4178320922
121993968 8 3772.974 3781.08 3784.18 515.806195266 516.229090101 517.338176197 32.2378872041 32.2643181313 32.3336360123
134193360 8 4153.013 4163.027 4168.034 515.133456205 515.753022981 516.996638344 32.1958410128 32.2345639363 32.3122898965
147612696 4 2283.096 2285.004 2289.057 515.889979149 516.805033164 517.236930904 32.2431236968 32.3003145728 32.3273081815
162373960 4 2507.925 2516.985 2521.992 515.065741684 516.090354134 517.954755425 32.1916088552 32.2556471334 32.3721722141
178611352 4 2754.927 2768.993 2774.954 514.924145049 516.03265736 518.667396995 32.1827590656 32.252041085 32.4167123122
196472480 4 3042.936 3047.943 3053.904 514.678863514 515.685444249 516.533979026 32.1674289696 32.2303402655 32.2833736891
216119728 4 3340.006 3352.165 3355.026 515.333658815 515.773484897 517.651113202 32.2083536759 32.2358428061 32.3531945751
237731696 4 3675.938 3683.09 3706.932 513.053265612 516.374448629 517.379120105 32.0658291007 32.2734030393 32.3361950066
261504864 4 4051.924 4057.884 4066.944 514.40071759 515.549215305 516.307539826 32.1500448494 32.2218259566 32.2692212391
287655344 2 2217.054 2221.107 2235.889 514.614712984 518.039597372 518.986626397 32.1634195615 32.3774748357 32.4366641498
316420872 2 2443.075 2449.989 2456.903 515.154032536 516.60782477 518.069845584 32.1971270335 32.2879890481 32.379365349
348062952 2 2691.031 2695.084 2698.898 515.859364822 516.589393132 517.367435752 32.2412103014 32.2868370708 32.3354647345
382869240 2 2961.159 2964.02 2974.987 514.784420907 516.689145147 517.188357667 32.1740263067 32.2930715717 32.3242723542
421156160 2 3254.89 3271.103 3275.871 514.252435459 515.00201614 517.56730335 32.1407772162 32.1876260087 32.3479564594
463271776 2 3582.954 3589.869 3602.028 514.456607222 516.199088045 517.195337702 32.1535379514 32.2624430028 32.3247086064
509598952 2 3947.973 3948.927 3974.915 512.814942709 516.189792316 516.314525961 32.0509339193 32.2618620197 32.2696578725
560558840 1 2163.172 2165.079 2171.04 516.39660255 517.8183706 518.274866723 32.2747876594 32.3636481625 32.3921791702
616614720 1 2377.033 2387.047 2391.1 515.758203337 516.633916299 518.810399351 32.2348877086 32.2896197687 32.4256499594
678276192 1 2617.121 2627.85 2630.949 515.61333344 516.221391632 518.33766341 32.22583334 32.263836977 32.3961039631
746103808 1 2877.951 2881.05 2890.825 516.187460673 517.938812586 518.496533124 32.2617162921 32.3711757866 32.4060333202
820714184 1 3175.02 3180.981 3182.173 515.819965791 516.013257545 516.982056176 32.2387478619 32.2508285966 32.311378511
902785600 1 3488.064 3498.077 3515.959 513.535908695 516.161079359 517.642795545 32.0959942934 32.2600674599 32.3526747216
993064160 1 3846.169 3851.891 3854.99 515.209720388 515.624227165 516.391328618 32.2006075243 32.2265141978 32.2744580386

META_DATA
ERT_VERSION  1.1.0
HOSTNAME  ce1
TIMESTAMP_DATA  1560474301.73
UNAME  ('Linux', 'ce1', '3.10.0-514.el7.x86_64', '#1 SMP Tue Nov 22 16:42:41 UTC 2016', 'x86_64', 'x86_64')
FLOPS          1
TIMESTAMP_DATA  1560474321.06
TIMESTAMP_DATA  1560474282.49
TIMESTAMP_DATA  1560474340.31
GPU_THREADS    256
TIMESTAMP_DATA  1560474261.33
CONFIG  {'ERT_WORKING_SET_MIN': ['128'], 'ERT_CFLAGS': ['-O3'], 'ERT_CC': ['nvcc'], 'ERT_BLOCKS_THREADS': ['114688'], 'ERT_GPU_THREADS': ['64,128,256,512,1024'], 'ERT_GPU_LDFLAGS': [], 'ERT_MEMORY_MAX': ['1073741824'], 'ERT_LDFLAGS': [], 'ERT_LDLIBS': [], 'ERT_RUN': ['./ERT_CODE'], 'ERT_FLOPS': ['1,2,4,8,16,32,64,128,256,512,1024'], 'ERT_MPI': [False], 'ERT_TRIALS_MIN': ['1'], 'ERT_DRIVER': ['driver1'], 'ERT_RESULTS': ['Results.summitdev.ornl.gov.01'], 'ERT_GPU': ['True'], 'ERT_GPU_CFLAGS': ['-x', 'cu'], 'ERT_KERNEL': ['kernel1'], 'ERT_OPENMP': [False], 'ERT_LD': ['nvcc'], 'ERT_NUM_EXPERIMENTS': ['5'], 'ERT_ALIGN': ['32'], 'ERT_GNUPLOT': ['gnuplot'], 'ERT_GPU_BLOCKS': ['56,112,448,896,1792']}
GPU_BLOCKS     448
