64 16777216 84337.177 84811.094 94294.914 22.7741195883 25.3207870187 25.4630724479 5.69352989706 6.33019675468 6.36576811197
128 8388608 42365.384 42446.82 42636.224 50.3675852721 50.5923329003 50.689582986 12.591896318 12.6480832251 12.6723957465
192 4194304 21043.684 21194.298 21482.562 74.973028636 75.9927380468 76.5366337947 18.743257159 18.9981845117 19.1341584487
256 4194304 21038.891 21150.698 21835.248 98.3494049621 101.532519069 102.072093439 24.5873512405 25.3831297672 25.5180233597
320 2097152 10518.1 10519.605 10533.768 127.416635719 127.588182256 127.606438425 31.8541589296 31.897045564 31.9016096063
384 2097152 12177.264 12377.484 12388.088 130.01302025 130.124404604 132.263925296 32.5032550624 32.5311011511 33.0659813239
448 2097152 13757.339 13760.001 13964.647 134.557514558 136.558724959 136.585148625 33.6393786395 34.1396812398 34.1462871563
512 2097152 15414.337 15535.992 21223.488 101.184293929 138.2263616 139.317289352 25.2960734824 34.5565903999 34.829322338
576 1048576 8500.761 8500.977 8501.051 142.095318802 142.096555725 142.100166326 35.5238297006 35.5241389313 35.5250415816
640 1048576 9305.905 9308.976 9315.463 144.080576564 144.180979734 144.228560253 36.020144141 36.0452449335 36.0571400632
704 1048576 9786.232 10114.646 10116.078 145.945395834 145.966058328 150.864501066 36.4863489586 36.4915145819 37.7161252666
768 1048576 10390.434 10926.066 10932.261 147.326590172 147.410123278 155.009187874 36.831647543 36.8525308194 38.7522969685
832 1048576 11017.17 11738.051 11776.272 148.164925538 148.647374594 158.373744256 37.0412313846 37.1618436485 39.5934360639
896 1048576 6089.657 6474.128 6479.848 289.983374919 290.239580064 308.563880035 72.4958437297 72.559895016 77.1409700087
960 1048576 7106.158 7684.96 7755.491 259.592322395 261.974807937 283.312856258 64.8980805986 65.4937019841 70.8282140645
1024 1048576 7745.859 8096.214 8169.665 262.860673969 265.245415697 277.242801347 65.7151684922 66.3113539242 69.3107003368
1088 524288 4409.812 4454.388 4457.887 255.91736354 256.118391124 258.707329927 63.979340885 64.0295977809 64.6768324817
1152 524288 4569.72 4856.176 4861.265 248.486670033 248.747070123 264.339949056 62.1216675084 62.1867675307 66.084987264
1216 524288 5367.692 5672.035 7564.809 168.552625189 224.799109314 237.5450037 42.1381562971 56.1997773286 59.386250925
1280 524288 5625.411 5666.976 6699.285 200.346347409 236.841885337 238.59186111 50.0865868522 59.2104713343 59.6479652776
1408 524288 3702.15 3774.447 3845.102 383.967709569 391.155315732 398.79394622 95.9919273923 97.7888289331 99.6984865551
1536 524288 4167.408 4267.269 4454.14 361.5990373 377.434076924 386.478294422 90.399759325 94.3585192309 96.6195736055
1664 524288 5459.13 5476.577 5671.166 307.666970778 318.598727636 319.616947023 76.9167426945 79.649681909 79.9042367557
1792 524288 5782.722 6070.601 6074.674 309.324943528 309.532481545 324.941816674 77.331235882 77.3831203863 81.2354541685
1920 524288 4039.764 4252.087 4255.337 473.11550648 473.477123116 498.362260766 118.27887662 118.369280779 124.590565191
2112 262144 2633.153 2834.338 2940.639 376.549537703 390.671915629 420.521046821 94.1373844256 97.6679789072 105.130261705
2304 262144 3238.557 3241.371 3389.673 356.364626322 372.669327886 372.993142316 89.0911565806 93.1673319716 93.248285579
2496 262144 2347.884 2428.63 2554.456 512.290228526 538.831706765 557.362649944 128.072557132 134.707926691 139.340662486
2688 262144 2919.661 3038.885 3204.558 439.775514751 463.751061327 482.688279221 109.943878688 115.937765332 120.672069805
2944 262144 2432.023 2491.54 2692.687 573.220679567 619.497929794 634.658418938 143.305169892 154.874482449 158.664604734
3200 262144 3078.861 3240.644 3554.349 472.019376825 517.712405312 544.91631808 118.004844206 129.428101328 136.22907952
3520 262144 2937.548 2958.626 3143.724 587.040643517 623.767167597 628.242929137 146.760160879 155.941791899 157.060732284
3840 262144 3847.701 3855.857 4056.997 496.245355863 522.131894414 523.238661216 124.061338966 130.532973604 130.809665304
4224 131072 1841.382 1872.769 2032.77 544.722844198 591.261525581 601.339785009 136.180711049 147.815381395 150.334946252
4608 131072 1723.992 1785.071 1919.551 629.292762735 676.701123933 700.675845364 157.323190684 169.175280983 175.168961341
5056 131072 1831.769 1874.075 1941.404 682.701830222 707.228933741 723.562885932 170.675457555 176.807233435 180.890721483
5504 131072 2314.443 2630.783 2848.823 506.469014045 548.445301646 623.407263 126.617253511 137.111325411 155.85181575
6016 131072 2334.906 2709.301 2799.231 563.389839567 582.090474259 675.42689256 140.847459892 145.522618565 168.85672314
6592 131072 2817.675 2922.478 3079.23 561.196548488 591.297264855 613.290478142 140.299137122 147.824316214 153.322619536
7232 131072 3365.754 3371.536 3557.659 532.885644183 562.303178136 563.269153955 133.221411046 140.575794534 140.817288489
7936 131072 3017.152 3169.893 4136.819 502.892387605 656.291800386 689.516068133 125.723096901 164.072950096 172.379017033
8704 65536 1705.006 1906.607 1953.112 584.119440155 598.366988058 669.118283455 146.029860039 149.591747014 167.279570864
9536 65536 1529.988 1587.029 1631.366 766.169328036 787.573883023 816.936206036 191.542332009 196.893470756 204.234051509
10432 65536 2704.472 2954.985 3055.567 447.492430701 462.72421146 505.585971679 111.873107675 115.681052865 126.39649292
11456 65536 2329.374 2484.613 2563.148 585.826816087 604.343948937 644.619898737 146.456704022 151.085987234 161.154974684
12544 65536 2465.123 2637.333 4237.525 388.001762349 623.42039022 666.97165537 97.0004405874 155.855097555 166.742913842
13760 65536 3507.044 4113.9 4194.482 429.981752216 438.404122609 514.265210245 107.495438054 109.601030652 128.566302561
15104 65536 2895.543 3239.983 4779.082 414.245139129 611.025270194 683.70992522 103.561284782 152.756317549 170.927481305
16576 32768 1886.657 1899.525 3448.421 315.02091421 571.892834261 575.793446292 78.7552285524 142.973208565 143.948361573
18176 32768 1718.152 1724.602 1756.816 678.034771997 690.699846109 693.292756403 169.508692999 172.674961527 173.323189101
19968 32768 2001.728 2032.593 2262.32 578.442858658 643.819420809 653.746586949 144.610714665 160.954855202 163.436646737
21952 32768 2146.819 2213.32 2278.952 631.275372189 649.994701173 670.129280577 157.818843047 162.498675293 167.532320144
24128 32768 1946.026 2046.355 2260.608 699.481116585 772.716663531 812.55471818 174.870279146 193.179165883 203.138679545
26496 32768 1962.519 2138.628 2437.791 712.301364637 811.941981495 884.802570574 178.075341159 202.985495374 221.200642643
29120 32768 2062.169 2344.286 2383.278 800.749354461 814.068044599 925.437401105 200.187338615 203.51701115 231.359350276
32000 32768 2359.889 2726.831 2942.995 712.591084932 769.080298706 888.665526218 178.147771233 192.270074676 222.166381554
35200 16384 1309.204 1375.813 1560.701 739.048414783 838.365097582 881.019000859 184.762103696 209.591274396 220.254750215
38720 16384 1734.084 1768.707 1827.714 694.187909049 717.347169429 731.66983837 173.546977262 179.336792357 182.917459592
42560 16384 1666.786 1848.077 1896.677 735.28918208 754.625526967 836.703740012 183.82229552 188.656381742 209.175935003
46784 16384 1757.325 1878.919 1936.966 791.453289319 815.904310936 872.358904585 197.86332233 203.976077734 218.089726146
51456 16384 1946.273 2215.761 2422.552 696.005785634 760.962129038 866.327698118 174.001446409 190.24053226 216.58192453
56576 16384 2100.281 2390.875 2544.367 728.622234135 775.399118733 882.683016225 182.155558534 193.849779683 220.670754056
62208 16384 2257.661 2590.468 2591.949 786.447474082 786.897095042 902.895405466 196.611868521 196.724273761 225.723851367
68416 8192 1339.06 1413.703 1416.319 791.437341446 792.901864111 837.100461518 197.859335362 198.225466028 209.275115379
75200 8192 1395.067 1487.72 1592.22 773.810654307 828.164439545 883.166758299 193.452663577 207.041109886 220.791689575
82688 8192 1649.726 1667.61 1758.488 770.411963005 812.396298895 821.203152524 192.602990751 203.099074724 205.300788131
90944 8192 1823.419 1826.351 1941.656 767.399836016 815.848922797 817.160782025 191.849959004 203.962230699 204.290195506
100032 8192 1963.341 1964.841 2072.223 790.901504327 834.125655969 834.762931146 197.725376082 208.531413992 208.690732787
110016 8192 2113.643 2175.065 2178.801 827.290855842 828.71185183 852.7940357 206.822713961 207.177962957 213.198508925
120960 8192 2196.723 2330.88 2617.713 757.076363986 850.240527183 902.165926246 189.269090997 212.560131796 225.541481561
133056 4096 1268.633 1318.003 1635.531 666.447014456 827.004757956 859.188395698 166.611753614 206.751189489 214.797098925
146304 4096 1314.358 1565.606 1782.249 672.477509035 765.532559277 911.869040246 168.119377259 191.383139819 227.967260062
160896 4096 1420.777 1681.998 1956.498 673.683301491 783.627585764 927.703666374 168.420825373 195.906896441 231.925916594
176960 4096 1676.427 1830.339 1978.368 732.753623188 792.015205926 864.72976157 183.188405797 198.003801482 216.182440393
194624 4096 1642.861 1820.051 1911.029 834.293884604 875.99732535 970.477604618 208.573471151 218.999331337 242.619401154
214080 4096 1820.945 1993.292 2106.201 832.657168048 879.822605017 963.095184094 208.164292012 219.955651254 240.773796023
235456 4096 1972.935 2031.021 2306.247 836.361218898 949.697493034 977.657931964 209.090304725 237.424373259 244.414482991
258944 4096 2116.379 2236.898 2281.404 929.808682723 948.308437846 1002.31066742 232.452170681 237.077109461 250.577666855
284800 2048 1591.594 1742.982 1812.157 643.730537696 669.278741834 732.938676572 160.932634424 167.319685459 183.234669143
313280 2048 2112.881 2128.481 2142.063 599.046283886 602.868844025 607.319995778 149.761570972 150.717211006 151.829998945
344576 2048 2379.007 2465.42 2569.997 549.177020829 572.471747613 593.265718008 137.294255207 143.117936903 148.316429502
379008 2048 2530.121 2720.508 2745.91 565.356026964 570.634884367 613.574120763 141.339006741 142.658721092 153.393530191
416896 2048 2815.619 2983.353 3243.291 526.50410216 572.378131586 606.476237019 131.62602554 143.094532896 151.619059255
458560 2048 3031.689 3072.503 3597.387 522.118348679 611.31323875 619.543020409 130.52958717 152.828309688 154.885755102
504384 2048 3501.727 3568.022 3897.052 530.133255599 579.020214561 589.982275603 132.5333139 144.75505364 147.495568901
554816 1024 1930.664 2062.805 2157.105 526.753759321 550.834018727 588.534912341 131.68843983 137.708504682 147.133728085
610240 1024 2195.816 2202.309 2360.822 529.379817708 567.4823651 569.16040324 132.344954427 141.870591275 142.29010081
671232 1024 2333.235 2594.052 2620.942 524.499640206 529.936614995 589.174744936 131.124910051 132.484153749 147.293686234
738304 1024 2477.921 2615.431 2669.181 566.483349012 578.125208426 610.207747543 141.620837253 144.531302107 152.551936886
812096 1024 2703.98 3008.542 3094.403 537.477700222 552.816815587 615.083176651 134.369425055 138.204203897 153.770794163
893248 1024 3093.1 3224.536 3268.201 559.748896717 567.328726986 591.436391969 139.937224179 141.832181746 147.859097992
982528 1024 3365.227 3367.712 3672.54 547.908897929 597.502798339 597.944015069 136.977224482 149.375699585 149.486003767
1080768 512 1988.981 2017.746 2099.54 527.118526915 548.486495327 556.418805408 131.779631729 137.121623832 139.104701352
1188800 512 2029.371 2208.535 2426.182 501.747684222 551.193981531 599.85640871 125.436921055 137.798495383 149.964102177
1307648 512 2202.759 2326.129 2503.799 534.799938813 575.648019521 607.888358191 133.699984703 143.91200488 151.972089548
1438400 512 2387.219 2747.427 2793.839 527.20346448 536.109458049 617.003132096 131.80086612 134.027364512 154.250783024
1582208 512 2667.675 2909.509 3187.404 508.307384944 556.857185181 607.338222235 127.076846236 139.214296295 151.834555559
1740416 512 2903.876 3042.12 3139.372 567.688691879 585.836845358 613.726613671 141.92217297 146.459211339 153.431653418
1914432 512 3063.317 3149.711 3416.327 573.826325173 622.399441727 639.952824993 143.456581293 155.599860432 159.988206248
2105856 256 1806.667 1833.964 2019.768 533.822831137 587.905908731 596.788601331 133.455707784 146.976477183 149.197150333
2316416 256 1995.391 2000.057 2086.124 568.52085111 592.985595911 594.372226797 142.130212777 148.246398978 148.593056699
2548032 256 2150.302 2159.061 2473.152 527.501902026 604.240632386 606.701934891 131.875475507 151.060158097 151.675483723
2802816 256 2335.719 2376.22 2650.529 541.417125412 603.917899858 614.389741232 135.354281353 150.979474964 153.597435308
3083072 256 2536.165 2605.802 2844.784 554.886720398 605.7762117 622.40937163 138.721680099 151.444052925 155.602342908
3391360 256 2933.251 3074.226 3153.959 550.538646825 564.817394687 591.963088055 137.634661706 141.204348672 147.990772014
3730496 256 3096.301 3119.575 3247.734 588.106646665 612.267360778 616.869597626 147.026661666 153.066840195 154.217399407
4103488 256 3263.206 3578.448 3643.671 576.61239338 587.122086446 643.841012795 144.153098345 146.780521612 160.960253199
4513792 128 1937.466 1942.501 2193.618 526.769360937 594.867519759 596.413434868 131.692340234 148.71687994 149.103358717
4965120 128 2104.715 2185.395 2396.899 530.297989194 581.620585752 603.915836586 132.574497298 145.405146438 150.978959146
5461632 128 2258.764 2452.139 2533.394 551.899069785 570.187004897 619.001273263 137.974767446 142.546751224 154.750318316
6007744 128 2599.003 2784.611 3013.773 510.317951617 552.315014198 591.758633599 127.579487904 138.078753549 147.9396584
6608512 128 2887.744 3045.437 3542.855 477.518575273 555.512746447 585.848008688 119.379643818 138.878186612 146.462002172
7269312 128 3407.713 3648.769 3679.414 505.771808228 510.01964553 546.097594486 126.442952057 127.504911382 136.524398622
7996224 128 3738.013 4241.726 4277.966 478.506220947 482.594430663 547.626063366 119.626555237 120.648607666 136.906515841
8795840 64 2176.163 2344.203 2502.216 449.948173939 480.277313867 517.363598223 112.487043485 120.069328467 129.340899556
9675392 64 2876.863 2977.94 3079.509 402.158323291 415.874791299 430.486323471 100.539580823 103.968697825 107.621580868
10642880 64 3454.332 3557.313 3670.876 371.10723435 382.954392824 394.37107956 92.7768085874 95.738598206 98.5927698901
11707136 64 4248.476 4355.143 4540.879 330.005139534 344.07903667 352.717870596 82.5012848834 86.0197591675 88.1794676491
12877824 64 5003.677 5034.553 5243.253 314.377633885 327.409696948 329.430031555 78.5944084712 81.8524242371 82.3575078887
14165568 64 5578.211 5730.185 6223.957 291.324747906 316.428301006 325.049142817 72.8311869764 79.1070752515 81.2622857041
15582080 64 6157.858 6328.617 7003.006 284.807158526 315.156730136 323.89610803 71.2017896315 78.7891825339 80.9740270074
17140288 32 3600.814 3634.15 3814.757 287.561811146 301.852821705 304.647346961 71.8904527864 75.4632054263 76.1618367402
18854272 32 3914.382 3924.974 4368.614 276.214242778 307.434751924 308.266645412 69.0535606945 76.8586879811 77.0666613529
20739648 32 4278.134 4297.657 4845.791 273.915542788 308.851421135 310.260845499 68.4788856969 77.2128552837 77.5652113749
22813568 32 4975.712 5055.869 5318.493 274.526703711 288.786824184 293.439080075 68.6316759277 72.196706046 73.3597700188
25094912 32 5162.304 5470.341 5645.4 284.49257236 293.596755303 311.115805656 71.1231430899 73.3991888257 77.7789514139
27604352 32 5712.046 5832.569 6647.228 265.776730992 302.898864634 309.289968603 66.4441827481 75.7247161585 77.3224921508
30364736 32 6501.656 6625.127 7284.821 266.766074829 293.329185086 298.899711704 66.6915187072 73.3322962715 74.7249279261
33401152 32 7457.59 7561.309 8315.348 257.075678372 282.712124052 286.644040233 64.268919593 70.6780310129 71.6610100582
36741248 16 4404.601 4423.787 4811.927 244.334532922 265.772275202 266.929952566 61.0836332305 66.4430688006 66.7324881414
40415360 16 5534.201 5571.408 5902.205 219.120061062 232.130104275 233.690738735 54.7800152655 58.0325260688 58.4226846838
44456896 16 7358.407 7537.083 7544.767 188.55727049 188.749503223 193.332697145 47.1393176224 47.1873758057 48.3331742862
48902528 16 9544.503 9757.849 9836.333 159.091898983 160.371501547 163.956247486 39.7729747458 40.0928753868 40.9890618715
53792768 16 12080.643 12310.082 12830.235 134.165007578 139.834046272 142.48981416 33.5412518945 34.958511568 35.6224535399
59172032 16 14925.328 14944.129 15539.809 121.848667767 126.705612887 126.865220248 30.4621669417 31.6764032216 31.7163050621
65089216 16 18041.732 18116.728 18680.888 111.496568686 114.968603161 115.446505469 27.8741421714 28.7421507901 28.8616263671
71598080 8 10676.229 10886.48 11756.779 97.4390417648 105.228621189 107.300928071 24.3597604412 26.3071552972 26.8252320178
78757888 8 12612.683 12819.412 13262.406 95.0149021226 98.2982845079 99.9094489253 23.7537255306 24.574571127 24.9773622313
86633664 8 14877.472 15009.071 15150.303 91.4924687645 92.3533924252 93.1703063531 22.8731171911 23.0883481063 23.2925765883
95297024 8 17224.074 17276.564 17333.732 87.9644605097 88.2555341444 88.5244910118 21.9911151274 22.0638835361 22.131122753
104826688 8 19440.046 19614.005 19846.265 84.5109650607 85.5117049272 86.2769053118 21.1277412652 21.3779262318 21.569226328
115309312 8 22329.95 22607.389 22781.131 80.9858383238 81.6082295925 82.6221730008 20.246459581 20.4020573981 20.6555432502
126840192 8 25440.666 25657.256 25842.217 78.5320807421 79.0982119054 79.7716172996 19.6330201855 19.7745529764 19.9429043249
139524160 4 14361.327 14489.334 14696.694 75.9485963306 77.0355131575 77.7221547842 18.9871490826 19.2588782894 19.430538696
153476544 4 16191.363 16278.355 16558.33 74.1507357324 75.426070509 75.8313152512 18.5376839331 18.8565176272 18.9578288128
168824192 4 18121.147 18290.195 18603.824 72.5976302506 73.8424897055 74.5313492573 18.1494075627 18.4606224264 18.6328373143
185706560 4 20444.275 20558.768 20880.672 71.1496488236 72.2636920656 72.6683866266 17.7874122059 18.0659230164 18.1670966566
204277184 4 22940.014 22968.407 23313.844 70.0964402095 71.1506667398 71.2387303687 17.5241100524 17.7876666849 17.8096825922
224704896 4 25737.423 25992.404 26109.443 68.8501538696 69.1601734107 69.8453441901 17.2125384674 17.2900433527 17.4613360475
247175360 4 28536.82 28635.452 29159.457 67.813432877 69.0543624036 69.2930354538 16.9533582193 17.2635906009 17.3232588635
271892864 2 16032.817 16064.82 16313.134 66.6684559815 67.6989506263 67.834084054 16.6671139954 16.9247376566 16.9585210135
299082112 2 17960.496 17986.79 18292.125 65.4012832298 66.511503609 66.6088758351 16.3503208075 16.6278759023 16.6522189588
328990272 2 20058.715 20120.788 20396.045 64.520405206 65.4030591645 65.6054531908 16.1301013015 16.3507647911 16.4013632977
361889280 2 22160.914 22401.056 22713.002 63.7325317014 64.620039341 65.3202805624 15.9331329254 16.1550098353 16.3300701406
398078208 2 24547.748 24864.492 25149.171 63.3147244496 64.0396285595 64.8659433851 15.8286811124 16.0099071399 16.2164858463
437886016 2 27388.039 27398.236 27917.187 62.7407075075 63.9290815657 63.9528833737 15.6851768769 15.9822703914 15.9882208434
481674560 2 30308.033 30448.801 31191.107 61.7707553631 63.2766538164 63.5705471219 15.4426888408 15.8191634541 15.8926367805
529841984 2 33552.703 33957.194 34343.48 61.710925509 62.4129289364 63.1653412841 15.4277313773 15.6032322341 15.791335321
582826176 1 23831.292 24016.858 24108.183 48.3509002732 48.5347563782 48.9126796818 12.0877250683 12.1336890946 12.2281699205
641108736 1 26716.277 26948.728 27050.138 47.4015131457 47.5798884459 47.9938680079 11.8503782864 11.8949721115 11.998467002
705219584 1 29229.268 29261.221 29428.82 47.9271397222 48.2016511888 48.2543445152 11.9817849306 12.0504127972 12.0635861288
775741504 1 32123.069 32250.934 32955.483 47.0781450237 48.1066070211 48.2980940582 11.7695362559 12.0266517553 12.0745235145
853315648 1 35733.1 35900.996 36300.603 47.0138552795 47.5371573535 47.7605160481 11.7534638199 11.8842893384 11.940129012
938647168 1 39376.132 39786.114 40765.584 46.0509614188 47.1846618647 47.6759458242 11.5127403547 11.7961654662 11.9189864561
1032511872 1 42613.16 43820.561 47140.204 43.8059993122 47.1245391861 48.4597655748 10.951499828 11.7811347965 12.1149413937

META_DATA
ERT_VERSION  1.1.0
TIMESTAMP_DATA  1560424553.98
TIMESTAMP_DATA  1560424550.63
HOSTNAME  ('kcadmin-UniServer-R5200-G3', [], ['127.0.1.1'])
OPENMP_THREADS 1
CONFIG  {'ERT_WORKING_SET_MIN': ['1'], 'ERT_CFLAGS': ['-O3', '-march=native', '-fstrict-aliasing', '-ftree-vectorize'], 'ERT_CC': ['gcc'], 'ERT_MPI_CFLAGS': ['-I/usr/local/include'], 'ERT_MPI_LDFLAGS': ['-L/usr/local/lib', '-lmpi'], 'ERT_MEMORY_MAX': ['1073741824'], 'ERT_PROCS_THREADS': ['1-8'], 'ERT_LDFLAGS': [], 'ERT_LDLIBS': [], 'ERT_RUN': ['export', 'OMP_NUM_THREADS=ERT_OPENMP_THREADS;', 'mpirun', '-np', 'ERT_MPI_PROCS', 'ERT_CODE'], 'ERT_FLOPS': ['1,2,4,8,16'], 'ERT_OPENMP_CFLAGS': ['-fopenmp'], 'ERT_MPI': ['True'], 'ERT_TRIALS_MIN': ['1'], 'ERT_DRIVER': ['driver1'], 'ERT_RESULTS': ['Results.p100.01'], 'ERT_OPENMP': ['True'], 'ERT_MPI_PROCS': ['1,2,4,8'], 'ERT_KERNEL': ['kernel1'], 'ERT_GPU': [False], 'ERT_OPENMP_THREADS': ['1,2,4,8'], 'ERT_LD': ['gcc'], 'ERT_NUM_EXPERIMENTS': ['3'], 'ERT_OPENMP_LDFLAGS': ['-fopenmp'], 'ERT_ALIGN': ['32'], 'ERT_GNUPLOT': ['gnuplot']}
TIMESTAMP_DATA  1560424557.32
FLOPS          4
MPI_PROCS      8
WARNING: There was an error initializing an OpenFabrics device.
UNAME  ('Linux', 'kcadmin-UniServer-R5200-G3', '4.4.0-141-generic', '#167-Ubuntu SMP Wed Dec 5 10:40:15 UTC 2018', 'x86_64', 'x86_64')
