16 67108864 198401.976 202070.372 215243.955 9.97697541843 10.627404833 10.82390252 1.2471219273 1.32842560413 1.352987815
32 33554432 98938.628 99194.169 107706.384 19.9383134801 21.6492931959 21.7052094961 2.49228918501 2.70616164948 2.71315118702
48 16777216 49526.531 50001.386 53023.749 30.3753085433 32.2113618211 32.5202008596 3.79691356792 4.02642022763 4.06502510745
64 16777216 49728.244 49917.492 56240.442 38.1839752966 43.0206639388 43.1843852761 4.77299691208 5.37758299235 5.39804815951
80 8388608 28137.1 28991.037 31684.827 42.3602527481 46.296283917 47.7013366694 5.29503159351 5.78703548962 5.96266708367
96 8388608 33004.364 34972.551 36779.522 43.7910187087 46.0536246269 48.7999931161 5.47387733859 5.75670307837 6.09999913951
112 8388608 35673.528 35998.309 42819.907 43.8825846119 52.1982349782 52.6734611727 5.48532307648 6.52477937228 6.58418264658
128 8388608 41209.862 41372.339 43190.942 49.7206948624 51.9062663583 52.1109157803 6.2150868578 6.48828329479 6.51386447254
144 4194304 22056.148 23409.582 23483.7 51.4382125474 51.601073099 54.7674758077 6.42977656843 6.45013413738 6.84593447596
160 4194304 24687.205 25000.282 27319.789 49.1283911453 53.6864856164 54.367324288 6.14104889317 6.71081070206 6.795915536
176 4194304 26126.243 26449.638 29681.101 49.7419219051 55.8191007378 56.5100388908 6.21774023814 6.97738759222 7.06375486135
192 4194304 29098.061 29740.405 33730.772 47.7490623695 54.155709581 55.3512048793 5.96863279619 6.76946369762 6.91890060991
208 4194304 30333.312 32084.009 34145.521 51.0998342652 54.383180855 57.5219238836 6.38747928315 6.79789760687 7.19024048544
224 4194304 17975.621 18081.046 19453.913 96.5897293773 103.92364424 104.533144752 12.0737161722 12.9904555301 13.066643094
240 4194304 20630.846 20809.603 21092.341 95.4500934723 96.7469643702 97.5852332958 11.931261684 12.0933705463 12.198154162
256 4194304 21809.28 21908.273 22107.327 97.1390004771 98.0215851793 98.466508202 12.1423750596 12.2526981474 12.3083135253
272 2097152 12308.661 12310.305 12352.254 92.3597173439 92.6744453529 92.6868233677 11.544964668 11.5843056691 11.585852921
288 2097152 12990.225 13215.142 13390.812 90.2080883519 91.4072320978 92.9898867803 11.276011044 11.4259040122 11.6237358475
304 2097152 14570.788 14745.47 14748.954 86.4514470653 86.4718734635 87.5085421598 10.8064308832 10.8089841829 10.93856777
320 2097152 15251.816 15258.828 15329.628 87.5544585948 87.9607057632 88.0011455685 10.9443073244 10.9950882204 11.0001431961
352 2097152 10271.991 10274.161 10521.278 140.32468375 143.699812374 143.730169546 17.5405854688 17.9624765467 17.9662711932
384 2097152 12389.792 12521.693 13616.602 118.283014808 128.625796528 129.995139224 14.785376851 16.078224566 16.249392403
416 2097152 14342.529 14354.663 14437.386 120.855012396 121.551475224 121.654309641 15.1068765495 15.1939344031 15.2067887051
448 2097152 16382.447 16651.328 17781.791 105.67260587 112.846746638 114.698872031 13.2090757337 14.1058433297 14.3373590038
480 2097152 12539.1 12577.346 12689.528 158.655697832 160.070806671 160.559044908 19.831962229 20.0088508339 20.0698806134
528 1048576 7559.649 7563.009 7806.024 141.851505453 146.409485431 146.474559335 17.7314381816 18.3011856789 18.3093199168
576 1048576 8917.696 8917.782 9211.458 131.136629185 135.455156002 135.456462297 16.3920786481 16.9318945002 16.9320577871
624 1048576 7222.197 7544.514 7620.838 171.716397593 173.453564802 181.194565587 21.4645496991 21.6816956003 22.6493206984
672 1048576 8577.21 8780.409 9198.801 153.203242901 160.503473585 164.305892476 19.1504053626 20.0629341982 20.5382365594
736 1048576 7559.407 7559.479 8266.592 186.71586453 204.181250057 204.183194793 23.3394830663 25.5226562571 25.5228993491
800 1048576 9253.563 9888.404 9926.614 169.012474949 169.665559781 181.305471201 21.1265593686 21.2081949726 22.6631839001
880 1048576 8576.39 8585.145 9198.759 200.624210287 214.963609817 215.183050211 25.0780262859 26.8704512271 26.8978812764
960 1048576 10949.745 10951.793 11885.202 169.392654832 183.829800289 183.864183139 21.1740818541 22.9787250362 22.9830228923
1056 524288 5352.467 5355.231 5753.005 192.47267402 206.769092874 206.875867894 24.0590842525 25.8461366092 25.8594834868
1152 524288 5183.849 5322.073 5571.937 216.793469129 226.971624027 233.023676423 27.0991836412 28.3714530034 29.1279595528
1264 524288 5352.692 5355.017 5894.116 224.868337169 247.506229019 247.613736042 28.1085421461 30.9382786273 30.9517170052
1376 524288 5524.879 5654.749 5957.991 242.168975415 255.155547311 261.153334942 30.2711219268 31.8944434138 32.6441668677
1504 524288 5864.264 5925.819 6299.303 250.354412861 266.133390844 268.926894151 31.2943016077 33.2666738555 33.6158617688
1648 524288 6400.698 6452.018 6865.267 251.709547203 267.831436304 269.978875429 31.4636934004 33.478929538 33.7473594286
1808 524288 7333.088 7451.444 7749.156 244.649276386 254.423895288 258.530295559 30.5811595482 31.802986911 32.3162869449
1984 524288 8246.203 8247.865 10079.103 206.404754868 252.231915047 252.28275171 25.8005943584 31.5289893809 31.5353439638
2176 262144 3997.945 4006.264 6768.478 168.553504643 284.766727305 285.359275328 21.0691880804 35.5958409131 35.669909416
2384 262144 4844.458 4975.008 5005.224 249.71961135 251.236297911 258.006693834 31.2149514188 31.4045372389 32.2508367293
2608 262144 4929.819 4932.289 4941.953 276.680717927 277.222827778 277.361725451 34.5850897408 34.6528534723 34.6702156813
2864 262144 5268.094 5270.666 5318.657 282.319546457 284.890150884 285.029240556 35.2899433071 35.6112688605 35.6286550696
3136 262144 5695.232 5695.413 5925.627 277.467206086 288.68269395 288.691868567 34.6834007608 36.0853367438 36.0864835708
3440 262144 5606.729 5607.821 5615.923 321.14947445 321.613460915 321.676100272 40.1436843062 40.2016826143 40.209512534
3776 262144 6528.591 6541.736 6542.409 302.596717509 302.627848021 303.237174453 37.8245896886 37.8284810026 37.9046468066
4144 131072 3530.626 3663.501 3946.9 275.234927665 296.52639265 307.68615424 34.4043659581 37.0657990813 38.46076928
4544 131072 3827.312 3827.966 3996.513 298.055413807 311.178922697 311.232096051 37.2569267259 38.8973653371 38.9040120063
4992 131072 3911.702 3911.881 3912.1 334.506492165 334.525218942 334.54052686 41.8133115207 41.8156523677 41.8175658575
5488 131072 4601.45 4601.924 4602.948 312.548886496 312.618433507 312.650636647 39.068610812 39.0773041884 39.0813295809
6032 131072 4715.183 4802.738 4887.991 323.497446702 329.239822784 335.35339095 40.4371808377 41.1549778481 41.9191738688
6624 131072 5371.859 5386.09 5396.992 321.742529172 322.393769135 323.247846974 40.2178161465 40.2992211419 40.4059808718
7280 131072 5873.304 5879.842 6084.19 313.666785554 324.567959479 324.929259579 39.2083481943 40.5709949349 40.6161574473
8000 131072 6904.059 6908.029 7224.643 290.277595723 303.581817621 303.756384469 36.2846994654 37.9477272027 37.9695480586
8800 65536 3602.594 3622.832 4465.894 258.276080892 318.378991905 320.167523734 32.2845101115 39.7973739881 40.0209404668
9680 65536 4243.98 4421.964 4430.528 286.371502448 286.926116992 298.95922224 35.7964378061 35.865764624 37.3699027799
10640 65536 4634.878 4637.515 4783.672 291.53463699 300.722710331 300.893805619 36.4418296238 37.5903387914 37.6117257024
11696 65536 4647.769 4728.886 4742.479 323.252482931 324.181659697 329.839566467 40.4065603664 40.5227074622 41.2299458084
12864 65536 5526.132 5528.874 5729.622 294.279484406 304.964484269 305.115803966 36.7849355507 38.1205605337 38.1394754957
14144 65536 5976.567 6185.219 6204.94 298.775228769 299.727846015 310.191848933 37.3469035962 37.4659807519 38.7739811166
15552 65536 6477.049 6491.171 6956.962 293.006019582 314.031435006 314.716122111 36.6257524477 39.2539293758 39.3395152638
17104 32768 3622.381 3638.706 3652.009 306.934551366 308.05669488 309.445015309 38.3668189208 38.50708686 38.6806269136
18800 32768 3843.255 4062.411 4352.23 283.090921206 303.287087397 320.581590345 35.3863651507 37.9108859246 40.0726987931
20672 32768 4295.802 4360.37 4532.446 298.902665801 310.698448067 315.368397333 37.3628332252 38.8373060084 39.4210496666
22736 32768 4618.419 4619.447 4876.576 305.547682636 322.555166452 322.626963036 38.1934603295 40.3193958065 40.3283703796
25008 32768 4996.04 4996.214 4997.331 327.959922607 328.033244373 328.044668978 40.9949903258 41.0041555466 41.0055836222
27504 32768 5394.045 5396.366 5828.311 309.266637281 334.021477416 334.165203294 38.6583296602 41.7526846771 41.7706504117
30240 32768 5918.594 5921.551 6324.715 313.343548286 334.677289784 334.844498541 39.1679435358 41.834661223 41.8555623177
33264 16384 3301.962 3302.11 3310.021 329.301461229 330.09038221 330.105177467 41.1626826537 41.2612977763 41.2631471834
36576 16384 3596.25 3599.637 3599.871 332.934810164 332.956453109 333.270036288 41.6168512705 41.6195566386 41.658754536
40224 16384 3941.763 3942.233 3966.281 332.316351766 334.343513435 334.383379214 41.5395439708 41.7929391794 41.7979224017
44240 16384 4315.878 4317.438 4454.282 325.452299607 335.767721505 335.889086763 40.6815374509 41.9709651882 41.9861358454
48656 16384 4678.925 4827.756 5296.405 301.026792324 330.248630627 340.753444007 37.6283490405 41.2810788283 42.5941805009
53520 16384 5275.227 5289.702 6016.55 291.486542952 331.539160429 332.448889877 36.435817869 41.4423950536 41.5561112346
58864 16384 5571.139 5813.085 5824.191 331.179995986 331.812721128 346.222837377 41.3974994982 41.476590141 43.2778546721
64736 16384 6091.79 6577.853 6763.537 313.63312539 322.486569402 348.217723855 39.2041406737 40.3108211752 43.5272154818
71200 8192 4252.274 4270.085 5575.165 209.238793829 273.189128554 274.333403727 26.1548492287 34.1486410692 34.2916754659
78320 8192 6199.315 6203.688 7869.713 163.05485092 206.843877384 206.989785162 20.381856365 25.855484673 25.8737231452
86144 8192 6754.42 6755.01 9081.34 155.415753182 208.938742652 208.956993495 19.4269691477 26.1173428315 26.1196241868
94752 8192 7435.265 7618.854 8772.545 176.96310113 203.759878848 208.791047528 22.1203876412 25.469984856 26.098880941
104224 8192 8162.185 8391.954 9703.705 175.974642263 203.481336528 209.209423212 21.9968302829 25.435167066 26.1511779015
114640 8192 8967.602 9204.772 11517.811 163.07454255 204.053045529 209.449723572 20.3843178187 25.5066306911 26.1812154464
126096 8192 9784.195 9786.871 14942.881 138.256930775 211.094727212 211.152462109 17.2821163469 26.3868409014 26.3940577636
138704 4096 5769.343 5895.579 7432.635 152.874877887 192.731395508 196.948451149 19.1093597358 24.0914244385 24.6185563937
152560 4096 6086.349 6584.805 8068.532 154.894535958 189.796284021 205.340101266 19.3618169947 23.7245355026 25.6675126582
167808 4096 6586.75 6597.25 8476.899 162.168162674 208.372145364 208.704313356 20.2710203342 26.0465181704 26.0880391695
184576 4096 7254.696 7470.172 10441.338 144.813489612 202.411215163 208.423149916 18.1016862015 25.3014018954 26.0528937394
203024 4096 7936.201 8074.624 10609.768 156.758621678 205.975238971 209.567853435 19.5948277097 25.7469048714 26.1959816794
223312 4096 9428.817 9708.415 10778.233 169.728368648 188.431572404 194.019239529 21.216046081 23.5539465505 24.2524049412
245632 4096 9597.775 10901.316 11918.493 168.83152459 184.584810128 209.654565147 21.1039405737 23.0731012659 26.2068206433
270192 2048 5372.234 5593.18 5819.911 190.158652254 197.86712246 206.00488214 23.7698315318 24.7333903075 25.7506102675
297200 2048 5848.2 5890.053 6364.917 191.25641387 206.675763359 208.154851065 23.9070517337 25.8344704199 26.0193563832
326912 2048 6413.444 6466.866 6482.56 206.559068023 207.060352263 208.785100798 25.8198835028 25.8825440329 26.0981375997
359600 2048 7043.921 7047.554 7390.579 199.297186323 208.997561423 209.105354816 24.9121482904 26.1246951779 26.138169352
395552 2048 7730.822 7733.831 7984.615 202.912850776 209.492681182 209.57422018 25.364106347 26.1865851478 26.1967775225
435104 2048 8464.235 8464.823 8709.359 204.628834797 210.540253943 210.554879915 25.5786043496 26.3175317428 26.3193599894
478608 2048 9341.555 9591.951 10379.828 188.864243993 204.377437708 209.85567906 23.6080304992 25.5471797135 26.2319598825
526464 1024 5203.584 5265.614 5337.55 202.002467799 204.76211739 207.203010848 25.2503084749 25.5952646738 25.900376356
579104 1024 5703.336 5742.639 6013.518 197.223154899 206.526127099 207.949346137 24.6528943623 25.8157658874 25.9936682671
637008 1024 6252.69 6474.052 7462.974 174.808646526 201.510952337 208.64498064 21.8510808158 25.1888690421 26.08062258
700704 1024 6862.852 7067.972 7341.938 195.458173578 203.034447788 209.102832467 24.4322716972 25.3793059735 26.1378540583
770768 1024 7521.952 7522.423 7950.482 198.545555351 209.843671913 209.856811636 24.8181944189 26.2304589891 26.2321014545
847840 1024 8265.877 8728.009 8728.727 198.926638443 198.943002923 210.065588927 24.8658298054 24.8678753654 26.2581986158
932624 1024 9094.828 9124.447 9289.379 205.612662806 209.329283408 210.011003177 25.7015828507 26.1661604259 26.2513753971
1025872 1024 9980.309 10037.119 10515.549 199.798018724 209.321604735 210.513106959 24.9747523406 26.1652005919 26.3141383699
1128448 512 5729.399 5784.187 5787.685 199.653359158 199.774099973 201.684461494 24.9566698948 24.9717624966 25.2105576868
1241280 512 6100.362 6511.241 7746.012 164.093564534 195.211745349 208.359884217 20.5116955667 24.4014681687 26.0449855271
1365408 512 7100.966 7148.943 9125.796 153.211598418 195.578254296 196.899660131 19.1514498023 24.447281787 24.6124575163
1501936 512 7577.041 8074.323 10987.849 139.971204919 190.478194147 202.979298119 17.4964006149 23.8097742684 25.3724122649
1652128 512 8934.751 9319.618 13364.579 126.586783766 181.5288 189.348205899 15.8233479708 22.6911 23.6685257373
1817328 512 9982.307 11503.997 15802.231 117.764629058 161.76498238 186.424227586 14.7205786322 20.2206227975 23.3030284482
1999056 512 11346.171 13114.092 18505.077 110.620093286 156.094172894 180.41622535 13.8275116607 19.5117716118 22.5520281688
2198960 256 7009.361 7663.253 10343.346 108.849449685 146.917701921 160.623417741 13.6061812106 18.3647127401 20.0779272176
2418848 256 9060.806 10149.028 11342.65 109.185258824 122.026481354 136.682120332 13.648157353 15.2533101692 17.0852650415
2660720 256 10884.904 10949.38 12688.149 107.367011532 124.416966075 125.153941642 13.4208764415 15.5521207593 15.6442427053
2926784 256 13907.498 13958.289 14262.666 105.065449054 107.356525431 107.748597771 13.1331811318 13.4195656789 13.4685747213
3219456 256 15051.201 16925.544 17781.902 92.6988278307 97.3889803483 109.516939678 11.5873534788 12.1736225435 13.6896174598
3541392 256 17502.392 19513.35 20841.461 86.9993089256 92.9206263404 103.596851448 10.8749136157 11.6150782926 12.9496064309
3895520 256 19872.344 21512.807 22616.957 88.1863214401 92.7125056251 100.365927643 11.02329018 11.5890632031 12.5457409554
4285072 128 11607.305 12020.473 12655.137 86.6824619915 91.2591735783 94.5075908663 10.8353077489 11.4073966973 11.8134488583
4713568 128 12759.574 12925.197 13876.75 86.9564853442 93.3582217741 94.5700387803 10.869560668 11.6697777218 11.8212548475
5184912 128 14206.178 15386.948 15958.751 83.1730172367 86.2638563541 93.4338195678 10.3966271546 10.7829820443 11.679227446
5703392 128 15617.303 15654.097 15973.955 91.403059042 93.270685112 93.4904286611 11.4253823803 11.658835639 11.6863035826
6273728 128 17175.94 18280.723 18746.643 85.6726384559 87.8561733034 93.5072181202 10.709079807 10.9820216629 11.688402265
6901088 128 19258.415 19265.735 19498.539 90.6056873287 91.7005516789 91.7354064704 11.3257109161 11.4625689599 11.4669258088
7591184 128 21325.085 21433.022 21469.743 90.5154339295 90.6705131922 91.1294423445 11.3144292412 11.333814149 11.3911802931
8350288 128 23020.464 23161.921 26013.003 82.1771222646 92.2925921386 92.8597150779 10.2721402831 11.5365740173 11.6074643847
9185312 64 12781.396 12901.85 14749.569 79.7121553857 91.1280115642 91.9868170895 9.96401942321 11.3910014455 11.4983521362
10103840 64 13939.808 14188.116 16430.283 78.7138919031 91.1531538084 92.7768531676 9.83923648789 11.3941442261 11.5971066459
11114224 64 15717.917 15728.32 17673.085 80.4964539015 90.4496266607 90.5094913022 10.0620567377 11.3062033326 11.3136864128
12225632 64 17258.913 17294.128 19885.574 78.6942783749 90.4862561443 90.67088385 9.83678479686 11.310782018 11.3338604812
13448192 64 18742.795 19009.071 21783.767 79.0207027095 90.5551131878 91.8416157249 9.87758783869 11.3193891485 11.4802019656
14793008 64 20288.89 21425.64 22910.228 82.648894808 88.3756575766 93.3271866524 10.331111851 11.0469571971 11.6658983315
16272304 64 23308.174 23667.958 24884.899 83.699552568 88.0031522787 89.3615652603 10.462444071 11.0003940348 11.1701956575
17899520 32 12345.081 12382.337 13417.539 85.3784945212 92.5164030021 92.7956066064 10.6723118152 11.5645503753 11.5994508258
19689472 32 13694.515 14056.652 14599.623 86.3122429942 89.6462548835 92.0168555075 10.7890303743 11.2057818604 11.5021069384
21658416 32 15172.833 15250.914 15591.696 88.9023634119 90.8888886266 91.3566124401 11.1127954265 11.3611110783 11.419576555
23824256 32 16984.739 17155.956 17361.234 87.8251156571 88.8759789312 89.7719054735 10.9781394571 11.1094973664 11.2214881842
26206672 32 18856.098 19241.864 20125.759 83.3373294394 87.1655161891 88.9487850562 10.4171661799 10.8956895236 11.118598132
28827328 32 21130.583 22571.827 24022.037 76.8023541051 81.7368036712 87.3117884159 9.60029426314 10.2171004589 10.913973552
31710048 32 23876.858 25117.925 28494.311 71.2227459018 80.7966052928 84.996236607 8.90284323773 10.0995756616 10.6245295759
34881040 16 13721.554 15131.136 19706.34 56.6413286282 73.7679761784 81.3459816578 7.08016607853 9.2209970223 10.1682477072
38369136 16 15603.498 16378.624 18407.176 66.7029180359 74.9643164163 78.6882756674 8.33786475448 9.37053955204 9.83603445843
42206048 16 17993.135 18710.908 28709.074 47.0441344085 72.1821482955 75.0616018832 5.88051680106 9.02276853694 9.3827002354
46426640 16 20229.304 21333.373 23291.681 63.7846826084 69.6398305134 73.4406126874 7.97308532604 8.70497881418 9.18007658593
51069296 16 23229.062 24590.695 25818.434 63.29653735 66.4567419506 70.3522799156 7.91206716875 8.30709274382 8.79403498945
56176224 16 27082.567 27251.362 31042.7 57.9085958373 65.9651127896 66.3762474215 7.23857447967 8.2456390987 8.29703092768
61793840 16 30843.48 31024.517 31458.589 62.857329043 63.7367821069 64.1108876171 7.85716613037 7.96709776336 8.01386095214
67973216 8 17605.867 17777.92 17859.329 60.8965463372 61.1754049968 61.7732404772 7.61206829215 7.6469256246 7.72165505965
74770528 8 20427.423 20656.425 28940.0 41.338232481 57.9155612842 58.5648247456 5.16727906012 7.23944516053 7.3206030932
82247568 8 23016.001 23057.214 23651.888 55.63873328 57.0737248655 57.1759224376 6.95484166 7.13421560818 7.1469903047
90472320 8 25995.01 26089.872 26090.874 55.4813579645 55.4834887653 55.6859612672 6.93516974556 6.93543609566 6.9607451584
99519552 8 29403.469 29727.941 29868.321 53.3110927795 53.5628361211 54.1539106151 6.66388659744 6.69535451513 6.76923882689
109471504 8 33346.061 33378.56 33692.869 51.9856015823 52.4751236722 52.5262658159 6.49820019779 6.55939045903 6.56578322699
120418640 8 37239.322 37458.939 49832.772 38.6632764479 51.4349389341 51.7382738601 4.83290955598 6.42936736676 6.46728423251
132460496 8 41625.399 41730.508 42695.002 49.6397197967 50.7870150059 50.9152581576 6.20496497459 6.34837687574 6.36440726971
145706544 4 23317.675 23961.807 23995.247 48.5784685609 48.6462624459 49.9900762833 6.07230857011 6.08078280574 6.24875953542
160277184 4 26074.485 26245.039 26554.783 48.2857446811 48.8556131313 49.1751791838 6.03571808514 6.10695164141 6.14689739797
176304896 4 28985.896 29046.453 29130.645 48.4177115886 48.5580517525 48.6594986748 6.05221394858 6.06975646906 6.08243733435
193935376 4 32289.141 32405.715 32670.973 47.4881176021 47.8768330833 48.0496835763 5.93601470027 5.98460413541 6.00621044704
213328912 4 36035.01 37997.845 38410.581 44.4312804329 44.9138969855 47.360366932 5.55391005411 5.61423712318 5.92004586651
234661792 4 40038.054 40292.877 44566.068 42.1238493824 46.5912209744 46.8877517374 5.26548117281 5.8239026218 5.86096896717
258127968 4 44466.849 44677.81 49101.286 42.0564085429 46.2203439246 46.4396239095 5.25705106787 5.77754299058 5.80495298869
283940752 2 24790.627 24983.668 27634.767 41.0990622067 45.4602185716 45.8142106692 5.13738277583 5.68252732145 5.72677633365
312334816 2 27411.583 27689.76 28480.142 43.8670307192 45.1191799423 45.5770563853 5.48337883989 5.63989749279 5.69713204816
343568288 2 30285.587 30768.953 62983.886 21.8194404836 44.6642806468 45.3771344105 2.72743006044 5.58303508085 5.67214180131
377925104 2 33365.588 33749.871 34071.77 44.3681210574 44.7912946393 45.3071714486 5.54601513218 5.59891182991 5.66339643108
415717600 2 36851.435 37299.564 37718.695 44.0861063725 44.5814969848 45.1236268004 5.51076329656 5.5726871231 5.64045335005
457289360 2 40792.64 41872.438 42050.187 43.4993889563 43.6840443826 44.8403790488 5.43742361954 5.46050554783 5.6050473811
503018288 2 45816.086 46390.888 66855.098 30.0960317491 43.3721629127 43.9163038065 3.76200396864 5.42152036409 5.48953797581
553320112 1 44707.309 45986.287 56474.556 19.5953771465 24.0645700315 24.7530045702 2.44942214331 3.00807125394 3.09412557128
608652112 1 48615.956 49677.882 53016.686 22.9607754811 24.5039477327 25.0391913305 2.87009693514 3.06299346659 3.12989891631
669517312 1 53880.112 68530.082 84551.727 15.8368689974 19.5393699368 24.8521128538 1.97960862467 2.44242124211 3.10651410673
736469040 1 43656.374 49543.732 59166.139 24.8949501336 29.730059092 33.739359114 3.11186876669 3.7162573865 4.21741988925
810115936 1 44314.837 44706.784 65083.197 24.8947800152 36.241297786 36.5618375624 3.1118475019 4.53016222325 4.5702296953
891127520 1 48882.047 70483.83 76203.806 23.3880055807 25.2860129763 36.4603192661 2.92350069759 3.16075162204 4.55753990826
980240272 1 59424.589 79282.275 87955.956 22.2893438166 24.7278542903 32.9910661056 2.78616797707 3.09098178628 4.12388326321

META_DATA
ERT_VERSION  1.1.0
HOSTNAME  ('kcadmin-UniServer-R5200-G3', [], ['127.0.1.1'])
FLOPS          2
CONFIG  {'ERT_WORKING_SET_MIN': ['1'], 'ERT_CFLAGS': ['-O3', '-march=native', '-fstrict-aliasing', '-ftree-vectorize'], 'ERT_CC': ['gcc'], 'ERT_MPI_CFLAGS': ['-I/usr/local/include'], 'ERT_MPI_LDFLAGS': ['-L/usr/local/lib', '-lmpi'], 'ERT_MEMORY_MAX': ['1073741824'], 'ERT_PROCS_THREADS': ['1-8'], 'ERT_LDFLAGS': [], 'ERT_LDLIBS': [], 'ERT_RUN': ['export', 'OMP_NUM_THREADS=ERT_OPENMP_THREADS;', 'mpirun', '-np', 'ERT_MPI_PROCS', 'ERT_CODE'], 'ERT_FLOPS': ['1,2,4,8,16'], 'ERT_OPENMP_CFLAGS': ['-fopenmp'], 'ERT_MPI': ['True'], 'ERT_TRIALS_MIN': ['1'], 'ERT_DRIVER': ['driver1'], 'ERT_RESULTS': ['Results.p100.01'], 'ERT_OPENMP': ['True'], 'ERT_MPI_PROCS': ['1,2,4,8'], 'ERT_KERNEL': ['kernel1'], 'ERT_GPU': [False], 'ERT_OPENMP_THREADS': ['1,2,4,8'], 'ERT_LD': ['gcc'], 'ERT_NUM_EXPERIMENTS': ['3'], 'ERT_OPENMP_LDFLAGS': ['-fopenmp'], 'ERT_ALIGN': ['32'], 'ERT_GNUPLOT': ['gnuplot']}
TIMESTAMP_DATA  1560424321.15
MPI_PROCS      2
OPENMP_THREADS 1
TIMESTAMP_DATA  1560424313.94
TIMESTAMP_DATA  1560424306.86
UNAME  ('Linux', 'kcadmin-UniServer-R5200-G3', '4.4.0-141-generic', '#167-Ubuntu SMP Wed Dec 5 10:40:15 UTC 2018', 'x86_64', 'x86_64')
