16 67108864 462298.245 463409.628 474556.647 4.52524195283 4.63409372237 4.6452342643 2.26262097642 2.31704686118 2.32261713215
32 33554432 233571.743 234522.015 254154.045 8.44953558776 9.15685313381 9.19410721698 4.22476779388 4.5784265669 4.59705360849
48 16777216 115573.931 116163.752 122290.154 13.1704203758 13.8650199246 13.9357787873 6.58521018789 6.93250996232 6.96788939367
64 16777216 114496.966 115249.84 122567.893 17.5207682488 18.6332896254 18.7558126911 8.76038412441 9.3166448127 9.37790634557
80 8388608 57549.586 58360.054 62312.151 21.5395754834 22.9982186103 23.3221013962 10.7697877417 11.4991093051 11.6610506981
96 8388608 59096.507 59107.317 62728.602 25.6758908161 27.2489569439 27.2539413539 12.8379454081 13.6244784719 13.626970677
112 8388608 59874.893 60391.432 61066.192 30.7706790035 31.1144831273 31.3829068889 15.3853395018 15.5572415637 15.6914534444
128 8388608 64194.323 65040.792 68499.603 31.3503079427 33.0174892089 33.4528591882 15.6751539713 16.5087446045 16.7264295941
144 4194304 34992.133 35409.882 40165.121 30.0748391123 34.1136282804 34.5208893668 15.0374195561 17.0568141402 17.2604446834
160 4194304 38337.236 38653.683 43653.783 30.74595574 34.7231408712 35.0097560502 15.37297787 17.3615704356 17.5048780251
176 4194304 41220.45 41423.539 44320.065 33.3121128771 35.6414503358 35.8170521671 16.6560564385 17.8207251679 17.9085260835
192 4194304 45106.759 45138.963 53706.116 29.9893728305 35.6812081837 35.7066828056 14.9946864152 17.8406040919 17.8533414028
208 4194304 47731.361 47828.358 47876.542 36.4443711077 36.4810864718 36.5552212936 18.2221855538 18.2405432359 18.2776106468
224 4194304 39686.05 39798.675 39913.196 47.0783695698 47.2138379481 47.3478260497 23.5391847849 23.6069189741 23.6739130249
240 4194304 49412.923 49493.251 52648.001 38.2401208357 40.6775849095 40.743712328 19.1200604179 20.3387924548 20.371856164
256 4194304 51068.531 52064.896 52536.815 40.8757867792 41.2462870952 42.0510166623 20.4378933896 20.6231435476 21.0255083311
272 2097152 28829.386 29042.176 30700.009 37.1612493013 39.2825485253 39.5724934274 18.5806246506 19.6412742626 19.7862467137
288 2097152 30836.821 30876.747 32729.671 36.907170622 39.1219823772 39.1726355969 18.453585311 19.5609911886 19.5863177985
304 2097152 35602.284 35701.991 37040.729 34.4234158026 35.7142103363 35.8142307949 17.2117079013 17.8571051682 17.9071153974
320 2097152 37397.565 37404.046 37546.134 35.747416232 35.8832111371 35.8894296995 17.873708116 17.9416055686 17.9447148498
352 2097152 24760.654 24976.206 25115.429 58.7843834163 59.112060815 59.626656388 29.3921917081 29.5560304075 29.813328194
384 2097152 28598.322 28733.16 28932.447 55.6680441167 56.0541456631 56.3184349068 27.8340220583 28.0270728315 28.1592174534
416 2097152 35608.527 36544.416 36770.977 47.4512946447 47.7454740007 49.0003549992 23.7256473223 23.8727370004 24.5001774996
448 2097152 39911.08 40592.919 41299.778 45.4977794796 46.2900485673 47.0808655641 22.7488897398 23.1450242837 23.5404327821
480 2097152 25765.581 27143.725 28713.633 70.1153323232 74.1705834406 78.1378040728 35.0576661616 37.0852917203 39.0689020364
528 1048576 17775.874 17968.696 19610.85 56.4634503859 61.6236290046 62.2920851037 28.2317251929 30.8118145023 31.1460425518
576 1048576 20930.654 21062.848 23993.574 50.345127908 57.3502477918 57.7124609675 25.172563954 28.6751238959 28.8562304838
624 1048576 15519.268 15528.026 17360.306 75.380171755 84.2749006216 84.3224595387 37.6900858775 42.1374503108 42.1612297693
672 1048576 20006.61 20020.963 22119.472 63.7124676394 70.3905273687 70.4410264408 31.8562338197 35.1952636844 35.2205132204
736 1048576 15592.488 16464.9 17458.105 88.4118792962 93.7451106293 98.9902234974 44.2059396481 46.8725553146 49.4951117487
800 1048576 20928.767 22621.836 22916.167 73.21126609 74.1638123449 80.1634229097 36.605633045 37.0819061724 40.0817114549
880 1048576 18219.202 19092.927 21456.22 86.0120636347 96.658503958 101.293885429 43.0060318173 48.329251979 50.6469427146
960 1048576 25445.48 26471.985 28628.163 70.3246631647 76.0526994859 79.1207680107 35.1623315824 38.0263497429 39.5603840053
1056 524288 11750.694 12085.29 13200.807 83.8809518236 91.6234741574 94.2324135068 41.9404759118 45.8117370787 47.1162067534
1152 524288 11630.836 11776.058 13703.67 88.1486165385 102.577581734 103.858359967 44.0743082692 51.288790867 51.9291799833
1264 524288 11537.772 11729.766 13933.474 95.12344617 112.994586934 114.874870469 47.561723085 56.4972934669 57.4374352345
1376 524288 11628.49 12803.524 12855.292 112.237090842 112.690894788 124.078068262 56.1185454208 56.345447394 62.0390341308
1504 524288 13131.6 13217.609 13745.711 114.73093709 119.314945994 120.096431813 57.3654685451 59.6574729968 60.0482159067
1648 524288 14190.805 14971.145 15016.864 115.074175807 115.425590227 121.772742843 57.5370879033 57.7127951135 60.8863714215
1808 524288 16542.907 16810.447 16999.816 111.520348691 112.776620872 114.600499658 55.7601743454 56.3883104358 57.3002498291
1984 524288 19839.332 20183.666 20440.859 101.775311106 103.0721963 104.861130607 50.887655553 51.5360981499 52.4305653033
2176 262144 9271.726 9294.005 9501.78 120.067049332 122.751245346 123.046203911 60.0335246659 61.3756226729 61.5231019553
2384 262144 11291.459 11512.085 11546.29 108.251446309 108.573085762 110.694516271 54.1257231544 54.2865428808 55.3472581356
2608 262144 11264.502 11268.026 11895.633 114.944963753 121.34717332 121.385135712 57.4724818763 60.6735866602 60.6925678561
2864 262144 12180.273 12529.771 12645.054 118.746889653 119.839447345 123.278093356 59.3734448267 59.9197236725 61.6390466782
3136 262144 13221.54 13404.347 15612.395 105.311655771 122.659251361 124.355193722 52.6558278855 61.3296256804 62.1775968609
3440 262144 12309.635 12320.297 13128.936 137.372192232 146.388574886 146.515369465 68.6860961162 73.1942874429 73.2576847323
3776 262144 15553.521 15866.579 16103.683 122.93532405 124.772421831 127.2838149 61.4676620249 62.3862109154 63.6419074498
4144 131072 7935.162 7935.328 8143.719 133.394182191 136.897269527 136.900133356 66.6970910956 68.4486347634 68.4500666779
4544 131072 8636.909 8654.249 8966.585 132.846823623 137.641329248 137.91766661 66.4234118117 68.8206646238 68.9588333048
4992 131072 8637.683 8812.123 9633.45 135.841557075 148.502562663 151.50160616 67.9207785373 74.2512813314 75.7508030799
5488 131072 9163.184 9172.585 9625.454 149.462692565 156.841966796 157.002879348 74.7313462825 78.4209833978 78.5014396742
6032 131072 10681.392 10747.536 11109.558 142.332629975 147.126988735 148.038065451 71.1663149875 73.5634943675 74.0190327253
6624 131072 10586.836 11039.489 11131.359 155.99549489 157.293680532 164.018962417 77.9977474449 78.6468402659 82.0094812085
7280 131072 11675.679 11862.51 11911.575 160.21460806 160.87727808 163.45159198 80.1073040299 80.4386390401 81.7257959901
8000 131072 13504.776 13806.541 13926.248 150.589878911 151.895539947 155.289654564 75.2949394553 75.9477699737 77.6448272818
8800 65536 7063.106 7267.331 7432.732 155.182993279 158.71488446 163.304019506 77.5914966395 79.3574422302 81.6520097532
9680 65536 8125.873 8127.845 8589.202 147.717676217 156.102504415 156.140387624 73.8588381086 78.0512522077 78.0701938118
10640 65536 8494.96 8943.494 9491.582 146.930836187 155.93526199 164.168645879 73.4654180936 77.9676309952 82.0843229397
11696 65536 9389.532 9417.43 9841.571 155.769654255 162.785187891 163.268852164 77.8848271277 81.3925939455 81.6344260822
12864 65536 10317.143 10378.958 10393.276 162.230870036 162.454671076 163.428015682 81.1154350178 81.2273355379 81.7140078411
14144 65536 11670.084 11682.141 11733.173 158.003497264 158.69371616 158.85767129 79.0017486318 79.3468580802 79.4288356451
15552 65536 12267.3 12284.386 12738.143 160.025817264 165.936803353 166.167921548 80.012908632 82.9684016767 83.0839607738
17104 32768 6805.57 6824.913 6829.561 164.12881355 164.240590906 164.707400556 82.0644067752 82.1202954529 82.3537002779
18800 32768 7159.191 7177.982 7393.676 166.639273888 171.64668287 172.097210425 83.3196369438 85.823341435 86.0486052125
20672 32768 8065.728 8072.441 8384.354 161.581940839 167.825344527 167.965023368 80.7909704194 83.9126722636 83.982511684
22736 32768 8808.193 8822.033 10366.927 143.728850025 168.898313575 169.16369748 71.8644250123 84.4491567873 84.5818487401
25008 32768 9522.476 9546.165 9759.177 167.93673155 171.684051973 172.111149243 83.9683657751 85.8420259864 86.0555746216
27504 32768 10712.211 10750.43 10806.881 166.792078491 167.66791133 168.266116491 83.3960392457 83.833955665 84.1330582454
30240 32768 11334.003 11359.812 12022.717 164.838666667 174.45787307 174.855136354 82.4193333337 87.2289365352 87.4275681769
33264 16384 6270.761 6272.874 6727.509 162.020556494 173.763214756 173.82176613 81.0102782471 86.8816073781 86.9108830651
36576 16384 6804.708 6833.612 7544.654 158.857168003 175.386364927 176.131344357 79.4285840013 87.6931824634 88.0656721787
40224 16384 7533.501 7929.602 8042.217 163.892622146 166.220200207 174.959827045 81.9463110732 83.1101001034 87.4799135223
44240 16384 8334.62 8334.794 8338.236 173.856475159 173.928272252 173.931903314 86.9282375793 86.9641361262 86.9659516571
48656 16384 9047.091 9285.881 9700.105 164.365211304 171.69720439 176.229000902 82.1826056522 85.8486021951 88.114500451
53520 16384 10353.32 10451.399 10654.731 164.597619593 167.799866793 169.38946734 82.2988097963 83.8999333965 84.69473367
58864 16384 10780.48 10798.93 10804.468 178.523880306 178.615432455 178.921119653 89.2619401529 89.3077162274 89.4605598266
64736 16384 11794.026 12036.681 12162.522 174.410311282 176.233734864 179.859638091 87.2051556412 88.1168674321 89.9298190457
71200 8192 6618.585 6630.55 6633.244 175.862790514 175.934243766 176.252295619 87.931395257 87.9671218828 88.1261478095
78320 8192 7214.361 7450.794 7661.908 167.477197586 172.222568494 177.866741074 83.7385987929 86.111284247 88.9333705369
86144 8192 7926.55 7938.708 8160.865 172.945306165 177.785011868 178.057704298 86.4726530827 88.8925059342 89.0288521488
94752 8192 8717.744 8818.731 8939.531 173.657518275 176.0362991 178.075516785 86.8287591374 88.0181495501 89.0377583925
104224 8192 10015.583 10686.682 12361.542 138.138592742 159.788231371 170.494919367 69.069296371 79.8941156853 85.2474596836
114640 8192 10499.774 10715.017 15056.909 124.744179566 175.292466638 178.885922687 62.3720897828 87.6462333191 89.4429613437
126096 8192 11464.452 11929.778 16084.267 128.445820005 173.176471851 180.205461543 64.2229100027 86.5882359253 90.1027307716
138704 4096 6417.44 6428.099 9024.147 125.913636824 176.765038622 177.058635219 62.9568184118 88.3825193109 88.5293176095
152560 4096 6997.681 7664.123 9287.706 134.561916581 163.067779575 178.597955523 67.2809582905 81.5338897875 89.2989777613
167808 4096 7678.323 7682.595 10600.942 129.675564304 178.934739629 179.034293817 64.8377821518 89.4673698145 89.5171469083
184576 4096 8644.283 8884.838 10915.818 138.518853282 170.182798156 174.918682324 69.2594266412 85.0913990778 87.4593411622
203024 4096 9245.093 9248.656 12034.553 138.199782576 179.828572714 179.897877501 69.099891288 89.9142863569 89.9489387505
223312 4096 10169.902 10171.678 13490.544 135.604013003 179.84956897 179.880976631 67.8020065017 89.9247844849 89.9404883154
245632 4096 11508.971 11604.817 14382.356 139.908742629 173.395008642 174.839031569 69.9543713144 86.6975043208 87.4195157847
270192 2048 6204.057 6205.987 7320.245 151.184343147 178.328835043 178.384310782 75.5921715735 89.1644175213 89.1921553912
297200 2048 6804.437 7280.337 7834.889 155.373126537 167.208083912 178.902560197 77.6865632685 83.6040419558 89.4512800986
326912 2048 7471.986 7472.517 8462.128 158.238158534 179.194179418 179.206913932 79.1190792671 89.5970897089 89.6034569658
359600 2048 8902.516 9409.198 9553.233 154.180432949 156.540610581 165.450036821 77.0902164744 78.2703052906 82.7250184105
395552 2048 8991.076 9176.843 9379.848 172.729983684 176.551019997 180.198787331 86.3649918421 88.2755099984 90.0993936655
435104 2048 10203.567 10326.959 11119.227 160.279665484 172.576068521 174.663035388 80.139832742 86.2880342606 87.3315176938
478608 2048 10824.572 10847.222 11510.742 170.308601131 180.726306514 181.10446935 85.1543005655 90.3631532571 90.552234675
526464 1024 6048.451 6212.86 6243.705 172.685652509 173.542985356 178.260230925 86.3428262546 86.7714926781 89.1301154626
579104 1024 6629.22 6895.124 7542.004 157.253296604 172.006332591 178.905661903 78.626648302 86.0031662955 89.4528309515
637008 1024 7345.871 7523.599 7529.403 173.266377693 173.400042187 177.595329948 86.6331888464 86.7000210936 88.797664974
700704 1024 7984.72 8013.069 8347.122 171.920548424 179.087661918 179.723495877 85.9602742119 89.5438309591 89.8617479386
770768 1024 8754.969 8982.351 9163.67 172.25989849 175.737161017 180.301365316 86.1299492452 87.8685805086 90.150682658
847840 1024 9601.341 9606.989 10110.01 171.748229725 180.740950156 180.84727123 85.8741148624 90.3704750781 90.4236356151
932624 1024 10552.205 10558.428 10576.861 180.584197145 180.899462685 181.006145351 90.2920985725 90.4497313426 90.5030726753
1025872 1024 11612.121 12034.716 12261.595 171.346864417 174.577103107 180.93041366 85.6734322085 87.2885515537 90.46520683
1128448 512 6456.876 6492.507 6627.146 174.363255616 177.979130712 178.961273532 87.1816278078 88.9895653559 89.4806367661
1241280 512 7160.883 7645.928 8650.903 146.929253513 166.241523593 177.501953321 73.4646267563 83.1207617963 88.7509766603
1365408 512 7797.839 7910.185 8374.627 166.954037714 176.756648802 179.303239269 83.4770188571 88.3783244008 89.6516196346
1501936 512 8860.751 8893.175 9130.575 168.443111633 172.939637868 173.572473033 84.2215558166 86.4698189342 86.7862365165
1652128 512 10122.12 10554.814 10925.549 154.84613835 160.285067269 167.136832205 77.4230691748 80.1425336344 83.5684161026
1817328 512 11824.956 12208.276 12425.898 149.763330747 152.432978416 157.374274543 74.8816653734 76.2164892078 78.6871372714
1999056 512 13776.209 13877.106 14781.739 138.483932371 147.511544842 148.591919882 69.2419661854 73.7557724211 74.2959599408
2198960 256 8019.957 8320.627 8951.892 125.768666557 135.310418313 140.383236469 62.8843332784 67.6552091567 70.1916182344
2418848 256 9570.049 9870.281 10191.75 121.514968087 125.472636088 129.40896917 60.7574840435 62.736318044 64.7044845852
2660720 256 11841.372 11891.631 11978.468 113.728119489 114.558603441 115.044830954 56.8640597445 57.2793017207 57.5224154769
2926784 256 14138.166 14167.629 14778.197 101.400286381 105.770232126 105.990650272 50.7001431907 52.8851160628 52.9953251362
3219456 256 16505.329 16658.652 17266.659 95.4649925038 98.9492710455 99.8684407927 47.7324962519 49.4746355227 49.9342203963
3541392 256 19021.295 19620.327 20204.209 89.7433155636 92.4139900421 95.3243564121 44.8716577818 46.206995021 47.6621782061
3895520 256 21304.144 21363.188 22092.365 90.2803407422 93.3618259597 93.6205763536 45.1401703711 46.6809129798 46.8102881768
4285072 128 11777.668 11993.191 12406.454 88.4199814065 91.4667691026 93.1405463289 44.2099907032 45.7333845513 46.5702731644
4713568 128 13358.981 13485.854 13823.596 87.2908473309 89.4769740203 90.3267553117 43.6454236654 44.7384870102 45.1633776558
5184912 128 14494.576 14844.931 15159.844 87.5561431899 89.4135157651 91.57477059 43.7780715949 44.7067578825 45.787385295
5703392 128 15740.469 15909.375 16461.645 88.6951669775 91.7740861599 92.7588848846 44.3475834888 45.8870430799 46.3794424423
6273728 128 17459.681 17603.53 18345.395 87.5464588252 91.2359264307 91.9876123739 43.7732294126 45.6179632153 45.993806187
6901088 128 19380.658 19551.813 20569.457 85.888437794 90.3588085668 91.1567877623 42.944218897 45.1794042834 45.5783938812
7591184 128 21065.123 21605.048 22104.947 87.9143978043 89.9485668349 92.2540591859 43.9571989021 44.9742834175 46.1270295929
8350288 128 23362.289 23778.906 24932.171 85.7395743034 89.8979006015 91.5010394743 42.8697871517 44.9489503007 45.7505197372
9185312 64 13030.021 13200.003 13762.57 85.4288069743 89.0696718781 90.231622497 42.7144034871 44.5348359391 45.1158112485
10103840 64 14480.809 15225.234 15659.939 82.5859870846 84.9439502867 89.3107229023 41.2929935423 42.4719751434 44.6553614511
11114224 64 16130.714 16462.134 16608.592 85.6557059141 86.4177555595 88.1932859265 42.8278529571 43.2088777798 44.0966429632
12225632 64 17231.722 17481.731 18371.298 85.1807474899 89.5152142542 90.813959046 42.590373745 44.7576071271 45.406979523
13448192 64 19021.096 19232.336 20715.605 83.0952596364 89.5038738924 90.497864897 41.5476298182 44.7519369462 45.2489324485
14793008 64 20620.47 21979.16 23100.199 81.9692083172 86.1500177441 91.8264726265 40.9846041586 43.075008872 45.9132363132
16272304 64 23862.901 24342.833 26486.353 78.6387960623 85.5633734989 87.2842288538 39.3193980311 42.7816867494 43.6421144269
17899520 32 13287.547 13722.184 15582.316 73.5172666246 83.4830140741 86.2137518686 36.7586333123 41.7415070371 43.1068759343
19689472 32 13866.143 15139.347 16183.34 77.8656450399 83.2351757312 90.877918106 38.9328225199 41.6175878656 45.438959053
21658416 32 15404.908 16657.088 18628.75 74.4085686909 83.2161434219 89.9803247121 37.2042843454 41.608071711 44.990162356
23824256 32 17285.02 18563.336 20783.014 73.3653157333 82.1378433273 88.2123586782 36.6826578667 41.0689216636 44.1061793391
26206672 32 20042.427 20278.161 23043.367 72.7856744199 82.7110016535 83.6838277121 36.3928372099 41.3555008267 41.841913856
28827328 32 21953.835 25379.404 25926.15 71.1617032224 72.6947327841 84.0376632147 35.5808516112 36.3473663921 42.0188316073
31710048 32 24772.043 25417.082 29209.837 69.4780690491 79.8456357815 81.9247355577 34.7390345246 39.9228178907 40.9623677789
34881040 16 14143.856 14478.183 17137.435 65.1318753361 77.094845396 78.917183546 32.565937668 38.547422698 39.458591773
38369136 16 16142.572 16403.671 18816.588 65.2515935408 74.8498523288 76.0605157592 32.6257967704 37.4249261644 38.0302578796
42206048 16 18393.237 18741.654 21886.267 61.7096344479 72.0637322618 73.4288116877 30.854817224 36.0318661309 36.7144058438
46426640 16 21022.466 21816.322 22819.063 65.1057617922 68.0982101383 70.6697530157 32.5528808961 34.0491050691 35.3348765078
51069296 16 23969.523 24187.586 24426.024 66.9047681276 67.5643064173 68.1789734406 33.4523840638 33.7821532087 34.0894867203
56176224 16 27505.181 27881.304 28557.254 62.9486003101 64.4747163906 65.3563838755 31.474300155 32.2373581953 32.6781919377
61793840 16 31331.25 31784.215 32723.312 60.4279566812 62.2133621988 63.1127988829 30.2139783406 31.1066810994 31.5563994415
67973216 8 17948.034 18167.27 18506.961 58.7655345467 59.8643305241 60.595575872 29.3827672734 29.932165262 30.297787936
74770528 8 20358.596 20422.529 21197.213 56.4380066379 58.5788590629 58.7628168465 28.219003319 29.2894295315 29.3814084233
82247568 8 23059.942 23151.434 23842.318 55.1943434359 56.8414504259 57.0669730219 27.597171718 28.420725213 28.5334865109
90472320 8 25891.125 25953.36 27049.512 53.5150918804 55.7753262005 55.9093944354 26.7575459402 27.8876631003 27.9546972177
99519552 8 29206.704 29320.181 30077.767 52.9398619253 54.3077422339 54.5187444636 26.4699309626 27.153871117 27.2593722318
109471504 8 32707.627 32886.27 33700.788 51.9733860229 53.2606484104 53.5515482062 25.9866930115 26.6303242052 26.7757741031
120418640 8 36568.18 37882.682 37976.956 50.7333510353 50.8596049245 52.6878351616 25.3666755176 25.4298024622 26.3439175808
132460496 8 40831.727 41448.292 41513.001 51.0531131199 51.1328171496 51.904930105 25.52655656 25.5664085748 25.9524650525
145706544 4 22856.304 22907.082 39442.638 29.5531032179 50.8861125132 50.9991620692 14.7765516089 25.4430562566 25.4995810346
160277184 4 25414.612 25477.508 27051.551 47.3990371938 50.3274288835 50.4519790426 23.6995185969 25.1637144418 25.2259895213
176304896 4 28350.357 28376.541 28522.559 49.4499518083 49.7044078769 49.7503141848 24.7249759042 24.8522039385 24.8751570924
193935376 4 31529.261 31590.144 31655.019 49.0122279819 49.11288179 49.20771876 24.506113991 24.556440895 24.60385938
213328912 4 35097.828 35515.796 35551.768 48.0041188388 48.0527395754 48.6249831756 24.0020594194 24.0263697877 24.3124915878
234661792 4 39012.852 39033.841 43695.113 42.9634850927 48.0940201606 48.119894849 21.4817425464 24.0470100803 24.0599474245
258127968 4 43212.483 44205.675 48538.227 42.54427637 46.7139964269 47.787666911 21.272138185 23.3569982135 23.8938334555
283940752 2 24135.026 27112.948 50849.762 22.3356602534 41.8900596128 47.0587024849 11.1678301267 20.9450298064 23.5293512425
312334816 2 26660.037 26752.681 28952.768 43.1509437716 46.6995911176 46.8618728474 21.5754718858 23.3497955588 23.4309364237
343568288 2 29559.038 29575.867 29595.657 46.4349601024 46.4660309705 46.4924857162 23.2174800512 23.2330154852 23.2462428581
377925104 2 32720.594 32721.264 32771.394 46.1286576946 46.1993282411 46.2002742371 23.0643288473 23.0996641206 23.1001371185
415717600 2 36157.254 36234.211 36376.181 45.7131659863 45.8922756728 45.9899526662 22.8565829931 22.9461378364 22.9949763331
457289360 2 39928.309 40154.359 79592.294 22.9815896499 45.5531475425 45.8110419853 11.4907948249 22.7765737712 22.9055209926
503018288 2 44343.596 44992.958 46269.888 43.4855850959 44.7197348527 45.3746049824 21.7427925479 22.3598674264 22.6873024912
553320112 1 44247.76 44297.035 44470.77 24.8846652307 24.9822640274 25.0100846687 12.4423326153 12.4911320137 12.5050423343
608652112 1 48594.564 48780.796 48856.912 24.9157012625 24.954578929 25.0502139293 12.4578506312 12.4772894645 12.5251069646
669517312 1 53520.739 53863.633 53925.028 24.8314126791 24.8597160908 25.0189860794 12.4157063395 12.4298580454 12.5094930397
736469040 1 59014.49 60203.366 61478.255 23.9586839282 24.4660419818 24.9589224612 11.9793419641 12.2330209909 12.4794612306
810115936 1 65063.42 65556.527 65736.316 24.6474395066 24.715035194 24.9023471561 12.3237197533 12.357517597 12.451173578
891127520 1 72315.026 72323.512 74070.01 24.0617631886 24.6428165712 24.6457083484 12.0308815943 12.3214082856 12.3228541742
980240272 1 71988.022 79607.292 80029.665 24.4969230347 24.6268965411 27.2334270276 12.2484615174 12.3134482705 13.6167135138

META_DATA
ERT_VERSION  1.1.0
TIMESTAMP_DATA  1560424680.28
FLOPS          8
HOSTNAME  ('kcadmin-UniServer-R5200-G3', [], ['127.0.1.1'])
OPENMP_THREADS 1
CONFIG  {'ERT_WORKING_SET_MIN': ['1'], 'ERT_CFLAGS': ['-O3', '-march=native', '-fstrict-aliasing', '-ftree-vectorize'], 'ERT_CC': ['gcc'], 'ERT_MPI_CFLAGS': ['-I/usr/local/include'], 'ERT_MPI_LDFLAGS': ['-L/usr/local/lib', '-lmpi'], 'ERT_MEMORY_MAX': ['1073741824'], 'ERT_PROCS_THREADS': ['1-8'], 'ERT_LDFLAGS': [], 'ERT_LDLIBS': [], 'ERT_RUN': ['export', 'OMP_NUM_THREADS=ERT_OPENMP_THREADS;', 'mpirun', '-np', 'ERT_MPI_PROCS', 'ERT_CODE'], 'ERT_FLOPS': ['1,2,4,8,16'], 'ERT_OPENMP_CFLAGS': ['-fopenmp'], 'ERT_MPI': ['True'], 'ERT_TRIALS_MIN': ['1'], 'ERT_DRIVER': ['driver1'], 'ERT_RESULTS': ['Results.p100.01'], 'ERT_OPENMP': ['True'], 'ERT_MPI_PROCS': ['1,2,4,8'], 'ERT_KERNEL': ['kernel1'], 'ERT_GPU': [False], 'ERT_OPENMP_THREADS': ['1,2,4,8'], 'ERT_LD': ['gcc'], 'ERT_NUM_EXPERIMENTS': ['3'], 'ERT_OPENMP_LDFLAGS': ['-fopenmp'], 'ERT_ALIGN': ['32'], 'ERT_GNUPLOT': ['gnuplot']}
TIMESTAMP_DATA  1560424699.87
MPI_PROCS      2
TIMESTAMP_DATA  1560424690.15
UNAME  ('Linux', 'kcadmin-UniServer-R5200-G3', '4.4.0-141-generic', '#167-Ubuntu SMP Wed Dec 5 10:40:15 UTC 2018', 'x86_64', 'x86_64')
