32 33554432 420629.248 443341.584 470444.44 4.56479759438 4.84385793145 5.10540733487 4.56479759438 4.84385793145 5.10540733487
64 16777216 209555.14 211290.749 222803.109 9.63848151688 10.1636425549 10.2478213992 9.63848151688 10.1636425549 10.2478213992
96 8388608 105648.658 107466.194 108139.667 14.8938200078 14.9871571333 15.2449900121 14.8938200078 14.9871571333 15.2449900121
128 8388608 104021.885 108644.297 109265.202 19.6538660863 19.7661884452 20.6445369453 19.6538660863 19.7661884452 20.6445369453
160 4194304 53725.193 54400.421 55373.591 24.2385811677 24.6721855333 24.9822700497 24.2385811677 24.6721855333 24.9822700497
192 4194304 55410.134 55948.157 57158.335 28.178090492 28.787592342 29.0671149794 28.178090492 28.787592342 29.0671149794
224 4194304 55956.29 57678.894 58661.702 32.0319412485 32.5777431169 33.5806428911 32.0319412485 32.5777431169 33.5806428911
256 4194304 59290.955 61923.116 64575.702 33.2552892418 34.6798382691 36.2194140405 33.2552892418 34.6798382691 36.2194140405
288 2097152 30704.279 32079.756 34997.091 34.5159988297 37.6548859037 39.3417331832 34.5159988297 37.6548859037 39.3417331832
320 2097152 33559.757 35166.177 37979.932 35.3391175108 38.166710018 39.9936531126 35.3391175108 38.166710018 39.9936531126
352 2097152 38061.659 38301.969 41867.77 35.2632826635 38.546190876 38.7895600662 35.2632826635 38.546190876 38.7895600662
384 2097152 40267.204 40726.589 44133.629 36.4940017962 39.5469587694 39.9981269124 36.4940017962 39.5469587694 39.9981269124
416 2097152 43026.358 45955.528 48925.577 35.6629511799 37.9678036557 40.5525948536 35.6629511799 37.9678036557 40.5525948536
448 2097152 39937.22 45194.153 46511.764 40.3994179193 41.5772410205 47.0500498532 40.3994179193 41.5772410205 47.0500498532
480 2097152 47607.935 51198.403 53780.561 37.4348255683 39.3228265343 42.2884529648 37.4348255683 39.3228265343 42.2884529648
512 2097152 51145.501 52778.251 54257.65 39.5793707984 40.6887990282 41.9877331537 39.5793707984 40.6887990282 41.9877331537
544 1048576 27550.267 28419.571 29662.921 38.4604971304 40.143135447 41.4097869904 38.4604971304 40.143135447 41.4097869904
576 1048576 28632.114 29271.85 32491.046 37.1782291035 41.2669357079 42.1889753582 37.1782291035 41.2669357079 42.1889753582
608 1048576 28935.833 29426.297 30053.902 42.4260522311 43.3309164249 44.0653779001 42.4260522311 43.3309164249 44.0653779001
640 1048576 29046.368 29957.16 30254.136 44.3634311686 44.8032216672 46.2080932115 44.3634311686 44.8032216672 46.2080932115
704 1048576 23913.798 23927.963 24943.766 59.1889375486 61.7016587664 61.7382068712 59.1889375486 61.7016587664 61.7382068712
768 1048576 28762.977 29002.718 29349.655 54.8767178354 55.5331654088 55.996037406 54.8767178354 55.5331654088 55.996037406
832 1048576 32134.491 32645.04 33003.179 52.8685574199 53.4485625994 54.2977470532 52.8685574199 53.4485625994 54.2977470532
896 1048576 33269.741 33272.518 34122.618 55.0675271165 56.474481192 56.479195074 55.0675271165 56.474481192 56.479195074
960 1048576 26043.335 27668.345 27781.58 72.4676537476 72.7642336396 77.3044588951 72.4676537476 72.7642336396 77.3044588951
1056 524288 18090.247 18508.158 18842.151 58.7669770824 59.8274693786 61.2095708809 58.7669770824 59.8274693786 61.2095708809
1152 524288 18901.214 19491.894 20239.452 59.6834119817 61.9724051444 63.9090987489 59.6834119817 61.9724051444 63.9090987489
1248 524288 15625.006 15749.52 16140.857 81.0751776067 83.0896972098 83.7518301113 81.0751776067 83.0896972098 83.7518301113
1344 524288 18239.958 18417.406 19009.573 74.1356023094 76.5192527113 77.2636726466 74.1356023094 76.5192527113 77.2636726466
1472 524288 15578.123 15605.82 16285.933 94.7752807285 98.9056564794 99.0815050054 94.7752807285 98.9056564794 99.0815050054
1600 524288 20454.522 20552.338 20602.889 81.431375959 81.6316664313 82.0220389408 81.431375959 81.6316664313 82.0220389408
1760 524288 20649.183 20753.688 21256.921 86.8184889053 88.9236534731 89.3736938648 86.8184889053 88.9236534731 89.3736938648
1920 524288 26145.131 26347.998 26394.823 76.2750301451 76.4105842121 77.0034741842 76.2750301451 76.4105842121 77.0034741842
2112 262144 12860.992 12943.544 13380.084 82.757048162 85.5481509546 86.097266525 82.757048162 85.5481509546 86.097266525
2304 262144 12854.226 12856.562 12991.331 92.9819702077 93.9566543529 93.9737291067 92.9819702077 93.9566543529 93.9737291067
2528 262144 12853.518 13179.719 13261.345 99.9446182872 100.563605643 103.11574341 99.9446182872 100.563605643 103.11574341
2752 262144 12999.373 13147.861 13309.154 108.409638659 109.739567219 110.993089897 108.409638659 109.739567219 110.993089897
3008 262144 13580.666 13695.691 13722.134 114.928064687 115.149962422 116.125255124 114.928064687 115.149962422 116.125255124
3296 262144 15457.422 15744.788 18109.686 95.4214914604 109.753986399 111.794401938 95.4214914604 109.753986399 111.794401938
3616 262144 19917.957 20009.154 20178.139 93.9544230516 94.7479042842 95.1817200931 93.9544230516 94.7479042842 95.1817200931
3968 262144 21708.83 21809.646 22112.249 94.0824600881 95.3878290367 95.8308109649 94.0824600881 95.3878290367 95.8308109649
4352 131072 9935.64 9954.8 10738.314 106.241136923 114.603074698 114.824076557 106.241136923 114.603074698 114.824076557
4768 131072 11585.064 11750.391 12013.255 104.04362448 106.371149011 107.889140017 104.04362448 106.371149011 107.889140017
5216 131072 11250.564 11312.658 11348.906 120.482371076 120.86842049 121.535516264 120.482371076 120.86842049 121.535516264
5728 131072 12210.828 12241.221 12359.515 121.490271422 122.664302197 122.969616147 121.490271422 122.664302197 122.969616147
6272 131072 13233.274 13709.104 13709.517 119.928890857 119.932503831 124.244927446 119.928890857 119.932503831 124.244927446
6880 131072 13139.171 13347.275 13387.45 134.719511184 135.125013907 137.265183625 134.719511184 135.125013907 137.265183625
7552 131072 15652.944 15681.008 15847.688 124.921154934 126.248994197 126.475344702 124.921154934 126.248994197 126.475344702
8288 65536 7917.265 8067.782 8509.637 127.658175784 134.649738429 137.209596496 127.658175784 134.649738429 137.209596496
9088 65536 8966.852 9087.293 9165.828 129.959053999 131.082197526 132.842867932 129.959053999 131.082197526 132.842867932
9984 65536 9058.974 9711.622 9775.33 133.869940759 134.748124258 144.455966868 133.869940759 134.748124258 144.455966868
10976 65536 9810.967 10033.849 10107.999 142.327504385 143.379302599 146.636541739 142.327504385 143.379302599 146.636541739
12064 65536 10781.157 10833.859 11259.033 140.443020995 145.954697029 146.668173741 140.443020995 145.954697029 146.668173741
13248 65536 11295.387 11737.096 12042.933 144.18762074 147.944760442 153.730178169 144.18762074 147.944760442 153.730178169
14560 65536 12283.655 12334.295 13022.615 146.545706834 154.723745459 155.361602064 146.545706834 154.723745459 155.361602064
16000 65536 13898.146 14045.377 14325.977 146.388061352 149.312617241 150.894371091 146.388061352 149.312617241 150.894371091
17600 32768 7400.269 7660.253 7660.568 150.567634149 150.573825695 155.863739548 150.567634149 150.573825695 155.863739548
19360 32768 8419.904 8505.327 9015.926 140.726194958 149.17438918 150.687817818 140.726194958 149.17438918 150.687817818
21280 32768 9613.321 10278.85 10652.142 130.922595662 135.677247941 145.070166699 130.922595662 135.677247941 145.070166699
23392 32768 9732.558 11241.419 11606.699 132.080457329 136.372295348 157.514408031 132.080457329 136.372295348 157.514408031
25728 32768 10788.039 10827.355 12567.46 134.164756283 155.726879556 156.294411616 134.164756283 155.726879556 156.294411616
28288 32768 11686.472 11769.23 14893.949 124.472184509 157.519427184 158.634904358 124.472184509 157.519427184 158.634904358
31104 32768 13557.121 13648.362 16422.528 124.124114387 149.353581331 150.358748292 124.124114387 149.353581331 150.358748292
34208 16384 7010.53 7936.043 8817.585 127.124121174 141.245170169 159.892011588 127.124121174 141.245170169 159.892011588
37600 16384 7871.445 8483.532 8671.622 142.08146988 145.231585146 156.524856618 142.08146988 145.231585146 156.524856618
41344 16384 8463.371 8754.666 9980.691 135.738115928 154.74721617 160.073355168 135.738115928 154.74721617 160.073355168
45472 16384 9257.233 9260.761 10578.144 140.858972614 160.896766043 160.958084991 140.858972614 160.896766043 160.958084991
50016 16384 10147.297 10167.758 12064.039 135.852038277 161.188365026 161.513385092 135.852038277 161.188365026 161.513385092
55008 16384 10682.587 11656.763 12768.596 141.16682398 154.631448199 168.732737117 141.16682398 154.631448199 168.732737117
60480 16384 11982.976 12281.298 14012.173 141.434782457 161.368011753 165.385346678 141.434782457 161.368011753 165.385346678
66528 8192 6473.219 6591.871 7577.587 143.844571102 165.35438148 168.38527354 143.844571102 165.35438148 168.38527354
73152 8192 7283.875 7500.461 8865.055 135.196269848 159.793160447 164.544609566 135.196269848 159.793160447 164.544609566
80448 8192 7840.921 7989.393 9114.032 144.618762804 164.976241875 168.100154561 144.618762804 164.976241875 168.100154561
88480 8192 8878.415 8965.96 10034.32 144.469811607 161.684450968 163.278729368 144.469811607 161.684450968 163.278729368
97312 8192 9475.495 11238.128 11518.043 138.422803943 141.870586276 168.261373997 138.422803943 141.870586276 168.261373997
107040 8192 11058.271 11119.481 11956.334 146.679020509 157.718094936 158.59109982 146.679020509 157.718094936 158.59109982
117728 8192 11248.5 11428.952 13093.546 147.313459013 168.769240784 171.476690403 147.313459013 168.769240784 171.476690403
129472 8192 12731.285 12989.923 14294.826 148.394198572 163.301141046 166.618628677 148.394198572 163.301141046 166.618628677
142400 4096 6910.604 7551.616 8330.739 140.028489669 154.475651304 168.804463401 140.028489669 154.475651304 168.804463401
156640 4096 7778.017 8336.088 8750.667 146.639665296 153.932501672 164.977124632 146.639665296 153.932501672 164.977124632
172288 4096 8487.799 8556.304 9761.038 144.593566381 164.952448627 166.28377934 144.593566381 164.952448627 166.28377934
189504 4096 9152.826 9258.953 9504.583 163.333495851 167.666556683 169.610650088 163.333495851 167.666556683 169.610650088
208448 4096 10224.723 11357.754 11909.804 143.378179523 150.347156313 167.007557662 143.378179523 150.347156313 167.007557662
229280 4096 12542.119 14220.943 16606.691 113.102710227 132.077159721 149.756333838 113.102710227 132.077159721 149.756333838
252192 4096 13606.851 16102.967 16567.591 124.69868818 128.29665887 151.832107517 124.69868818 128.29665887 151.832107517
277408 2048 7493.382 8669.036 8716.304 130.36066296 131.071455696 151.635558951 130.36066296 131.071455696 151.635558951
305120 2048 7082.251 8488.402 9436.075 132.446119811 147.232838407 176.465296133 132.446119811 147.232838407 176.465296133
335616 2048 8250.1 9637.4 11199.482 122.745242682 142.640456555 166.626239197 122.745242682 142.640456555 166.626239197
369152 2048 8980.42 10230.52 12454.644 121.404240218 147.797628273 168.371478394 121.404240218 147.797628273 168.371478394
406048 2048 10628.899 11293.203 13462.414 123.541929999 147.272001398 156.476471175 123.541929999 147.272001398 156.476471175
446624 2048 11595.324 12626.789 14710.547 124.357843661 144.880214914 157.768071336 124.357843661 144.880214914 157.768071336
491264 2048 11580.384 13800.681 16000.337 125.76093516 145.805655822 173.760848 125.76093516 145.805655822 173.760848
540384 1024 6505.838 8074.931 10153.986 108.992314151 137.054599228 170.10974328 108.992314151 137.054599228 170.10974328
594400 1024 7111.114 8212.041 9909.465 122.845299923 148.237350495 171.187130455 122.845299923 148.237350495 171.187130455
653824 1024 8203.137 9613.253 10592.853 126.408961967 139.290160365 163.234083741 126.408961967 139.290160365 163.234083741
719200 1024 8513.467 10191.971 11229.493 131.165458672 144.517836638 173.010783973 131.165458672 144.517836638 173.010783973
791104 1024 9884.188 10984.976 11909.225 136.044200357 147.49062647 163.916448372 136.044200357 147.49062647 163.916448372
870208 1024 10295.996 10783.785 15007.6 118.752231136 165.265348298 173.095054038 118.752231136 165.265348298 173.095054038
957216 1024 11282.522 11958.133 16341.92 119.960100649 163.936825924 173.753560418 119.960100649 163.936825924 173.753560418
1052928 512 6360.639 6458.814 8502.751 126.8058152 166.934404985 169.510999131 126.8058152 166.934404985 169.510999131
1158208 512 6929.359 7213.818 9497.519 124.875242892 164.407390372 171.156522847 124.875242892 164.407390372 171.156522847
1274016 512 7516.975 7989.528 10554.679 123.603226967 163.287791719 173.552843265 123.603226967 163.287791719 173.552843265
1401408 512 8325.925 8471.915 10948.047 131.077423398 169.388124409 172.358241517 131.077423398 169.388124409 172.358241517
1541536 512 9469.741 9533.158 11369.294 138.841766604 165.583415695 166.692295386 138.841766604 165.583415695 166.692295386
1695680 512 10682.428 11704.676 12821.497 135.426956774 148.348943619 162.545099298 135.426956774 148.348943619 162.545099298
1865248 512 12747.6 12861.804 14658.252 130.302982375 148.502803495 149.833219743 130.302982375 148.502803495 149.833219743
2051744 512 12678.776 13371.553 15908.368 132.06796926 157.123548476 165.708886725 132.06796926 157.123548476 165.708886725
2256896 256 6845.065 6999.813 9234.906 125.126422727 165.080231715 168.812239475 125.126422727 165.080231715 168.812239475
2482560 256 7501.406 7552.394 11664.25 108.971491523 168.300372041 169.444330836 108.971491523 168.300372041 169.444330836
2730816 256 8213.976 8421.004 10500.77 133.150025379 166.03457165 170.219366602 133.150025379 166.03457165 170.219366602
3003872 256 9027.832 9228.97 12053.856 127.59256988 166.64724926 170.360111265 127.59256988 166.64724926 170.360111265
3304256 256 10098.266 10288.215 13498.299 125.332760224 164.438541768 167.531640779 125.332760224 164.438541768 167.531640779
3634656 256 11493.229 11521.504 15322.394 121.452553172 161.51917944 161.916539904 121.452553172 161.51917944 161.916539904
3998112 256 12286.658 12748.551 15571.665 131.45886095 160.569883118 166.606195436 131.45886095 160.569883118 166.606195436
4397920 128 6850.208 6866.002 7605.335 148.036545399 163.977161673 164.355231257 148.036545399 163.977161673 164.355231257
4837696 128 7709.889 8247.705 8374.207 147.888650949 150.15694378 160.631388597 147.888650949 150.15694378 160.631388597
5321440 128 8719.448 8937.054 9913.762 137.413893939 152.431510428 156.235651615 137.413893939 152.431510428 156.235651615
5853568 128 9399.887 9864.018 10726.788 139.698240331 151.917140459 159.418236411 139.698240331 151.917140459 159.418236411
6438912 128 10588.812 10816.949 11240.927 146.639282685 152.386913537 155.670104635 146.639282685 152.386913537 155.670104635
7082784 128 11601.689 11723.876 11988.463 151.244801273 154.658127056 156.286959942 151.244801273 154.658127056 156.286959942
7791040 128 12723.154 12902.205 13734.763 145.215919634 154.586463322 156.761934973 145.215919634 154.586463322 156.761934973
8570144 64 7051.714 7286.873 7553.094 145.235638799 150.541725099 155.561957277 145.235638799 150.541725099 155.561957277
9427136 64 7813.572 7823.686 7874.466 153.238760317 154.23336366 154.433005545 153.238760317 154.23336366 154.433005545
10369824 64 8315.576 8866.849 9007.067 147.366226098 149.696636539 159.620629046 147.366226098 149.696636539 159.620629046
11406784 64 9143.832 9408.114 9631.685 151.590126961 155.192459615 159.677950339 151.590126961 155.192459615 159.677950339
12547456 64 10354.329 10472.098 10910.279 147.207451615 153.367010889 155.111390415 147.207451615 153.367010889 155.111390415
13802176 64 11214.584 11222.996 11731.083 150.598075898 157.415945617 157.534022484 150.598075898 157.415945617 157.534022484
15182368 64 12302.531 12357.067 12814.783 151.648537786 157.265725273 157.962869917 151.648537786 157.265725273 157.962869917
16700576 64 13691.325 13713.959 15994.42 133.651218863 155.875756082 156.133444206 133.651218863 155.875756082 156.133444206
18370624 32 8785.819 8842.673 9173.185 128.16921669 132.959788969 133.820186371 128.16921669 132.959788969 133.820186371
20207680 32 9340.781 9588.073 9924.491 130.313133439 134.885447785 138.456465257 130.313133439 134.885447785 138.456465257
22228448 32 9973.922 10245.555 11158.642 127.490484236 138.852475244 142.634028219 127.490484236 138.852475244 142.634028219
24451264 32 10626.389 11074.755 12135.536 128.950290782 141.301626627 147.263656168 128.950290782 141.301626627 147.263656168
26896384 32 12026.476 12629.407 14086.389 122.200840542 136.298448217 143.131585346 122.200840542 136.298448217 143.131585346
29586016 32 14359.216 15066.69 15725.717 120.408183869 125.674917583 131.866880754 120.408183869 125.674917583 131.866880754
32544608 32 15985.692 17042.196 17964.881 115.940367877 122.217518916 130.294948257 115.940367877 122.217518916 130.294948257
35799040 16 9063.885 9772.396 9982.361 114.759352021 117.22501626 126.388329066 114.759352021 117.22501626 126.388329066
39378944 16 10130.814 11630.854 12104.048 104.107833016 108.343394905 124.385484523 104.107833016 108.343394905 124.385484523
43316832 16 11671.421 12236.136 12889.304 107.541774482 113.282381301 118.763484241 107.541774482 113.282381301 118.763484241
47648512 16 13886.652 14346.057 15007.671 101.598201613 106.283725486 109.799855574 101.598201613 106.283725486 109.799855574
52413344 16 16074.553 16558.703 17673.806 94.8990278608 101.289757296 104.340506887 94.8990278608 101.289757296 104.340506887
57654656 16 19040.608 19179.4 20006.051 92.2195485756 96.194301803 96.895487371 92.2195485756 96.194301803 96.895487371
63420096 16 22216.057 23091.813 23198.9 87.4801422481 87.8858265481 91.3502820055 87.4801422481 87.8858265481 91.3502820055
69762080 8 13029.331 13084.367 13157.424 84.8337242913 85.3073962233 85.667735358 84.8337242913 85.3073962233 85.667735358
76738272 8 14771.704 14877.797 15016.885 81.762119907 82.5264891032 83.1192089958 81.762119907 82.5264891032 83.1192089958
84412096 8 16896.646 17039.504 17265.962 78.2228951969 79.2624912087 79.932640833 78.2228951969 79.2624912087 79.932640833
92853280 8 19406.989 19440.698 19794.381 75.0542530226 76.4197087985 76.5524461316 75.0542530226 76.4197087985 76.5524461316
102138592 8 22204.961 22230.911 22399.043 72.9592541967 73.5110437894 73.5969530413 72.9592541967 73.5110437894 73.5969530413
112352448 8 24681.069 25037.035 25051.842 71.7567661492 71.7992033801 72.8347369395 71.7567661492 71.7992033801 72.8347369395
123587680 8 27837.314 27998.115 28218.885 70.0737424601 70.626286091 71.0342556757 70.0737424601 70.626286091 71.0342556757
135946432 4 15685.702 15785.185 15868.9 68.5347727946 68.8982394568 69.3352108819 68.5347727946 68.8982394568 69.3352108819
149541056 4 17586.058 17716.352 17761.124 67.3565731538 67.5267937779 68.0270955549 67.3565731538 67.5267937779 68.0270955549
164495136 4 19746.528 19790.875 19977.794 65.8711911836 66.493325232 66.6426567749 65.8711911836 66.493325232 66.6426567749
180944640 4 22052.625 22181.047 22394.664 64.6384835245 65.2609915123 65.6410345707 64.6384835245 65.2609915123 65.6410345707
199039104 4 24493.701 24811.304 24928.683 63.8747274375 64.1769103309 65.0090744555 63.8747274375 64.1769103309 65.0090744555
218943008 4 27252.712 27515.236 28025.507 62.4982115043 63.6572429908 64.2704500015 62.4982115043 63.6572429908 64.2704500015
240837280 4 30355.941 30965.054 31290.531 61.5744820694 62.2216980471 63.4702195527 61.5744820694 62.2216980471 63.4702195527
264920992 4 34115.245 34326.89 34771.653 60.9510262857 61.740750065 62.1237788561 60.9510262857 61.740750065 62.1237788561
291413088 2 18942.752 18984.765 19404.234 60.0720622108 61.3993563787 61.5355335909 60.0720622108 61.3993563787 61.5355335909
320554368 2 20919.745 20950.211 21420.92 59.8581887239 61.2030815346 61.2922132655 59.8581887239 61.2030815346 61.2922132655
352609792 2 23232.238 23253.137 24060.022 58.6216907034 60.6558662601 60.7104303942 58.6216907034 60.6558662601 60.7104303942
387870752 2 25840.569 25867.873 26319.909 58.9471266029 59.9772160626 60.0405899731 58.9471266029 59.9772160626 60.0405899731
426657824 2 28419.006 28549.446 29211.758 58.4227520987 59.7780880231 60.0524626372 58.4227520987 59.7780880231 60.0524626372
469323584 2 31437.647 31847.223 32255.254 58.2011952533 58.9468769695 59.7148487608 58.2011952533 58.9468769695 59.7148487608
516255936 2 34828.61 35057.622 35689.457 57.8608899541 58.9037027098 59.2910180452 57.8608899541 58.9037027098 59.2910180452
567881504 1 29724.846 31097.457 31465.318 36.0957104581 36.5226972739 38.2092142042 36.0957104581 36.5226972739 38.2092142042
624669632 1 34427.421 34968.143 44618.701 28.000350436 35.7279271021 36.289075037 28.000350436 35.7279271021 36.289075037
687136576 1 34782.758 37849.52 37918.83 36.2424988324 36.308866057 39.5101835225 36.2424988324 36.308866057 39.5101835225
755850208 1 40281.744 41588.95 41977.406 36.0122399178 36.3486074065 37.528176933 36.0122399178 36.3486074065 37.528176933
831435200 1 44430.541 45847.453 46274.511 35.9349102576 36.2696353056 37.4262919734 35.9349102576 36.2696353056 37.4262919734
914578720 1 49282.108 50888.025 51754.922 35.3426760067 35.9447520315 37.1160551817 35.3426760067 35.9447520315 37.1160551817
1006036576 1 55452.048 56035.057 56095.38 35.8687854864 35.9073990413 36.2849204776 35.8687854864 35.9073990413 36.2849204776

META_DATA
ERT_VERSION  1.1.0
TIMESTAMP_DATA  1560425060.44
FLOPS          16
HOSTNAME  ('kcadmin-UniServer-R5200-G3', [], ['127.0.1.1'])
OPENMP_THREADS 1
CONFIG  {'ERT_WORKING_SET_MIN': ['1'], 'ERT_CFLAGS': ['-O3', '-march=native', '-fstrict-aliasing', '-ftree-vectorize'], 'ERT_CC': ['gcc'], 'ERT_MPI_CFLAGS': ['-I/usr/local/include'], 'ERT_MPI_LDFLAGS': ['-L/usr/local/lib', '-lmpi'], 'ERT_MEMORY_MAX': ['1073741824'], 'ERT_PROCS_THREADS': ['1-8'], 'ERT_LDFLAGS': [], 'ERT_LDLIBS': [], 'ERT_RUN': ['export', 'OMP_NUM_THREADS=ERT_OPENMP_THREADS;', 'mpirun', '-np', 'ERT_MPI_PROCS', 'ERT_CODE'], 'ERT_FLOPS': ['1,2,4,8,16'], 'ERT_OPENMP_CFLAGS': ['-fopenmp'], 'ERT_MPI': ['True'], 'ERT_TRIALS_MIN': ['1'], 'ERT_DRIVER': ['driver1'], 'ERT_RESULTS': ['Results.p100.01'], 'ERT_OPENMP': ['True'], 'ERT_MPI_PROCS': ['1,2,4,8'], 'ERT_KERNEL': ['kernel1'], 'ERT_GPU': [False], 'ERT_OPENMP_THREADS': ['1,2,4,8'], 'ERT_LD': ['gcc'], 'ERT_NUM_EXPERIMENTS': ['3'], 'ERT_OPENMP_LDFLAGS': ['-fopenmp'], 'ERT_ALIGN': ['32'], 'ERT_GNUPLOT': ['gnuplot']}
TIMESTAMP_DATA  1560425043.35
TIMESTAMP_DATA  1560425051.87
MPI_PROCS      4
UNAME  ('Linux', 'kcadmin-UniServer-R5200-G3', '4.4.0-141-generic', '#167-Ubuntu SMP Wed Dec 5 10:40:15 UTC 2018', 'x86_64', 'x86_64')
