16 67108864 189986.672 190428.114 191100.664 11.2374473382 11.2771355179 11.3033384152 0.702340458639 0.70482096987 0.706458650952
32 33554432 95137.219 95642.1 98678.116 21.7625116394 22.4533301548 22.5724870936 1.36015697746 1.40333313468 1.41078044335
48 16777216 47763.59 49189.449 50479.232 31.9064429506 32.7430530072 33.7205125494 1.99415268441 2.04644081295 2.10753203434
64 16777216 47830.049 47906.478 52513.401 40.8940119494 44.8265816577 44.8982113315 2.55587574684 2.80166135361 2.80613820822
80 8388608 24857.751 25108.744 25715.634 52.1930464557 53.4545766208 53.9943167023 3.26206540348 3.3409110388 3.37464479389
96 8388608 26564.482 26814.078 27693.855 58.1577659015 60.0659376019 60.6303083945 3.63486036884 3.75412110012 3.78939427466
112 8388608 29184.455 29190.826 29383.559 63.9489652019 64.3711894963 64.3852418008 3.99681032512 4.02319934352 4.02407761255
128 8388608 34441.674 34777.401 37043.217 57.9723852818 61.7494000774 62.3513145151 3.62327408011 3.85933750484 3.89695715719
144 4194304 18507.886 18666.206 19693.371 61.3383839669 64.7137158992 65.2672894138 3.83364899793 4.0446072437 4.07920558836
160 4194304 19814.371 19914.775 20072.901 66.8651372315 67.3960554412 67.7375668397 4.17907107697 4.21225346508 4.23359792748
176 4194304 21126.035 21293.782 21394.988 69.0065826632 69.3345601077 69.8850971325 4.31291141645 4.33341000673 4.36781857078
192 4194304 23923.685 24047.75 24096.469 66.840197043 66.9756104417 67.3229369138 4.17751231519 4.18597565261 4.20768355711
208 4194304 25799.448 26205.58 26310.202 66.3176384583 66.5824020686 67.6305347308 4.14485240364 4.16140012929 4.22690842068
224 4194304 15031.558 15130.056 15152.738 124.007172301 124.193075822 125.006881655 7.75044826882 7.76206723888 7.81293010345
240 4194304 17157.129 17167.333 17542.804 114.763062963 117.273074391 117.342821168 7.17269143519 7.32956714942 7.33392632299
256 4194304 19191.656 19226.228 19325.618 111.12108539 111.695525924 111.896735123 6.9450678369 6.98097037027 6.99354594518
272 2097152 10272.463 10367.819 10373.604 109.976309873 110.037674076 111.059118733 6.87351936704 6.87735462974 6.94119492083
288 2097152 10954.134 10954.665 11059.708 109.221649613 110.268963223 110.274308494 6.82635310082 6.89181020141 6.89214428087
304 2097152 12144.354 12198.977 13484.885 94.5553793006 104.522569065 104.992691748 5.90971120629 6.53266056654 6.56204323425
320 2097152 12990.333 13185.855 16066.094 83.5409826433 101.789173322 103.321237416 5.22131141521 6.36182333265 6.45757733847
352 2097152 8915.774 9878.718 9965.097 148.156611822 149.452085584 165.593588173 9.25978823889 9.34075534902 10.3495992608
384 2097152 10275.906 11155.993 11530.621 139.681352461 144.371974418 156.736810944 8.73008452884 9.02324840111 9.796050684
416 2097152 12418.677 13326.982 14003.664 124.598138316 130.924650757 140.500510964 7.78738364474 8.18279067234 8.78128193527
448 2097152 13665.168 14507.004 15707.041 119.630947166 129.526964492 137.506409874 7.47693419785 8.09543528078 8.5941506171
480 2097152 9611.658 9901.309 11492.248 175.184691455 203.333308757 209.460835997 10.9490432159 12.7083317973 13.0913022498
528 1048576 6203.539 6211.386 7252.832 152.670881664 178.268788319 178.494284633 9.54193010399 11.1417992699 11.1558927896
576 1048576 7562.886 7669.978 8836.368 136.703173974 157.491918751 159.72203627 8.54394837336 9.84324492195 9.98262726689
624 1048576 5864.662 5872.056 6947.87 188.348781425 222.855989112 223.136959641 11.7717988391 13.9284993195 13.9460599775
672 1048576 7325.039 7347.847 8351.946 168.737458791 191.795793244 192.392988488 10.5460911744 11.9872370777 12.0245617805
736 1048576 5862.422 5870.105 6669.934 231.412165698 262.94314531 263.287745577 14.4632603561 16.4339465819 16.4554840986
800 1048576 7643.819 7804.509 8334.34 201.302274685 214.968244639 219.487353115 12.5813921678 13.4355152899 13.7179595697
880 1048576 6933.208 6972.637 7501.409 246.019615782 264.676586491 266.181796363 15.3762259863 16.5422866557 16.6363622727
960 1048576 9010.62 9162.557 9435.469 213.372109007 219.727519294 223.432562909 13.3357568129 13.7329699559 13.9645351818
1056 524288 4342.097 4344.735 4788.684 231.231849084 254.859331121 255.0141685 14.4519905678 15.9287081951 15.9383855312
1152 524288 4166.867 4174.507 4289.178 281.629615745 289.365798644 289.896354263 17.601850984 18.0853624153 18.1185221415
1264 524288 4672.696 4698.956 5073.078 261.261518944 282.062667537 283.647826437 16.328844934 17.6289167211 17.7279891523
1376 524288 4683.217 4743.685 5028.192 286.950175331 304.16028383 308.087491141 17.9343859582 19.0100177394 19.2554681963
1504 524288 5014.909 5023.323 5024.79 313.855564909 313.947222586 314.473962339 19.6159728068 19.6217014116 19.6546226462
1648 524288 5614.661 5666.481 6108.329 282.901141703 304.96056512 307.775170754 17.6813213565 19.06003532 19.2359481721
1808 524288 6273.979 6331.793 6371.434 297.550819486 299.413674452 302.172737269 18.5969262179 18.7133546533 18.8857960793
1984 524288 7277.219 7278.282 7755.817 268.234124658 285.833220532 285.874972843 16.7646327911 17.8645762832 17.8671858027
2176 262144 3740.698 3750.207 4247.976 268.563355349 304.210057738 304.983371553 16.7852097093 19.0131286086 19.061460722
2384 262144 4284.506 4289.231 4377.33 285.539950609 291.404821051 291.726185469 17.8462469131 18.2128013157 18.2328865918
2608 262144 4556.32 4556.434 4787.721 285.59373113 300.090619989 300.098128314 17.8496081956 18.7556637493 18.7561330196
2864 262144 4918.861 4941.791 5135.869 292.367432269 303.849521762 305.265961368 18.2729645168 18.9905951102 19.0791225855
3136 262144 5372.223 5394.772 5576.463 294.840505173 304.770464442 306.049687066 18.4275315733 19.0481540276 19.1281054416
3440 262144 5490.081 5496.938 5693.027 316.799958967 328.100975489 328.510766963 19.7999974355 20.506310968 20.5319229352
3776 262144 6277.962 6540.829 6788.381 291.632347683 302.669812649 315.343018642 18.2270217302 18.9168632906 19.7089386651
4144 131072 3469.098 3508.162 3512.116 309.307760905 309.656377328 313.143282778 19.3317350566 19.353523583 19.5714551737
4544 131072 3786.216 3786.428 3809.445 312.691832012 314.592628197 314.61024305 19.5432395008 19.6620392623 19.6631401906
4992 131072 3967.102 4072.573 4274.02 306.180796533 321.325817364 329.868717265 19.1362997833 20.0828635853 20.6167948291
5488 131072 4284.356 4285.354 4487.045 320.622207266 335.712352352 335.790553353 20.0388879541 20.982022022 20.9869095845
6032 131072 4756.717 4760.384 5011.214 315.542822158 332.169129213 332.425201667 19.7214263849 20.7605705758 20.7765751042
6624 131072 5156.365 5179.668 5205.321 333.589774002 335.241922069 336.756970463 20.8493608752 20.9526201293 21.0473106539
7280 131072 5558.173 5721.985 6000.452 318.044094012 333.522076692 343.351730866 19.8777558757 20.8451297932 21.4594831791
8000 131072 6234.634 6251.066 6269.976 334.475283478 335.48709932 336.371309046 20.9047052174 20.9679437075 21.0232068153
8800 65536 3443.261 3453.374 3469.107 332.487178977 334.001935498 334.982913 20.7804486861 20.8751209687 20.9364320625
9680 65536 4211.407 4422.116 4918.957 257.936176307 286.916254571 301.271513297 16.1210110192 17.9322659107 18.8294695811
10640 65536 4600.795 4867.791 5301.895 263.039173729 286.496704563 303.122847247 16.4399483581 17.9060440352 18.9451779529
11696 65536 4510.81 4537.741 5315.497 288.405413831 337.837287761 339.854286037 18.0253383644 21.114830485 21.2408928773
12864 65536 5305.301 6308.375 6787.796 248.403194203 267.281226623 317.816125419 15.5251996377 16.705076664 19.8635078387
14144 65536 5780.317 6416.381 6676.227 277.684142256 288.929595671 320.723304276 17.355258891 18.0580997294 20.0452065172
15552 65536 6256.464 6282.331 6387.738 319.116367014 324.470605576 325.812111122 19.9447729384 20.2794128485 20.3632569451
17104 32768 3504.384 3527.811 3863.451 290.136394638 317.740305249 319.864416685 18.1335246649 19.858769078 19.9915260428
18800 32768 3797.517 3820.043 3820.648 322.47849056 322.529563149 324.442734555 20.15490566 20.1580976968 20.2776709097
20672 32768 4160.241 4160.885 4160.9 325.593066885 325.594240648 325.644642221 20.3495666803 20.3496400405 20.3527901388
22736 32768 4522.909 4523.456 4535.464 328.527907178 329.400019808 329.439857402 20.5329941986 20.587501238 20.5899910876
25008 32768 4908.218 4934.059 5048.53 324.633960381 332.16552295 333.914322469 20.2896225238 20.7603451844 20.8696451543
27504 32768 5337.154 5338.307 5479.179 328.973034829 337.654268291 337.727212668 20.5608146768 21.1033917682 21.1079507918
30240 32768 5825.216 5827.636 6125.754 323.520768219 340.070766259 340.212043639 20.2200480137 21.2544228912 21.2632527275
33264 16384 3279.299 3296.895 3362.645 324.148029899 330.612516322 332.386510654 20.2592518687 20.6632822701 20.7741569159
36576 16384 3576.283 3578.699 3794.86 315.827821843 334.904491269 335.130739933 19.7392388652 20.9315307043 20.9456712458
40224 16384 3899.281 3899.379 3899.806 337.980923154 338.017933625 338.026428975 21.1238076971 21.1261208516 21.1266518109
44240 16384 4257.078 4266.164 4267.053 339.732438289 339.803233068 340.528484561 21.2332773931 21.2377020668 21.2830302851
48656 16384 4640.765 4641.445 4664.928 341.775866208 343.505052414 343.555385373 21.360991638 21.4690657759 21.4722115858
53520 16384 5071.473 5072.26 5074.851 345.575340044 345.751866032 345.805520408 21.5984587528 21.609491627 21.6128450255
58864 16384 5547.665 5550.366 5550.695 347.498025382 347.518623457 347.687820371 21.7186265864 21.719913966 21.7304887732
64736 16384 6071.008 6071.291 6071.521 349.3802044 349.393440044 349.409727017 21.836262775 21.8370900028 21.8381079386
71200 8192 4148.591 4194.598 4204.683 277.438465635 278.105506177 281.189637638 17.3399041022 17.3815941361 17.5743523524
78320 8192 6157.746 6164.668 6213.263 206.525118927 208.15312033 208.38710788 12.9078199329 13.0095700206 13.0241942425
86144 8192 6786.018 6803.469 6938.649 203.408948341 207.450536778 207.984018905 12.7130592713 12.9656585486 12.9990011815
94752 8192 7418.889 7462.515 7472.864 207.740535356 208.02862949 209.251920065 12.9837834597 13.0017893431 13.0782450041
104224 8192 8193.777 8243.767 8264.089 206.629674003 207.13904408 208.402793486 12.9143546252 12.946190255 13.0251745929
114640 8192 8929.339 9060.977 9131.229 205.696490582 207.291306445 210.347233989 12.8560306614 12.9557066528 13.1467021243
126096 8192 9803.878 9822.532 10042.905 205.713074454 210.328341409 210.728536606 12.8570671534 13.1455213381 13.1705335379
138704 4096 5480.878 5481.513 5507.141 206.325417853 207.290061704 207.314077781 12.8953386158 12.9556288565 12.9571298613
152560 4096 6012.193 6017.912 6030.409 207.244901631 207.675273417 207.872821115 12.9528063519 12.9797045886 12.9920513197
167808 4096 6591.183 6592.628 6650.011 206.71892663 208.518232183 208.563946108 12.9199329144 13.0323895114 13.0352466318
184576 4096 7229.389 7230.822 7574.371 199.626687417 209.111300486 209.152750253 12.4766679636 13.0694562804 13.0720468908
203024 4096 7930.167 7965.435 7967.477 208.745203532 208.798716956 209.727311922 13.0465752207 13.0499198098 13.1079569951
223312 4096 8739.808 8776.822 9013.961 202.948726315 208.432152777 209.314884721 12.6842953947 13.0270095486 13.082180295
245632 4096 9554.249 9633.671 9704.45 207.349962543 208.87337174 210.609682038 12.9593726589 13.0545857337 13.1631051274
270192 2048 5373.195 5373.495 5387.008 205.439908758 205.956538901 205.968038011 12.8399942974 12.8722836813 12.8730023757
297200 2048 5895.599 6122.29 6583.051 184.918998805 198.835925773 206.481343117 11.5574374253 12.4272453608 12.9050839448
326912 2048 6485.375 6905.07 7262.269 184.381981995 193.920054684 206.469410327 11.5238738747 12.1200034178 12.9043381454
359600 2048 7084.093 7297.901 8401.334 175.319967043 201.828114687 207.919574178 10.9574979402 12.6142571679 12.9949733861
395552 2048 7766.636 7852.191 11251.81 143.992921317 206.33489328 208.607818366 8.99955758229 12.89593083 13.0379886479
435104 2048 8516.81 9237.19 11504.677 154.909693162 192.935945239 209.255106548 9.68185582264 12.0584965774 13.0784441593
478608 2048 9814.588 11321.686 14052.581 139.503082601 173.152511737 199.741279817 8.71894266256 10.8220319836 12.4838299886
526464 1024 5251.136 6072.383 6106.761 176.558125003 177.557685673 205.326670648 11.0348828127 11.0973553546 12.8329169155
579104 1024 6056.917 6730.827 7618.393 155.676530733 176.204943612 195.810012255 9.72978317081 11.0128089758 12.238125766
637008 1024 6760.758 7350.947 8221.53 158.680000438 177.472696239 192.965401808 9.91750002737 11.0920435149 12.060337613
700704 1024 7129.46 8081.582 9473.337 151.482185422 177.569415493 201.283377984 9.46763658888 11.0980884683 12.580211124
770768 1024 7788.651 7973.659 10725.173 147.180177327 197.968443847 202.670894356 9.19876108292 12.3730277405 12.6669308973
847840 1024 8267.651 8304.363 11897.528 145.944293638 209.092054382 210.020514896 9.12151835238 13.0682533988 13.126282181
932624 1024 9074.248 9316.448 12079.759 158.116892233 205.015253882 210.487299003 9.88230576454 12.8134533676 13.1554561877
1025872 1024 10000.048 10464.084 11806.332 177.954156803 200.78067569 210.097577132 11.1221348002 12.5487922306 13.1310985707
1128448 512 5601.042 5733.322 6155.407 187.726132813 201.546459801 206.306389418 11.7328833008 12.5966537376 12.8941493386
1241280 512 6114.452 6133.08 7411.152 171.507846553 207.248351562 207.879744579 10.7192404096 12.9530219726 12.9924840362
1365408 512 6820.451 6931.899 7593.84 184.119996207 201.70198556 204.997850142 11.507499763 12.6063740975 12.8123656339
1501936 512 7361.875 7384.377 8310.515 185.064639676 208.27518205 208.911787282 11.5665399798 13.0171988781 13.0569867052
1652128 512 8110.077 8320.404 8926.146 189.530741711 203.328957584 208.602097366 11.8456713569 12.708059849 13.0376310854
1817328 512 9379.357 9617.899 10307.856 180.536463839 193.487566463 198.408470005 11.2835289899 12.092972904 12.4005293753
1999056 512 10508.732 11251.833 11933.723 171.533505847 181.928877188 194.793562534 10.7208441155 11.3705548243 12.1745976584
2198960 256 6572.674 7173.917 7544.434 149.231542088 156.939022294 171.295201922 9.32697138049 9.80868889339 10.7059501201
2418848 256 8568.077 9109.87 9148.357 135.374054161 135.945976836 144.542372343 8.46087838505 8.49662355226 9.03389827146
2660720 256 11108.752 11265.608 11297.9 120.578925287 120.924555514 122.632014829 7.53618283044 7.55778471965 7.66450092684
2926784 256 14124.877 14398.71 14530.51 103.12875515 104.072754295 106.090368645 6.4455471969 6.50454714346 6.63064804033
3219456 256 17024.555 17312.043 17618.741 93.557279263 95.214728383 96.8225878444 5.84732995394 5.95092052394 6.05141174028
3541392 256 19254.477 19360.91 20196.94 89.7756147218 93.6522458913 94.1699275446 5.61097592011 5.85326536821 5.88562047154
3895520 256 21295.049 21550.609 22327.199 89.3307861859 92.5498782888 93.6605611943 5.58317413662 5.78436739305 5.85378507464
4285072 128 11803.35 12027.897 12237.014 89.6442900204 91.2028455182 92.9378889891 5.60276812628 5.70017784489 5.80861806182
4713568 128 13666.493 13680.685 14092.524 85.6250738335 88.2027038851 88.2942981788 5.35156711459 5.51266899282 5.51839363617
5184912 128 14969.571 15005.003 15009.214 88.4348422242 88.4596605545 88.6690388121 5.52717763902 5.52872878466 5.54181492576
5703392 128 16099.113 16169.938 16491.227 88.536065388 90.2952350219 90.6924718151 5.53350408675 5.64345218887 5.66827948844
6273728 128 17118.612 17390.906 17839.335 90.0299460714 92.3513914686 93.8203616041 5.62687162946 5.77196196679 5.86377260026
6901088 128 19102.431 19598.495 20000.637 88.331113054 90.1435813311 92.4844868174 5.52069456588 5.63397383319 5.78028042609
7591184 128 20697.52 21260.133 25532.007 76.1139969921 91.4078526226 93.8925583355 4.75712481201 5.71299078891 5.86828489597
8350288 128 23013.718 23024.597 23117.037 92.4717872797 92.8430464168 92.8869350011 5.77948670498 5.80269040105 5.80543343757
9185312 64 12547.998 12554.747 12785.544 91.9569739074 93.6474415613 93.6978102802 5.74731086921 5.85296509758 5.85611314251
10103840 64 13796.988 13826.554 14025.027 92.2131215861 93.5367930433 93.7372359822 5.76332009913 5.84604956521 5.85857724889
11114224 64 15214.707 15389.267 15429.398 92.201955773 92.4423932602 93.502994964 5.76262223581 5.77764957876 5.84393718525
12225632 64 16686.357 16959.001 17292.244 90.4961146743 92.274356019 93.7820577613 5.65600716714 5.76714725119 5.86137861008
13448192 64 18495.021 18652.648 21045.893 81.7911872877 92.2854801098 93.0719989991 5.11194920548 5.76784250687 5.81699993744
14793008 64 20256.11 20686.804 23965.705 79.0089431544 91.5320232163 93.4782159062 4.93805894715 5.72075145102 5.84238849414
16272304 64 22550.406 23001.63 26808.774 77.693031095 90.5524918017 92.3644085166 4.85581444344 5.6595307376 5.77277553229
17899520 32 12556.478 12854.072 14953.891 76.6067694355 89.121118973 91.2333283266 4.78792308972 5.57006993581 5.70208302041
19689472 32 13761.117 15609.776 15791.279 79.7988692366 80.7267322734 91.5715060049 4.98742932729 5.04542076709 5.72321912531
21658416 32 15040.285 15187.446 17527.314 79.0844863052 91.2687112764 92.1617259247 4.94278039408 5.70429445478 5.7601078703
23824256 32 16859.68 16941.293 18198.127 83.786226132 90.0021258118 90.4378009547 5.23663913325 5.62513286324 5.65236255967
26206672 32 18656.775 19338.638 19423.553 86.3501650805 86.7293243712 89.8990853457 5.39688531753 5.4205827732 5.6186928341
28827328 32 21468.981 21624.478 22950.945 80.3866242545 85.3176197825 85.9355640587 5.0241640159 5.33235123641 5.37097275367
31710048 32 23979.046 24021.615 28049.751 72.3515539229 84.4840395619 84.6340205528 4.52197212018 5.28025247262 5.28962628455
34881040 16 13380.562 13848.066 14104.989 79.1346437775 80.6028278606 83.4190133419 4.94591523609 5.03767674129 5.21368833387
38369136 16 15064.609 15933.596 16021.427 76.6356425055 77.0580823061 81.5031012089 4.78972765659 4.81613014413 5.09394382556
42206048 16 17215.68 17395.206 17913.017 75.3973234101 77.6417097906 78.4513615495 4.71233271313 4.85260686191 4.90321009684
46426640 16 20226.966 20237.198 20764.608 71.5473405518 73.4119654312 73.4491015608 4.47170878449 4.58824783945 4.59056884755
51069296 16 23514.819 28777.976 29884.336 54.6847509679 56.7870885708 69.4973442917 3.41779693549 3.54919303567 4.34358401823
56176224 16 27404.378 27722.662 28785.528 62.4494074939 64.8436707846 65.5967877833 3.90308796837 4.05272942404 4.09979923646
61793840 16 32296.227 32458.81 32518.688 60.808199888 60.9203750846 61.2270554081 3.800512493 3.80752344279 3.826690963
67973216 8 18361.34 18441.756 18677.491 58.2289910353 58.9733133873 59.2315950797 3.6393119397 3.68583208671 3.70197469248
74770528 8 20457.059 20475.174 21095.807 56.7093000045 58.428243296 58.4799822888 3.54433125028 3.651765206 3.65499889305
82247568 8 23190.765 23307.235 24151.22 54.4883897377 56.4614845133 56.7450486433 3.4055243586 3.52884278208 3.54656554021
90472320 8 26300.411 26364.693 28705.341 50.4281457587 54.9051384744 55.0393345564 3.15175910992 3.43157115465 3.43995840978
99519552 8 29738.046 29806.921 33715.259 47.2282544826 53.4209095934 53.5446354478 2.95176590516 3.33880684959 3.34653971549
109471504 8 33456.178 35251.067 37934.713 46.1725930021 49.6876892833 52.3533819075 2.88578706263 3.1054805802 3.27208636922
120418640 8 37810.991 42207.402 48405.046 39.8036650972 45.6483495478 50.9560365662 2.48772906858 2.85302184674 3.18475228539
132460496 8 42369.714 43301.917 43512.812 48.7067564376 48.943974836 50.0208223261 3.04417227735 3.05899842725 3.12630139538
145706544 4 23537.823 23734.226 24022.065 48.5242360305 49.112718148 49.5225217727 3.03276475191 3.06954488425 3.0951576108
160277184 4 26301.304 26376.742 26709.58 48.0059017027 48.6116697809 48.7510988809 3.00036885642 3.03822936131 3.04694368005
176304896 4 29270.371 29532.598 29754.448 47.4026326417 47.7587230219 48.1865832175 2.96266454011 2.98492018887 3.0116614511
193935376 4 32605.639 33205.201 34699.401 44.7120977103 46.7240962643 47.5832725744 2.79450610689 2.92025601652 2.9739545359
213328912 4 36279.597 36641.876 36871.309 46.2861596804 46.5759803346 47.0410764486 2.89288498003 2.91099877091 2.94006727804
234661792 4 40176.109 40657.502 40836.366 45.9711409189 46.1733811389 46.7266338808 2.87319630743 2.88583632118 2.92041461755
258127968 4 44553.981 45450.642 45940.822 44.9496472658 45.4344240946 46.3488042516 2.80935295411 2.83965150591 2.89680026573
283940752 2 24767.436 25389.247 25565.532 44.4255573481 44.7340170427 45.8571088263 2.77659733425 2.79587606517 2.86606930164
312334816 2 27794.344 27972.492 28252.852 44.2199344689 44.6631377712 44.9494063972 2.76374590431 2.7914461107 2.80933789983
343568288 2 30703.794 30949.471 31174.305 44.0835217337 44.4037687106 44.7590663226 2.75522010836 2.77523554441 2.79744164516
377925104 2 33616.267 33742.123 33974.627 44.4949819758 44.8015797939 44.9693125058 2.78093637349 2.80009873712 2.81058203161
415717600 2 37616.225 39224.239 67518.757 24.628273296 42.3939493128 44.2062009146 1.539267081 2.64962183205 2.76288755716
457289360 2 40980.739 44389.601 65442.752 27.9504969473 41.2068907761 44.6345645451 1.74690605921 2.5754306735 2.78966028407
503018288 2 45278.331 45766.636 49841.074 40.3697791906 43.9637545569 44.4378824829 2.52311119941 2.74773465981 2.77736765518
553320112 1 30823.031 31241.628 34949.965 31.6635574313 35.4219768573 35.9030305618 1.97897233946 2.21387355358 2.24393941011
608652112 1 34000.485 34817.586 94380.734 12.8978041641 34.9623383999 35.8025546989 0.806112760259 2.18514614999 2.23765966868
669517312 1 38105.472 38609.008 41371.62 32.3660186379 34.6819225192 35.1402188116 2.02287616487 2.16762015745 2.19626367573
736469040 1 42007.411 42823.648 43061.891 34.2051416181 34.395436839 35.0637672005 2.13782135113 2.14971480244 2.19148545003
810115936 1 46306.32 46438.68 46653.001 34.7294244158 34.8897055644 34.9894328031 2.17058902599 2.18060659778 2.1868395502
891127520 1 50712.157 50946.399 61474.782 28.9916447365 34.9829443294 35.1445323061 1.81197779603 2.18643402059 2.19653326913
980240272 1 55882.941 56241.574 70599.666 27.7689776039 34.8582090537 35.0819142464 1.73556110025 2.17863806585 2.1926196404

META_DATA
ERT_VERSION  1.1.0
TIMESTAMP_DATA  1560424099.47
OPENMP_THREADS 2
HOSTNAME  ('kcadmin-UniServer-R5200-G3', [], ['127.0.1.1'])
MPI_PROCS      1
CONFIG  {'ERT_WORKING_SET_MIN': ['1'], 'ERT_CFLAGS': ['-O3', '-march=native', '-fstrict-aliasing', '-ftree-vectorize'], 'ERT_CC': ['gcc'], 'ERT_MPI_CFLAGS': ['-I/usr/local/include'], 'ERT_MPI_LDFLAGS': ['-L/usr/local/lib', '-lmpi'], 'ERT_MEMORY_MAX': ['1073741824'], 'ERT_PROCS_THREADS': ['1-8'], 'ERT_LDFLAGS': [], 'ERT_LDLIBS': [], 'ERT_RUN': ['export', 'OMP_NUM_THREADS=ERT_OPENMP_THREADS;', 'mpirun', '-np', 'ERT_MPI_PROCS', 'ERT_CODE'], 'ERT_FLOPS': ['1,2,4,8,16'], 'ERT_OPENMP_CFLAGS': ['-fopenmp'], 'ERT_MPI': ['True'], 'ERT_TRIALS_MIN': ['1'], 'ERT_DRIVER': ['driver1'], 'ERT_RESULTS': ['Results.p100.01'], 'ERT_OPENMP': ['True'], 'ERT_MPI_PROCS': ['1,2,4,8'], 'ERT_KERNEL': ['kernel1'], 'ERT_GPU': [False], 'ERT_OPENMP_THREADS': ['1,2,4,8'], 'ERT_LD': ['gcc'], 'ERT_NUM_EXPERIMENTS': ['3'], 'ERT_OPENMP_LDFLAGS': ['-fopenmp'], 'ERT_ALIGN': ['32'], 'ERT_GNUPLOT': ['gnuplot']}
FLOPS          1
TIMESTAMP_DATA  1560424105.98
UNAME  ('Linux', 'kcadmin-UniServer-R5200-G3', '4.4.0-141-generic', '#167-Ubuntu SMP Wed Dec 5 10:40:15 UTC 2018', 'x86_64', 'x86_64')
TIMESTAMP_DATA  1560424112.47
