64 16777216 136926.664 138267.567 142817.797 15.0365269113 15.5313620872 15.683458468 7.51826345564 7.76568104362 7.84172923398
128 8388608 63175.253 66991.123 68116.645 31.5265622375 32.0562419591 33.9924819613 15.7632811187 16.0281209796 16.9962409806
192 4194304 30988.965 33873.334 37299.564 43.1804708495 47.5481018786 51.973750527 21.5902354247 23.7740509393 25.9868752635
256 4194304 30810.829 30989.122 37457.919 57.3305646798 69.2979829503 69.6989895338 28.6652823399 34.6489914751 34.8494947669
320 2097152 15764.519 15875.493 15977.05 84.0065769338 84.5439747918 85.1391203246 42.0032884669 42.2719873959 42.5695601623
384 2097152 16158.367 16536.4 17696.814 91.0114518918 97.3980271401 99.6767022311 45.5057259459 48.6990135701 49.8383511156
448 2097152 16564.152 16850.257 21026.397 89.3661520802 111.514512331 113.440651354 44.6830760401 55.7572561653 56.7203256768
512 2097152 17597.318 19081.298 23532.464 91.2562172835 112.54389759 122.03471279 45.6281086417 56.2719487951 61.0173563949
576 1048576 9359.394 10335.666 13129.44 92.0038898841 116.872928363 129.06386375 46.0019449421 58.4364641814 64.5319318751
640 1048576 10466.563 10613.797 14412.723 93.1244762006 126.455902633 128.234768185 46.5622381003 63.2279513166 64.1173840926
704 1048576 11375.609 12273.75 15691.506 94.0888024387 120.288828435 129.786019192 47.0444012194 60.1444142173 64.8930095962
768 1048576 12696.003 13557.02 17028.881 94.581243242 118.802859035 126.859826356 47.290621621 59.4014295177 63.4299131782
832 1048576 13327.471 16124.983 18428.849 94.6792967917 108.206654481 130.919846984 47.3396483958 54.1033272407 65.4599234919
896 1048576 11017.071 11143.324 11762.576 159.748017101 168.625465077 170.557872596 79.8740085505 84.3127325383 85.278936298
960 1048576 13518.136 13692.924 14938.339 134.771738679 147.02965707 148.930734237 67.3858693393 73.5148285348 74.4653671187
1024 1048576 14297.111 14532.981 15235.72 140.950585072 147.766218644 150.204027093 70.4752925362 73.8831093222 75.1020135467
1088 524288 7794.559 8046.938 8698.001 131.162400188 141.774509509 146.365007693 65.5812000941 70.8872547545 73.1825038466
1152 524288 8513.711 9303.664 10339.382 116.830923937 129.836970897 141.884021198 58.4154619686 64.9184854483 70.9420105991
1216 524288 9701.414 9732.34 9990.548 127.627475089 131.013550287 131.43119302 63.8137375447 65.5067751435 65.71559651
1280 524288 9849.969 9971.773 10206.159 131.506601063 134.597656806 136.262081637 65.7533005316 67.2988284029 68.1310408185
1408 524288 6688.084 6822.925 8932.257 165.288012649 216.387401005 220.750069527 82.6440063245 108.193700502 110.375034763
1536 524288 7841.56 7926.139 8044.724 200.207332905 203.202686201 205.39442866 100.103666453 101.6013431 102.69721433
1664 524288 9584.21 9664.259 10098.468 172.781699561 180.544671247 182.052611952 86.3908497804 90.2723356235 91.0263059762
1792 524288 10701.577 10873.213 11008.283 170.694030304 172.81443783 175.586102123 85.3470151521 86.407218915 87.7930510615
1920 524288 7035.868 7135.289 7200.344 279.60690767 282.156184564 286.143219287 139.803453835 141.078092282 143.071609644
2112 262144 4866.266 4988.552 5018.49 220.643312231 221.967467915 227.545361474 110.321656116 110.983733957 113.772680737
2304 262144 5682.743 5944.47 6194.212 195.014241037 203.207275333 212.566282163 97.5071205183 101.603637667 106.283141082
2496 262144 4232.48 4369.265 4728.414 276.757248414 299.506403938 309.185831475 138.378624207 149.753201969 154.592915737
2688 262144 5532.569 5866.943 6104.756 230.850527687 240.207914752 254.725452859 115.425263843 120.103957376 127.36272643
2944 262144 4429.87 4558.793 4759.401 324.306330145 338.577310266 348.430963437 162.153165073 169.288655133 174.215481718
3200 262144 5817.971 6190.546 6434.011 260.758273494 271.013509955 288.368848865 130.379136747 135.506754978 144.184424433
3520 262144 5151.961 5239.073 7878.298 234.250311425 352.255782655 358.211904166 117.125155713 176.127891327 179.105952083
3840 262144 6990.011 7423.781 7972.967 252.511507949 271.191448131 288.020422285 126.255753975 135.595724066 144.010211143
4224 131072 3408.452 3531.312 3653.881 303.046611534 313.565115742 324.867786315 151.523305767 156.782557871 162.433893157
4608 131072 3279.018 3646.795 3770.319 320.386564638 331.238677249 368.390643784 160.193282319 165.619338625 184.195321892
5056 131072 3235.783 3531.984 3943.18 336.124666893 375.256531173 409.607215317 168.062333447 187.628265587 204.803607658
5504 131072 3440.231 3488.422 3867.579 373.060401869 413.608381096 419.402236652 186.530200934 206.804190548 209.701118326
6016 131072 4154.718 5246.661 7323.634 215.33821925 300.583228838 379.582514144 107.669109625 150.291614419 189.791257072
6592 131072 4914.464 5697.833 5911.735 292.308983403 303.282537063 351.625985662 146.154491702 151.641268531 175.812992831
7232 131072 5591.916 6573.692 7145.604 265.31352815 288.395837225 339.029664966 132.656764075 144.197918613 169.514832483
7936 131072 6138.864 7746.355 8312.706 250.264448664 268.561766663 338.885954144 125.132224332 134.280883332 169.442977072
8704 65536 3053.539 3654.243 3964.344 287.777924418 312.198911786 373.615888973 143.888962209 156.099455893 186.807944487
9536 65536 3846.89 4510.725 4617.178 270.707040534 277.095720089 324.91248567 135.353520267 138.547860045 162.456242835
10432 65536 3811.426 4632.669 4787.409 285.612343545 295.152341771 358.748432739 142.806171773 147.576170886 179.374216369
11456 65536 4246.703 4837.32 5149.957 291.567644545 310.411722193 353.58272806 145.783822273 155.205861097 176.79136403
12544 65536 4482.382 5157.47 5663.462 290.311326888 318.793355657 366.806570257 145.155663444 159.396677828 183.403285128
13760 65536 4377.124 5085.054 5244.092 343.920495674 354.676807759 412.040124977 171.960247837 177.338403879 206.020062489
15104 65536 5112.433 5997.451 6278.946 315.293599913 330.092148815 387.234705668 157.646799957 165.046074407 193.617352834
16576 32768 2871.667 3116.809 3342.976 324.957384079 348.537474064 378.290636066 162.47869204 174.268737032 189.145318033
18176 32768 2919.518 3260.788 3413.441 348.968192507 365.30505387 408.006505183 174.484096254 182.652526935 204.003252592
19968 32768 2957.749 3169.533 3406.237 384.184320703 412.87560281 442.438776245 192.092160352 206.437801405 221.219388123
21952 32768 3217.623 3221.106 3625.927 396.766474339 446.631148432 447.114615976 198.383237169 223.315574216 223.557307988
24128 32768 3434.031 3945.867 4044.706 390.943768966 400.736418131 460.465443672 195.471884483 200.368209065 230.232721836
26496 32768 3515.206 4046.394 4206.658 412.784175942 429.133163009 493.980112688 206.392087971 214.566581504 246.990056344
29120 32768 3838.106 4024.357 4445.451 429.294647495 474.214469541 497.226579985 214.647323747 237.107234771 248.613289993
32000 32768 4346.933 4641.252 4749.78 441.526133842 451.850492066 482.444058834 220.763066921 225.925246033 241.222029417
35200 16384 2373.76 2377.719 2660.734 433.502033649 485.100888709 485.909948773 216.751016825 242.550444354 242.954974387
38720 16384 2724.463 2982.357 3104.527 408.686076816 425.427593008 465.697996266 204.343038408 212.713796504 232.848998133
42560 16384 2938.509 2938.672 3349.691 416.338724975 474.570173194 474.596497748 208.169362487 237.285086597 237.298248874
46784 16384 3081.36 3094.354 3151.377 486.459764097 495.424283065 497.513471973 243.229882048 247.712141533 248.756735987
51456 16384 3429.609 3541.275 3544.954 475.636695991 476.130830845 491.633363453 237.818347995 238.065415422 245.816681727
56576 16384 3647.578 3804.201 3867.166 479.390429064 487.325030407 508.250232894 239.695214532 243.662515204 254.125116447
62208 16384 3972.203 4261.203 4774.352 426.954640965 478.370015228 513.174111192 213.477320482 239.185007614 256.587055596
68416 8192 2297.799 2458.515 2593.76 432.163247178 455.936914764 487.826717655 216.081623589 227.968457382 243.913358827
75200 8192 2413.937 2422.901 2729.247 451.434699754 508.513059345 510.401389929 225.717349877 254.256529672 255.200694964
82688 8192 2687.768 3068.564 3101.884 436.753983063 441.496475876 504.046551637 218.376991532 220.748237938 252.023275818
90944 8192 2909.488 2921.613 3215.596 463.374906549 510.001323242 512.126702705 231.687453275 255.000661621 256.063351353
100032 8192 3111.258 3343.633 3521.145 465.45208675 490.162732573 526.772221397 232.726043375 245.081366286 263.386110699
110016 8192 3449.836 3623.393 3684.057 489.270970563 497.462501031 522.489226734 244.635485282 248.731250516 261.244613367
120960 8192 3682.234 3695.977 3928.758 504.436424947 536.206973149 538.208229026 252.218212473 268.103486575 269.104114513
133056 4096 2139.308 2139.522 2290.91 475.791171194 509.457136688 509.508098881 237.895585597 254.728568344 254.75404944
146304 4096 2298.339 2319.617 2323.555 515.814072832 516.689767319 521.473276136 257.907036416 258.34488366 260.736638068
160896 4096 2536.226 2538.318 2709.431 486.47115649 519.265132265 519.693446877 243.235578245 259.632566132 259.846723439
176960 4096 2773.253 2785.577 2939.171 493.219455418 520.415095329 522.727756898 246.609727709 260.207547664 261.363878449
194624 4096 2988.06 2989.296 3374.11 472.527513329 533.356284557 533.576905417 236.263756665 266.678142278 266.788452708
214080 4096 3246.5 3250.114 3517.288 498.606699252 539.594414227 540.195090097 249.303349626 269.797207113 270.097545049
235456 4096 3520.069 3525.919 3815.399 505.544912079 547.050443303 547.959586019 252.772456039 273.525221651 273.97979301
258944 4096 3826.99 4000.447 4119.462 514.938418658 530.258055662 554.291818897 257.469209329 265.129027831 277.145909448
284800 2048 2240.287 2252.703 2745.309 424.921493355 517.840478749 520.710426834 212.460746677 258.920239375 260.355213417
313280 2048 2446.675 2621.605 2884.809 444.811036017 489.469191583 524.464785883 222.405518008 244.734595792 262.232392941
344576 2048 2714.455 2729.868 2878.871 490.25583154 517.015216853 519.950891063 245.12791577 258.507608426 259.975445531
379008 2048 2893.693 3135.622 4452.096 348.693462136 495.090533234 536.482884674 174.346731068 247.545266617 268.241442337
416896 2048 3123.018 3489.937 3537.426 482.72557956 489.294223936 546.780715321 241.36278978 244.647111968 273.39035766
458560 2048 3425.994 3483.185 4904.3 382.982639724 539.236865111 548.238484948 191.491319862 269.618432555 274.119242474
504384 2048 3740.59 3745.989 4339.143 476.12094462 551.511727344 552.307754659 238.06047231 275.755863672 276.15387733
554816 1024 2205.97 2318.994 2441.225 465.447948468 489.981072827 515.085503429 232.723974234 244.990536414 257.542751715
610240 1024 2379.754 2425.501 3062.32 408.112646621 515.263246645 525.168366142 204.05632331 257.631623322 262.584183071
671232 1024 2571.815 2574.663 2790.849 492.568080896 533.927405645 534.518671055 246.284040448 266.963702822 267.259335528
738304 1024 2810.766 3003.188 3322.858 455.043998871 503.480498723 537.948229059 227.521999435 251.740249362 268.97411453
812096 1024 3308.143 3389.998 3923.465 423.904025651 490.611678237 502.751122911 211.952012825 245.305839118 251.375561455
893248 1024 3305.507 3521.557 3722.154 491.482056895 519.47814674 553.431562541 245.741028448 259.73907337 276.71578127
982528 1024 3613.351 3916.735 4483.482 448.806830049 513.74865647 556.883996047 224.403415024 256.874328235 278.441998023
1080768 512 2206.546 2249.821 2392.35 462.602224591 491.9086594 501.556021039 231.301112295 245.9543297 250.77801052
1188800 512 2324.034 2485.178 2509.621 485.065752956 489.836623373 523.800942671 242.532876478 244.918311686 261.900471336
1307648 512 2512.391 2713.12 2772.021 483.052455952 493.539376069 532.971003319 241.526227976 246.769688034 266.48550166
1438400 512 2743.156 2870.49 3355.172 439.000325468 513.125494254 536.944162126 219.500162734 256.562747127 268.472081063
1582208 512 2977.396 3220.206 3270.695 495.362909718 503.129610963 544.160397878 247.681454859 251.564805481 272.080198939
1740416 512 3377.16 3440.87 3750.456 475.191812409 517.94632869 527.717367255 237.595906204 258.973164345 263.858683628
1914432 512 3644.667 3831.602 3953.538 495.854186301 511.63413319 537.875852033 247.92709315 255.817066595 268.937926016
2105856 256 2079.955 2248.739 2293.323 470.146713742 479.467947147 518.375768707 235.073356871 239.733973574 259.187884353
2316416 256 2265.77 2379.451 3197.18 370.953462739 498.436400666 523.444564982 185.47673137 249.218200333 261.722282491
2548032 256 2455.588 2600.219 3521.09 370.508105161 501.724040937 531.274946774 185.25405258 250.862020468 265.637473387
2802816 256 2778.085 2823.445 3866.206 371.175719038 508.259162831 516.557913815 185.587859519 254.129581416 258.278956907
3083072 256 2912.346 2970.208 3821.936 413.019177715 531.455327034 542.014191995 206.509588858 265.727663517 271.007095998
3391360 256 3170.322 3460.23 3789.103 458.255244051 501.809509772 547.697148744 229.127622026 250.904754886 273.848574372
3730496 256 3451.073 3751.664 4154.615 459.733080442 509.111144282 553.455099907 229.866540221 254.555572141 276.727549953
4103488 256 3894.272 4055.808 5070.224 414.377324552 518.019062046 539.506705233 207.188662276 259.009531023 269.753352616
4513792 128 2204.404 2221.032 2633.522 438.77770985 520.26749367 524.191914005 219.388854925 260.133746835 262.095957002
4965120 128 2628.481 2677.907 2792.108 455.236946422 474.650807515 483.576149114 227.618473211 237.325403757 241.788074557
5461632 128 2581.706 2615.858 3048.156 458.696271451 534.500646442 541.571267991 229.348135725 267.250323221 270.785633996
6007744 128 3170.756 3313.126 3400.378 452.29749869 464.208866189 485.05229163 226.148749345 232.104433094 242.526145815
6608512 128 3289.127 3594.202 4396.772 384.777530425 470.696714319 514.355046795 192.388765212 235.34835716 257.177523398
7269312 128 3794.048 4127.399 4600.861 404.477308052 450.875689993 490.490334334 202.238654026 225.437844996 245.245167167
7996224 128 4245.792 4430.321 5252.838 389.700452213 462.050795868 482.132272141 194.850226106 231.025397934 241.066136071
8795840 64 2902.984 2962.548 3074.322 366.21652514 380.033511693 387.831114467 183.10826257 190.016755847 193.915557234
9675392 64 3019.092 3512.389 3652.532 339.066208318 352.594822498 410.206173247 169.533104159 176.297411249 205.103086623
10642880 64 3604.481 4128.253 4146.625 328.529500497 329.991558172 377.943076964 164.264750249 164.995779086 188.971538482
11707136 64 4491.985 5037.655 6404.183 233.989785738 297.462491576 333.597153152 116.994892869 148.731245788 166.798576576
12877824 64 5439.27 5916.626 5917.221 278.570205845 278.598219999 303.048289936 139.285102922 139.29911 151.524144968
14165568 64 5921.11 6618.845 6646.599 272.800074745 273.943974213 306.225134139 136.400037372 136.971987107 153.112567069
15582080 64 6450.803 7354.502 7355.324 271.164973834 271.195281475 309.187281025 135.582486917 135.597640738 154.593640513
17140288 32 3551.21 4031.81 4042.416 271.367031993 272.080884764 308.902721044 135.683515996 136.040442382 154.451360522
18854272 32 4174.142 4458.454 4465.533 270.219346268 270.64839247 289.082979927 135.109673134 135.324196235 144.541489964
20739648 32 4421.071 4894.097 4920.163 269.775101353 271.211925714 300.229847474 134.887550677 135.605962857 150.114923737
22813568 32 4963.947 5014.389 5435.384 268.622852038 291.175724899 294.134557037 134.311426019 145.587862449 147.067278518
25094912 32 5394.22 5461.733 5972.587 268.907655594 294.059480388 297.739871195 134.453827797 147.029740194 148.869935598
27604352 32 6109.643 6636.43 7450.115 237.134396986 266.209170895 289.16231734 118.567198493 133.104585447 144.58115867
30364736 32 6844.698 6877.752 7510.108 258.763669444 282.554983663 283.919481035 129.381834722 141.277491832 141.959740517
33401152 32 7803.738 8390.339 8432.145 253.514820725 254.777992641 273.929458934 126.757410362 127.388996321 136.964729467
36741248 16 4527.088 4794.131 4802.533 244.812463756 245.241512174 259.70777153 122.406231878 122.620756087 129.853885765
40415360 16 5464.345 5741.313 6247.251 207.017697864 225.260584121 236.678233164 103.508848932 112.63029206 118.339116582
44456896 16 7371.007 7485.944 7854.482 181.12215064 190.038914531 193.002214216 90.5610753198 95.0194572655 96.5011071079
48902528 16 9605.231 9656.424 9798.132 159.712167176 162.055942862 162.919652427 79.8560835882 81.0279714312 81.4598262134
53792768 16 12011.589 12072.733 12769.583 134.802254388 142.583172841 143.308980685 67.4011271942 71.2915864204 71.6544903426
59172032 16 15032.456 15104.134 16701.266 113.3749396 125.363362375 125.961121988 56.6874698002 62.6816811874 62.9805609942
65089216 16 17840.456 17909.831 19244.895 108.228956926 116.296737362 116.748972784 54.114478463 58.1483686809 58.3744863921
71598080 8 10509.95 10792.729 11529.463 99.3601592719 106.142689212 108.998547091 49.680079636 53.0713446062 54.4992735455
78757888 8 12418.95 12597.424 13473.916 93.5233831056 100.030467181 101.468015251 46.7616915528 50.0152335906 50.7340076254
86633664 8 14472.379 14785.081 15629.942 88.684821991 93.7525214776 95.7782147634 44.3424109955 46.8762607388 47.8891073817
95297024 8 17115.631 17989.625 18807.687 81.0707017827 84.7573189547 89.0853737148 40.5353508914 42.3786594773 44.5426868574
104826688 8 19911.759 20267.693 20580.723 81.4950479631 82.7537208108 84.232990566 40.7475239815 41.3768604054 42.116495283
115309312 8 22124.163 23143.218 23701.83 77.8399386039 79.7187751505 83.390679774 38.9199693019 39.8593875752 41.695339887
126840192 8 25013.544 25986.833 26409.961 76.8438496369 78.0950519057 81.1337678499 38.4219248184 39.0475259529 40.566883925
139524160 4 14101.18 14866.825 15376.528 72.5907226911 75.0794658577 79.1560195672 36.2953613456 37.5397329289 39.5780097836
153476544 4 15875.886 16536.105 16683.798 73.5930962482 74.2503964507 77.3381940384 36.7965481241 37.1251982253 38.6690970192
168824192 4 18707.505 19310.24 21858.769 61.7872642325 69.9418306557 72.1952786328 30.8936321162 34.9709153278 36.0976393164
185706560 4 20257.069 20922.293 22912.453 64.8403939988 71.0081098664 73.3399525864 32.4201969994 35.5040549332 36.6699762932
204277184 4 22893.963 23468.373 23953.488 68.2246139685 69.6348857247 71.382026432 34.1123069843 34.8174428624 35.691013216
224704896 4 26282.658 26348.353 30034.643 59.8521902857 68.2258647438 68.396399177 29.9260951429 34.1129323719 34.1981995885
247175360 4 29083.546 29153.171 29405.675 67.2456211259 67.8280547938 67.9904328035 33.6228105629 33.9140273969 33.9952164017
271892864 2 16198.863 16335.674 16688.965 65.1671002965 66.5764666949 67.1387526396 32.5835501483 33.2882333475 33.5693763198
299082112 2 18032.884 18037.823 22993.728 52.0284682849 66.3233278207 66.3414930191 26.0142341425 33.1616639103 33.1707465095
328990272 2 20149.179 20428.664 28677.621 45.8880842313 64.417383731 65.3109036353 22.9440421156 32.2086918655 32.6554518177
361889280 2 22327.33 22344.95 22432.718 64.5288332872 64.7822939859 64.8334180576 32.2644166436 32.3911469929 32.4167090288
398078208 2 24467.769 24907.6 25029.974 63.6162399529 63.928794103 65.0779738847 31.8081199765 31.9643970515 32.5389869424
437886016 2 26951.943 27181.926 27370.003 63.9950263798 64.4378203369 64.9876732078 31.9975131899 32.2189101685 32.4938366039
481674560 2 29921.196 30061.241 30547.535 63.0721346256 64.0924384991 64.3924206773 31.5360673128 32.0462192496 32.1962103387
529841984 2 32839.319 33461.759 33779.763 62.7407580095 63.3370151282 64.5375117553 31.3703790047 31.6685075641 32.2687558777
582826176 1 32484.578 35646.837 37607.244 30.9954207758 32.7000219402 35.8832536473 15.4977103879 16.3500109701 17.9416268237
641108736 1 35985.53 39394.553 41933.345 30.5775146724 32.5480903921 35.631473873 15.2887573362 16.274045196 17.8157369365
705219584 1 39511.73 43311.973 46392.476 30.4023257564 32.5646483018 35.6967201386 15.2011628782 16.2823241509 17.8483600693
775741504 1 43557.829 48031.939 51241.877 30.2776381123 32.3010696695 35.6189241663 15.1388190561 16.1505348347 17.8094620832
853315648 1 48026.249 55873.531 60385.044 28.2624832732 30.5445398824 35.5353859928 14.1312416366 15.2722699412 17.7676929964
938647168 1 52491.641 54567.666 69659.899 26.9494266134 34.4030535592 35.7636816117 13.4747133067 17.2015267796 17.8818408059
1032511872 1 57860.342 59409.689 66558.686 31.0256086486 34.7590397923 35.6897949895 15.5128043243 17.3795198962 17.8448974947

META_DATA
ERT_VERSION  1.1.0
OPENMP_THREADS 8
FLOPS          8
MPI_PROCS      1
CONFIG  {'ERT_WORKING_SET_MIN': ['1'], 'ERT_CFLAGS': ['-O3', '-march=native', '-fstrict-aliasing', '-ftree-vectorize'], 'ERT_CC': ['gcc'], 'ERT_MPI_CFLAGS': ['-I/usr/local/include'], 'ERT_MPI_LDFLAGS': ['-L/usr/local/lib', '-lmpi'], 'ERT_MEMORY_MAX': ['1073741824'], 'ERT_PROCS_THREADS': ['1-8'], 'ERT_LDFLAGS': [], 'ERT_LDLIBS': [], 'ERT_RUN': ['export', 'OMP_NUM_THREADS=ERT_OPENMP_THREADS;', 'mpirun', '-np', 'ERT_MPI_PROCS', 'ERT_CODE'], 'ERT_FLOPS': ['1,2,4,8,16'], 'ERT_OPENMP_CFLAGS': ['-fopenmp'], 'ERT_MPI': ['True'], 'ERT_TRIALS_MIN': ['1'], 'ERT_DRIVER': ['driver1'], 'ERT_RESULTS': ['Results.p100.01'], 'ERT_OPENMP': ['True'], 'ERT_MPI_PROCS': ['1,2,4,8'], 'ERT_KERNEL': ['kernel1'], 'ERT_GPU': [False], 'ERT_OPENMP_THREADS': ['1,2,4,8'], 'ERT_LD': ['gcc'], 'ERT_NUM_EXPERIMENTS': ['3'], 'ERT_OPENMP_LDFLAGS': ['-fopenmp'], 'ERT_ALIGN': ['32'], 'ERT_GNUPLOT': ['gnuplot']}
HOSTNAME  ('kcadmin-UniServer-R5200-G3', [], ['127.0.1.1'])
TIMESTAMP_DATA  1560424672.07
TIMESTAMP_DATA  1560424668.14
TIMESTAMP_DATA  1560424676.21
UNAME  ('Linux', 'kcadmin-UniServer-R5200-G3', '4.4.0-141-generic', '#167-Ubuntu SMP Wed Dec 5 10:40:15 UTC 2018', 'x86_64', 'x86_64')
