64 16777216 58255.637 58475.607 58571.63 36.6642288767 36.7244353359 36.8631047327 4.58302860958 4.59055441699 4.60788809159
128 8388608 29128.489 29163.696 33753.96 63.6216801821 73.6355106705 73.7245123837 7.95271002276 9.20443883382 9.21556404797
192 4194304 14572.855 14592.787 14755.326 109.15466971 110.370468369 110.521427407 13.6443337138 13.7963085461 13.8151784259
256 4194304 14576.653 14691.162 14733.7 145.753181346 146.175207108 147.323507529 18.2191476683 18.2719008884 18.4154384412
320 2097152 8093.783 8101.293 9278.597 144.653041834 165.674452214 165.828177009 18.0816302292 20.7093065267 20.7285221262
384 2097152 9710.992 9712.483 10679.326 150.815953741 165.829143382 165.854604349 18.8519942176 20.7286429227 20.7318255437
448 2097152 10519.382 10523.479 11089.854 169.438496846 178.557698647 178.62724179 21.1798121057 22.3197123309 22.3284052238
512 2097152 12140.702 12143.092 12151.676 176.723247723 176.848174089 176.88298815 22.0904059654 22.1060217612 22.1103735188
576 1048576 6472.813 6477.853 6659.253 181.395653837 186.475295441 186.620492821 22.6744567296 23.3094119302 23.3275616027
640 1048576 7285.351 7294.862 7704.927 174.19727403 183.989399662 184.229597174 21.7746592537 22.9986749578 23.0286996467
704 1048576 7690.137 7690.568 8430.529 175.124835939 191.974768054 191.985527436 21.8906044923 23.9968460067 23.9981909295
768 1048576 8497.729 8502.605 8848.706 182.016753184 189.425797858 189.53449045 22.752094148 23.6782247323 23.6918113063
832 1048576 8904.835 8906.644 8931.18 195.363934441 195.902122505 195.941919643 24.4204918051 24.4877653132 24.4927399553
896 1048576 5261.918 5508.788 9594.829 195.839674892 341.100109861 357.103282871 24.4799593614 42.6375137326 44.6379103589
960 1048576 6068.287 6070.232 11293.502 178.267637443 331.662104513 331.768408449 22.2834546804 41.4577630641 41.4710510561
1024 1048576 6476.598 7362.529 11749.118 182.778285825 291.677445074 331.575874865 22.8472857282 36.4596806342 41.4469843581
1088 524288 3642.927 3644.839 6801.582 167.733137379 313.004411992 313.168693196 20.9666421724 39.125551499 39.1460866496
1152 524288 3845.205 3848.074 6883.115 175.496058398 313.912765711 314.146983581 21.9370072997 39.2390957139 39.2683729476
1216 524288 4251.394 4879.913 7066.571 180.436652515 261.289169704 299.917724869 22.5545815644 32.6611462131 37.4897156086
1280 524288 4451.34 4451.488 7859.061 170.780870641 301.5120517 301.522076498 21.3476088301 37.6890064626 37.6902595623
1408 524288 3036.723 3037.619 5352.356 275.840210928 486.036928265 486.180335842 34.480026366 60.7546160331 60.7725419803
1536 524288 3639.972 3645.729 6331.6 254.376893044 441.780707233 442.479430062 31.7971116306 55.2225884041 55.3099287577
1664 524288 4249.572 5472.196 7431.228 234.79705696 318.853795442 410.589693268 29.34963212 39.8567244302 51.3237116585
1792 524288 4857.903 7015.941 8448.346 222.41610275 267.825540722 386.802328494 27.8020128437 33.4781925903 48.3502910618
1920 524288 3760.605 3872.677 6776.647 297.088799225 519.864145654 535.356922623 37.1360999031 64.9830182068 66.9196153279
2112 262144 2137.817 2225.227 3346.562 330.875763246 497.610471201 517.956521068 41.3594704057 62.2013089002 64.7445651335
2304 262144 2546.065 2713.315 3105.958 388.916898426 445.196946171 474.441756986 48.6146123032 55.6496182714 59.3052196232
2496 262144 2127.979 2150.066 2266.012 577.500405117 608.64310584 614.960414553 72.1875506396 76.0803882299 76.8700518191
2688 262144 2469.173 2527.188 2568.177 548.749616557 557.649903371 570.752289937 68.5937020696 69.7062379214 71.3440362421
2944 262144 2126.756 2228.635 2232.455 691.393050252 692.578135047 725.755033488 86.4241312815 86.5722668808 90.719379186
3200 262144 2599.089 2729.454 2734.716 613.490249079 614.672971224 645.503713032 76.6862811349 76.834121403 80.687964129
3520 262144 2531.085 2531.602 2531.926 728.889296133 728.98258099 729.131483139 91.1111620166 91.1228226238 91.1414353923
3840 262144 3116.178 3524.23 6018.01 334.540142007 571.264054843 646.068972953 41.8175177509 71.4080068554 80.7586216192
4224 131072 1587.273 1596.496 2905.126 381.152575138 693.579098225 697.609205222 47.6440718922 86.6973872781 87.2011506527
4608 131072 1480.762 1517.488 1795.447 672.790426005 796.025768902 815.768875755 84.0988032507 99.5032211128 101.971109469
5056 131072 1568.162 1581.0 1856.107 714.07524674 838.330211259 845.193330791 89.2594058424 104.791276407 105.649166349
5504 131072 1624.193 1642.526 1895.506 761.190191959 878.427845891 888.343057752 95.1487739949 109.803480736 111.042882219
6016 131072 1662.113 1662.456 1719.574 917.121510328 948.631605288 948.827368536 114.640188791 118.578950661 118.603421067
6592 131072 1798.454 1798.499 1891.982 913.356072098 960.830808357 960.854849777 114.169509012 120.103851045 120.106856222
7232 131072 2061.789 2073.342 2124.142 892.513498627 914.381422843 919.505055076 111.564187328 114.297677855 114.938131884
7936 131072 2395.546 2430.61 2444.644 850.992939667 855.906453113 868.434496353 106.374117458 106.988306639 108.554312044
8704 65536 1163.318 1163.461 1164.744 979.486211562 980.566334411 980.686869798 122.435776445 122.570791801 122.585858725
9536 65536 1390.292 1417.657 1437.572 869.453907004 881.667844902 899.02163862 108.681738376 110.208480613 112.377704827
10432 65536 1441.626 1448.52 1545.573 884.683611838 943.958733052 948.472838309 110.58545148 117.994841631 118.559104789
11456 65536 1535.989 1542.721 1546.165 971.151741244 973.319759049 977.585667606 121.393967655 121.664969881 122.198208451
12544 65536 1617.161 1637.779 1668.998 985.12231171 1003.90050672 1016.69973985 123.140288964 125.48756334 127.087467482
13760 65536 1593.832 1594.4 1667.813 1081.38665426 1131.17832413 1131.58144648 135.173331782 141.397290517 141.44768081
15104 65536 1843.257 1843.569 2083.816 950.041408646 1073.84724304 1074.02900843 118.755176081 134.23090538 134.253626054
16576 32768 1024.754 1026.052 1028.573 1056.14743533 1058.74237953 1060.08343076 132.018429416 132.342797441 132.510428844
18176 32768 1114.576 1118.441 1120.772 1062.82306839 1065.03815221 1068.73137049 132.852883548 133.129769027 133.591421312
19968 32768 1233.451 1347.181 1646.598 794.743372699 971.378640287 1060.94433261 99.3429215874 121.422330036 132.618041576
21952 32768 1605.31 1690.657 1799.991 799.251925149 850.939174534 896.179723542 99.9064906436 106.367396817 112.022465443
24128 32768 1369.109 1583.865 1979.999 798.612831623 998.350622054 1154.95012304 99.8266039528 124.793827757 144.36876538
26496 32768 2125.085 2201.437 3674.616 472.550562018 788.776538234 817.116424049 59.0688202522 98.5970672792 102.139553006
29120 32768 2104.689 2425.952 4571.825 417.428121155 786.663676775 906.741243005 52.1785151444 98.3329595969 113.342655376
32000 32768 2277.917 2289.859 4506.889 465.321422382 915.843289914 920.644606454 58.1651777978 114.480411239 115.080575807
35200 16384 1303.847 1304.72 2300.734 501.332878986 884.0468453 884.638765131 62.6666098732 110.505855663 110.579845641
38720 16384 1558.494 1700.137 3156.298 401.982626482 746.279246908 814.104488051 50.2478283103 93.2849058635 101.763061006
42560 16384 1764.493 1814.097 3079.693 452.839318724 768.760479732 790.372123891 56.6049148405 96.0950599665 98.7965154863
46784 16384 1768.255 1827.463 3190.375 480.513454374 838.877784119 866.966649041 60.0641817968 104.859723015 108.37083113
51456 16384 2097.186 2135.089 3577.093 471.363257259 789.714249851 803.986965391 58.9204071574 98.7142812314 100.498370674
56576 16384 2095.106 2484.502 3847.233 481.874211414 746.178657936 884.863280426 60.2342764267 93.272332242 110.607910053
62208 16384 2205.131 2353.611 4125.421 494.114841613 866.086937901 924.403921581 61.7643552016 108.260867238 115.550490198
68416 8192 1311.842 1312.967 2577.064 434.963099093 853.736418356 854.468559476 54.3703873866 106.717052295 106.808569934
75200 8192 1479.792 1482.786 1891.787 651.276702927 830.920173241 832.601338567 81.4095878659 103.865021655 104.075167321
82688 8192 1502.455 1505.203 2088.199 648.769677603 900.051482757 901.697682792 81.0962097003 112.506435345 112.712210349
90944 8192 1614.104 1615.995 2286.309 651.717023377 922.048951884 923.129176311 81.4646279221 115.256118986 115.391147039
100032 8192 1725.978 1793.298 1938.837 845.313086144 913.916308388 949.56267577 105.664135768 114.239538549 118.695334471
110016 8192 1867.676 2083.558 2084.42 864.749975533 865.107735902 965.104302888 108.093746942 108.138466988 120.638037861
120960 8192 2039.341 2307.767 2333.587 849.254233933 858.755948932 971.788749405 106.156779242 107.344493617 121.473593676
133056 4096 1247.635 1248.411 1248.411 873.105693558 873.105693558 873.648745026 109.138211695 109.138211695 109.206093128
146304 4096 1367.122 1371.864 1402.065 854.826536573 873.645177656 876.675503722 106.853317072 109.205647207 109.584437965
160896 4096 1509.019 1511.521 1533.225 859.665105904 872.00907695 873.454894869 107.458138238 109.001134619 109.181861859
176960 4096 1659.336 1664.353 1690.119 857.724408755 871.002918251 873.636394317 107.215551094 108.875364781 109.20454929
194624 4096 1803.886 1811.336 1836.71 868.052010388 880.212068882 883.847320729 108.506501299 110.02650861 110.480915091
214080 4096 1823.642 1974.915 2010.124 872.455311215 888.009539651 961.670854258 109.056913902 111.001192456 120.208856782
235456 4096 2088.39 2166.953 2191.209 880.270002542 890.12339077 923.608881483 110.033750318 111.265423846 115.451110185
258944 4096 2098.148 2343.089 2405.887 881.699451387 905.330206407 1011.01983654 110.212431423 113.166275801 126.377479568
284800 2048 1692.259 1743.346 1770.876 658.736580088 669.13900052 689.339397811 82.342072511 83.642375065 86.1674247264
313280 2048 2195.134 2496.036 2497.138 513.866226056 514.093098016 584.563347841 64.2332782569 64.261637252 73.0704184801
344576 2048 2340.856 2354.14 4479.27 315.092257444 599.532439022 602.934693975 39.3865321805 74.9415548778 75.3668367469
379008 2048 2879.971 2955.201 4452.593 348.654540848 525.316811953 539.039027824 43.5818176061 65.6646014941 67.3798784779
416896 2048 2784.776 2968.113 3296.764 517.964287404 575.317050261 613.19331106 64.7455359255 71.9146312826 76.6491638825
458560 2048 2969.421 3220.087 3589.163 523.314700391 583.295345747 632.53467932 65.4143375489 72.9119182184 79.066834915
504384 2048 3548.706 3812.993 3938.433 524.563161034 541.820261406 582.171885752 65.5703951292 67.7275326758 72.771485719
554816 1024 1930.334 1977.9 2299.838 494.062263516 574.479583397 588.635525251 61.7577829395 71.8099479246 73.5794406564
610240 1024 2099.02 2108.643 2385.918 523.811597884 592.689952733 595.407151909 65.4764497355 74.0862440916 74.4258939886
671232 1024 2298.749 2536.026 2643.056 520.111240927 542.061925233 598.01358739 65.0139051159 67.7577406541 74.7516984238
738304 1024 2637.005 2795.858 2896.574 522.012070812 540.816662363 573.395420942 65.2515088515 67.6020827953 71.6744276177
812096 1024 2707.911 2718.812 3195.725 520.436710918 611.727698715 614.190277302 65.0545888648 76.4659623394 76.7737846628
893248 1024 3085.017 3347.109 3477.778 526.017446772 546.55283231 592.986004291 65.7521808465 68.3191040387 74.1232505364
982528 1024 3512.461 3516.113 3823.214 526.315645423 572.284606325 572.879625994 65.7894556779 71.5355757907 71.6099532493
1080768 512 1908.76 1998.157 2116.554 522.881264546 553.863601309 579.80386848 65.3601580683 69.2329501636 72.47548356
1188800 512 2035.331 2044.472 2334.478 521.457559249 595.425713827 598.099866803 65.1821949061 74.4282142284 74.7624833504
1307648 512 2215.743 2220.627 2565.318 521.974878748 602.997059839 604.326202091 65.2468598435 75.3746324799 75.5407752614
1438400 512 2582.678 2671.749 2819.922 522.327071458 551.294900831 570.30787423 65.2908839323 68.9118626039 71.2884842787
1582208 512 2748.161 2759.653 3092.191 523.958899046 587.095910971 589.550973178 65.4948623808 73.3869888714 73.6938716473
1740416 512 3069.414 3169.457 3385.496 526.41798543 562.300098724 580.627437029 65.8022481787 70.2875123404 72.5784296286
1914432 512 3095.66 3232.645 3713.562 527.897034707 606.43168922 633.266692079 65.9871293384 75.8039611526 79.1583365098
2105856 256 1841.583 2002.499 2035.5 529.697014001 538.426372248 585.473623508 66.2121267502 67.303296531 73.1842029385
2316416 256 2064.831 2247.575 2262.469 524.208283959 527.682053769 574.383565532 65.5260354949 65.9602567211 71.7979456914
2548032 256 2235.799 2473.014 2473.416 527.445599123 527.531337874 583.501640353 65.9306998904 65.9414172342 72.9377050441
2802816 256 2338.355 2357.519 2708.063 529.914478356 608.708473611 613.697146926 66.2393097945 76.0885592014 76.7121433657
3083072 256 2827.898 2983.729 2985.34 528.761502542 529.04699589 558.200070865 66.0951878178 66.1308744863 69.7750088582
3391360 256 2758.316 3091.931 3277.546 529.779389824 561.583140115 629.505944932 66.222423728 70.1978925144 78.6882431165
3730496 256 3318.403 3486.876 3598.758 530.742537286 547.772261474 575.582276173 66.3428171608 68.4715326843 71.9477845217
4103488 256 3534.286 3592.74 3976.142 528.398094434 584.786501667 594.458359058 66.0497618043 73.0983127084 74.3072948822
4513792 128 2138.534 2163.703 2178.144 530.51164294 534.052387042 540.337797762 66.3139553675 66.7565483803 67.5422247203
4965120 128 2174.322 2422.22 2537.61 500.892855876 524.754448399 584.582559529 62.6116069845 65.5943060498 73.0728199411
5461632 128 2299.421 2509.925 2677.68 522.160150578 557.059590227 608.05645943 65.2700188223 69.6324487783 76.0070574288
6007744 128 2803.504 2904.421 2943.456 522.509072329 529.531519019 548.592926566 65.3136340411 66.1914398773 68.5741158208
6608512 128 3011.367 3336.069 3356.887 503.972600805 507.117530243 561.797705826 62.9965751007 63.3896912804 70.2247132282
7269312 128 3455.163 4238.48 5709.624 325.931072169 439.059255205 538.597997258 40.7413840211 54.8824069006 67.3247496573
7996224 128 3963.843 4103.108 5334.474 383.736680317 498.898236166 516.426443731 47.9670850397 62.3622795208 64.5533054664
8795840 64 2420.975 2594.941 3109.114 362.118442746 433.870180478 465.04714836 45.2648053433 54.2337725598 58.130893545
9675392 64 2912.763 3102.009 3539.318 349.912094929 399.24132264 425.180550563 43.7390118661 49.90516533 53.1475688204
10642880 64 3531.797 3609.094 4020.372 338.846415207 377.460005198 385.721104582 42.3558019009 47.1825006497 48.2151380728
11707136 64 4239.843 4439.192 4604.339 325.45679369 337.564450468 353.436060722 40.6820992112 42.1955563084 44.1795075903
12877824 64 4951.66 5125.104 5423.597 303.924032704 321.624980098 332.890681509 37.990504088 40.2031225122 41.6113351886
14165568 64 5761.982 5787.988 6104.676 297.017024982 313.268221012 314.682118757 37.1271281228 39.1585276265 39.3352648446
15582080 64 6280.739 6581.128 6787.952 293.830339401 303.064495934 317.559166206 36.7287924252 37.8830619918 39.6948957758
17140288 32 3666.808 3670.824 3807.947 288.076076689 298.837109052 299.164404572 36.0095095861 37.3546386315 37.3955505715
18854272 32 3985.362 4001.027 4179.001 288.746857921 301.590918532 302.776362097 36.0933572402 37.6988648165 37.8470452621
20739648 32 4308.124 4385.788 4599.164 288.604075001 302.645151111 308.101037018 36.0755093752 37.8306438889 38.5126296272
22813568 32 4797.914 4865.837 5191.75 281.228555304 300.065199882 304.313156092 35.153569413 37.5081499853 38.0391445116
25094912 32 5363.589 5533.474 5794.86 277.154990457 290.247025286 299.440238243 34.6443738071 36.2808781608 37.4300297804
27604352 32 6061.892 6270.993 6673.61 264.726067001 281.722293104 291.440119355 33.0907583752 35.215286638 36.4300149194
30364736 32 7093.183 7398.689 7618.994 255.065577424 262.660466469 273.973349341 31.883197178 32.8325583086 34.2466686676
33401152 32 9005.304 9031.751 9335.284 228.988612237 236.684307174 237.379407514 28.6235765296 29.5855383967 29.6724259392
36741248 16 5634.231 5989.694 6156.902 190.959663805 196.290484289 208.674428862 23.8699579756 24.5363105361 26.0843036077
40415360 16 7405.514 7802.215 8697.358 148.699354448 165.759533671 174.638994673 18.587419306 20.7199417089 21.8298743342
44456896 16 7856.775 12257.323 12623.61 112.695233139 116.062917817 181.069290135 14.0869041423 14.5078647271 22.6336612669
48902528 16 9483.239 13877.61 22465.081 69.6583687368 112.762997087 165.015444196 8.7072960921 14.0953746358 20.6269305245
53792768 16 11996.049 14500.141 18035.857 95.4414628592 118.713919816 143.494626939 11.9301828574 14.839239977 17.9368283674
59172032 16 14915.802 15382.149 22977.89 82.4055221781 123.097560945 126.946242917 10.3006902723 15.3871951182 15.8682803647
65089216 16 18271.446 24086.604 28608.655 72.8050623841 86.4735814148 113.995078003 9.10063279801 10.8091976768 14.2493847504
71598080 8 11062.107 14152.206 21240.798 53.9324972631 80.9463400971 103.557964138 6.74156215788 10.1182925121 12.9447455173
78757888 8 12580.626 12862.914 16335.683 77.1394870971 97.9658425766 100.164030629 9.64243588713 12.2457303221 12.5205038287
86633664 8 14397.729 14890.153 15535.39 89.2245784625 93.0909591057 96.2748100065 11.1530723078 11.6363698882 12.0343512508
95297024 8 17745.611 17748.533 17796.299 85.67806059 85.9086429284 85.9227886828 10.7097575738 10.7385803661 10.7403485853
104826688 8 19903.712 20023.839 20025.676 83.7538272366 83.7615108671 84.2670456646 10.4692284046 10.4701888584 10.5333807081
115309312 8 22571.535 22754.611 22769.052 81.0288013748 81.080225542 81.7378610715 10.1286001718 10.1350281927 10.2172326339
126840192 8 25475.493 25507.328 26465.715 76.6819665367 79.5631385616 79.6625632328 9.58524581709 9.9453923202 9.9578204041
139524160 4 14378.564 14490.005 14545.492 76.7380903994 77.0319458137 77.6289815868 9.59226129993 9.62899322671 9.70362269834
153476544 4 16045.229 16431.792 16476.762 74.5178180033 74.7217559716 76.5219587704 9.31472725041 9.34021949645 9.5652448463
168824192 4 18172.063 18480.093 18573.539 72.7160039883 73.0836980095 74.3225211139 9.08950049853 9.13546225119 9.29031513923
185706560 4 20656.183 20790.767 20918.119 71.0222788196 71.4573194919 71.9228949511 8.87778485245 8.93216493648 8.99036186889
204277184 4 22925.276 23143.779 23533.214 69.443020915 70.6115225176 71.2845276977 8.68037761438 8.8264403147 8.91056596222
224704896 4 25696.512 26477.356 28836.679 62.3386336547 67.8934546184 69.9565438298 7.79232920684 8.48668182729 8.74456797872
247175360 4 29059.67 29932.641 35479.91 55.7330297625 66.0617577981 68.0462950887 6.96662872031 8.25771972476 8.50578688609
271892864 2 16309.299 16577.84 16915.461 64.2945206164 65.6039300657 66.6841325308 8.03681507705 8.20049125821 8.33551656635
299082112 2 18177.035 18573.157 18705.717 63.9552307992 64.411690915 65.8153790208 7.9944038499 8.05146136438 8.2269223776
328990272 2 20324.574 20422.866 21300.96 61.7794262794 64.4356716633 64.7472900539 7.72242828492 8.05445895792 8.09341125674
361889280 2 22327.385 22465.507 22740.497 63.6554741965 64.434651753 64.8332583507 7.95693427457 8.05433146913 8.10415729383
398078208 2 25494.339 26585.461 28804.021 55.2809217852 59.8941215276 62.4575060369 6.91011522315 7.48676519094 7.80718825462
437886016 2 27297.911 27416.243 32461.607 53.957404635 63.8870929179 64.1640330647 6.74467557937 7.98588661473 8.02050413308
481674560 2 30119.859 30291.968 30395.294 63.388044215 63.6042610371 63.9677044969 7.92350552688 7.95053262964 7.99596306211
529841984 2 33276.196 33524.045 33548.705 63.1728686994 63.2193381198 63.690210744 7.89660858743 7.90241726498 7.96127634301
582826176 1 35841.833 36334.627 36368.942 32.0507633134 32.0810325643 32.5221188325 4.00634541417 4.01012907054 4.06526485406
641108736 1 40244.87 42854.916 43302.541 29.6106750872 29.9199623212 31.8603954243 3.7013343859 3.73999529016 3.98254942804
705219584 1 44167.702 45131.265 58547.211 24.0906294922 31.2519307403 31.9337231536 3.01132868652 3.90649134253 3.9917153942
775741504 1 47506.938 50694.436 60894.393 25.4782572182 30.6046014202 32.6580300334 3.18478215227 3.82557517752 4.08225375418
853315648 1 52111.949 53297.568 56742.164 30.0769511716 32.0208099552 32.7493277214 3.75961889645 4.00260124439 4.09366596517
938647168 1 56875.28 58415.828 62065.808 30.2468363257 32.1367410216 33.0072104436 3.78085454072 4.0170926277 4.12590130545
1032511872 1 63262.354 64507.888 67162.287 30.746775255 32.0119571114 32.6422210593 3.84334690687 4.00149463892 4.08027763241

META_DATA
ERT_VERSION  1.1.0
OPENMP_THREADS 8
MPI_PROCS      1
FLOPS          2
CONFIG  {'ERT_WORKING_SET_MIN': ['1'], 'ERT_CFLAGS': ['-O3', '-march=native', '-fstrict-aliasing', '-ftree-vectorize'], 'ERT_CC': ['gcc'], 'ERT_MPI_CFLAGS': ['-I/usr/local/include'], 'ERT_MPI_LDFLAGS': ['-L/usr/local/lib', '-lmpi'], 'ERT_MEMORY_MAX': ['1073741824'], 'ERT_PROCS_THREADS': ['1-8'], 'ERT_LDFLAGS': [], 'ERT_LDLIBS': [], 'ERT_RUN': ['export', 'OMP_NUM_THREADS=ERT_OPENMP_THREADS;', 'mpirun', '-np', 'ERT_MPI_PROCS', 'ERT_CODE'], 'ERT_FLOPS': ['1,2,4,8,16'], 'ERT_OPENMP_CFLAGS': ['-fopenmp'], 'ERT_MPI': ['True'], 'ERT_TRIALS_MIN': ['1'], 'ERT_DRIVER': ['driver1'], 'ERT_RESULTS': ['Results.p100.01'], 'ERT_OPENMP': ['True'], 'ERT_MPI_PROCS': ['1,2,4,8'], 'ERT_KERNEL': ['kernel1'], 'ERT_GPU': [False], 'ERT_OPENMP_THREADS': ['1,2,4,8'], 'ERT_LD': ['gcc'], 'ERT_NUM_EXPERIMENTS': ['3'], 'ERT_OPENMP_LDFLAGS': ['-fopenmp'], 'ERT_ALIGN': ['32'], 'ERT_GNUPLOT': ['gnuplot']}
HOSTNAME  ('kcadmin-UniServer-R5200-G3', [], ['127.0.1.1'])
TIMESTAMP_DATA  1560424296.81
TIMESTAMP_DATA  1560424303.52
TIMESTAMP_DATA  1560424300.15
UNAME  ('Linux', 'kcadmin-UniServer-R5200-G3', '4.4.0-141-generic', '#167-Ubuntu SMP Wed Dec 5 10:40:15 UTC 2018', 'x86_64', 'x86_64')
