32 33554432 101057.154 104471.88 105791.286 20.2992489192 20.5556140849 21.2501892543 2.5374061149 2.56945176061 2.65627365679
64 16777216 49558.32 51244.212 52827.114 40.6511634915 41.9068527778 43.3324545303 5.08139543644 5.23835659723 5.41655681629
96 8388608 25026.673 25155.061 25457.767 63.2660647731 64.0273834359 64.3558468998 7.90825809664 8.00342292949 8.04448086248
128 8388608 24907.114 25176.038 25374.178 84.6326390553 85.2987133242 86.219690005 10.5790798819 10.6623391655 10.7774612506
160 4194304 13838.962 14019.682 14266.428 94.079420581 95.7352156775 96.9854010727 11.7599275726 11.9669019597 12.1231751341
192 4194304 16545.413 16848.117 17161.642 93.8495708045 95.5960085035 97.3449702343 11.7311963506 11.9495010629 12.1681212793
224 4194304 17856.325 18445.203 18475.511 101.704802211 101.871917159 105.231518356 12.7131002764 12.7339896449 13.1539397944
256 4194304 20759.61 21045.811 21289.035 100.872756703 102.038531468 103.445278982 12.6090945879 12.7548164335 12.9306598727
288 2097152 11096.656 11217.653 11237.352 107.495035485 107.683804446 108.857979557 13.4368794357 13.4604755558 13.6072474446
320 2097152 12458.616 12619.53 14693.394 91.3456264768 106.357152762 107.730849077 11.4182033096 13.2946440953 13.4663561346
352 2097152 13056.196 13326.489 16015.991 92.1825572954 110.786495078 113.080027904 11.5228196619 13.8483118847 14.135003488
384 2097152 15042.47 15047.464 16953.232 95.0032852733 107.035493556 107.071028628 11.8754106592 13.3794366944 13.3838785785
416 2097152 15720.752 16208.009 17845.229 97.7757396109 107.65236273 110.988994928 12.2219674514 13.4565453413 13.8736243661
448 2097152 9032.871 11270.518 11773.647 159.597802788 166.722433876 208.023361786 19.9497253485 20.8403042345 26.0029202233
480 2097152 11773.278 11990.494 12640.602 159.269781613 167.905168878 171.00300528 19.9087227017 20.9881461097 21.37537566
512 2097152 11248.23 12053.39 13555.666 158.419634122 178.164288055 190.91747306 19.8024542652 22.2705360069 23.8646841325
544 1048576 6329.542 7323.209 7793.876 146.377834084 155.785624581 180.242217841 18.2972292605 19.4732030726 22.5302772302
576 1048576 6816.558 7548.809 7948.737 151.968740694 160.019885521 177.2096052 18.9960925868 20.0024856901 22.1512006499
608 1048576 7301.081 8670.695 9099.893 140.119055905 147.054926508 174.641045073 17.5148819882 18.3818658135 21.8301306341
640 1048576 7594.685 8693.776 9556.883 140.440903169 154.383697026 176.725865523 17.5551128961 19.2979621283 22.0907331904
704 1048576 5205.627 6304.122 6394.228 230.894958391 234.195183405 283.615212538 28.8618697988 29.2743979257 35.4519015673
768 1048576 6352.202 7278.033 7296.648 220.733237509 221.297806152 253.551876341 27.5916546886 27.662225769 31.6939845427
832 1048576 7479.144 8286.182 8983.763 194.220446822 210.571100659 233.292802492 24.2775558527 26.3213875824 29.1616003115
896 1048576 8382.409 9922.619 10025.13 187.433798065 189.370184626 224.165653573 23.4292247582 23.6712730782 28.0207066966
960 1048576 6399.479 7280.129 7518.266 267.783278751 276.542616209 314.598410277 33.4729098438 34.5678270261 39.3248012846
1056 524288 3856.841 4692.654 4776.47 231.823136333 235.963754413 287.099275288 28.9778920416 29.4954693016 35.887409411
1152 524288 4616.158 4924.24 5462.194 221.149148492 245.308829789 261.680720634 27.6436435615 30.6636037236 32.7100900792
1248 524288 3680.475 3932.025 4752.791 275.337764274 332.811426174 355.558140729 34.4172205342 41.6014282717 44.4447675911
1344 524288 4595.694 4928.472 5483.896 256.986300251 285.947884862 306.653607486 32.1232875313 35.7434856077 38.3317009357
1472 524288 3850.295 4261.105 4686.799 329.330076242 362.23089363 400.879379892 41.1662595302 45.2788617037 50.1099224865
1600 524288 4882.768 5136.211 6130.046 273.688256173 326.645770588 343.600515118 34.2110320216 40.8307213236 42.9500643897
1760 524288 4359.217 4809.315 5769.024 319.897050177 383.733184456 423.354414336 39.9871312721 47.9666480569 52.919301792
1920 524288 5554.093 5934.706 7028.601 286.439068031 339.235999222 362.483292952 35.8048835038 42.4044999028 45.310411619
2112 262144 2753.335 2945.865 3618.436 306.015155719 375.881534286 402.16546697 38.2518944649 46.9851917858 50.2706833713
2304 262144 2680.42 2703.578 3394.529 355.854833469 446.800333484 450.660550212 44.4818541836 55.8500416855 56.3325687765
2528 262144 2747.835 2990.121 3520.024 376.53154183 443.259675445 482.343395437 47.0664427288 55.4074594306 60.2929244296
2752 262144 2943.393 3207.514 3778.004 381.905518364 449.831419598 490.196374049 47.7381897955 56.2289274497 61.2745467561
3008 262144 3248.747 3465.007 4008.745 393.404495422 455.138562202 485.435863119 49.1755619277 56.8923202753 60.6794828899
3296 262144 3506.539 3761.939 6377.021 270.981269781 459.351746001 492.808791803 33.8726587226 57.4189682501 61.6010989754
3616 262144 3978.511 4266.689 4960.055 382.218626205 444.331754201 476.516316783 47.7773282756 55.5414692751 59.5645395979
3968 262144 4637.385 4897.898 5666.633 367.127143049 424.748490883 448.60946072 45.8908928812 53.0935613604 56.07618259
4352 131072 2229.739 2348.301 2802.392 407.098895515 485.819615117 511.652120719 50.8873619394 60.7274518897 63.9565150899
4768 131072 2691.65 2830.768 3324.795 375.933731854 441.541868496 464.362971412 46.9917164818 55.1927335621 58.0453714264
5216 131072 2731.45 2903.453 3382.643 404.223296399 470.936882395 500.592397445 50.5279120498 58.8671102994 62.5740496806
5728 131072 2909.217 3083.547 3650.95 411.27948397 486.958957331 516.139164593 51.4099354962 60.8698696663 64.5173955741
6272 131072 3277.306 3358.137 4118.977 399.168814975 489.606936227 501.682530713 49.8961018719 61.2008670284 62.7103163391
6880 131072 3083.203 3384.167 4040.507 446.367428642 532.937860336 584.96009507 55.7959285802 66.617232542 73.1200118837
7552 131072 3595.479 3621.861 4726.96 418.812828541 546.60062548 550.611333845 52.3516035676 68.3250781849 68.8264167306
8288 65536 1963.967 1988.21 2476.859 438.589655689 546.383297539 553.127794917 54.8237069611 68.2979121924 69.1409743646
9088 65536 2135.076 2701.709 4460.084 267.076211121 440.899569865 557.910976471 33.3845263901 55.1124462331 69.7388720589
9984 65536 2186.154 2445.418 2962.04 441.797831224 535.132581833 598.595912273 55.2247289031 66.8915727291 74.8244890342
10976 65536 3171.914 3200.709 3433.351 419.021029892 449.47737267 453.55777994 52.3776287365 56.1846715837 56.6947224925
12064 65536 3280.141 3282.671 3391.163 466.286229238 481.696949831 482.06848669 58.2857786547 60.2121187289 60.2585608363
13248 65536 3497.908 3500.815 3591.465 483.491237141 496.010744927 496.422963669 60.4364046427 62.0013431158 62.0528704586
14560 65536 3736.483 3996.568 4038.667 472.534209926 477.511785112 510.749900374 59.0667762408 59.688973139 63.8437375468
16000 65536 4447.16 4452.203 4578.238 458.069676587 471.03692262 471.571070076 57.2587095734 58.8796153275 58.9463837595
17600 32768 2350.974 2367.523 2378.876 484.864953028 487.19002941 490.619462402 60.6081191285 60.8987536763 61.3274328002
19360 32768 2774.862 2867.351 2867.789 442.423400048 442.490982095 457.239660927 55.302925006 55.3113727618 57.1549576159
21280 32768 2982.223 2988.544 3018.302 462.049881026 466.650676717 467.639770735 57.7562351282 58.3313345897 58.4549713418
23392 32768 3040.203 3179.82 3204.058 478.461411123 482.108456454 504.24860182 59.8076763904 60.2635570567 63.0310752275
25728 32768 3566.171 3622.129 3822.217 441.134087363 465.502528485 472.806886714 55.1417609204 58.1878160607 59.1008608393
28288 32768 3770.807 3870.617 3953.609 468.908879963 478.963009773 491.640746397 58.6136099953 59.8703762217 61.4550932997
31104 32768 4080.838 4341.492 4380.986 465.290631835 469.523321476 499.513027471 58.1613289794 58.6904151845 62.4391284339
34208 16384 2354.108 2357.82 2392.18 468.580016554 475.40853161 476.158164366 58.5725020692 59.4260664512 59.5197705458
37600 16384 2482.068 2518.152 2528.681 487.240897527 489.27816907 496.391235051 60.9051121909 61.1597711338 62.0489043813
41344 16384 2880.688 3010.799 3115.008 434.913872452 449.966999458 470.29049727 54.3642340565 56.2458749322 58.7863121588
45472 16384 2949.933 2976.524 3062.861 486.481918703 500.592804224 505.105199338 60.8102398379 62.574100528 63.1381499173
50016 16384 3177.365 3184.283 3435.07 477.1152518 514.69178085 515.812406821 59.639406475 64.3364726062 64.4765508527
55008 16384 2992.156 3462.723 3701.984 486.901657057 520.5447112 602.409147117 60.8627071322 65.0680889 75.3011433896
60480 16384 3298.664 3756.003 4117.731 481.286572629 527.637661631 600.791302176 60.1608215787 65.9547077039 75.098912772
66528 8192 2114.523 2214.619 2272.693 479.604923322 492.18161318 515.480206174 59.9506154153 61.5227016476 64.4350257718
73152 8192 1924.198 2354.914 2399.245 499.54146742 508.945281229 622.868523925 62.4426834275 63.6181601536 77.8585654907
80448 8192 2343.291 2537.946 2663.612 494.839350476 519.341243667 562.48243688 61.8549188095 64.9176554584 70.3103046101
88480 8192 2516.126 2789.42 3062.96 473.286076214 519.698116454 576.146154843 59.1607595267 64.9622645568 72.0182693554
97312 8192 2484.805 2982.976 3315.865 480.827720067 534.486300929 641.643834426 60.1034650084 66.8107876161 80.2054793032
107040 8192 2892.531 3266.004 4000.941 438.332722227 536.96914027 606.300627374 54.7915902784 67.1211425338 75.7875784218
117728 8192 3474.636 3541.748 4212.198 457.921387361 544.605531506 555.124494192 57.2401734201 68.0756914382 69.390561774
129472 8192 3270.794 3859.082 4827.3 439.43182483 549.682346216 648.548715694 54.9289781037 68.710293277 81.0685894618
142400 4096 2555.033 2735.434 2939.794 396.810388755 426.455472879 456.565844746 49.6012985944 53.3069341099 57.0707305933
156640 4096 3786.713 3882.456 4230.873 303.293169046 330.511119765 338.867740967 37.9116461307 41.3138899707 42.3584676209
172288 4096 3737.803 3803.426 4245.707 332.425976639 371.082097036 377.597025846 41.5532470799 46.3852621295 47.1996282308
189504 4096 4048.568 4225.913 4643.151 334.345526992 367.356537629 383.448361989 41.793190874 45.9195672036 47.9310452486
208448 4096 4565.703 4635.18 5074.18 336.528466866 368.401230589 374.007248391 42.0660583582 46.0501538236 46.7509060489
229280 4096 4854.329 4918.45 5618.614 334.292720589 381.88082831 386.925105406 41.7865900736 47.7351035387 48.3656381757
252192 4096 5238.656 5773.282 6122.893 337.415150649 357.84790419 394.367727906 42.1768938311 44.7309880238 49.2959659882
277408 2048 3107.225 3387.067 3489.242 325.647567007 335.47112236 365.684225635 40.7059458759 41.9338902951 45.7105282044
305120 2048 3330.594 3383.013 3664.894 341.01164181 369.425574185 375.239828091 42.6264552263 46.1781967731 46.9049785113
335616 2048 3586.32 3663.714 3664.809 375.103623681 375.215733543 383.313016128 46.8879529602 46.9019666928 47.914127016
369152 2048 3743.855 4010.853 4324.183 349.672202125 376.988783184 403.874239788 43.7090252656 47.123597898 50.4842799734
406048 2048 4090.466 4338.141 4477.628 371.44055022 383.3837139 406.597343188 46.4300687775 47.9229642374 50.8246678985
446624 2048 5038.984 5483.832 5690.448 321.481174066 333.593717678 363.043800893 40.1851467582 41.6992147097 45.3804751116
491264 2048 5124.616 5322.684 5750.592 349.914816422 378.045614581 392.657194998 43.7393520528 47.2557018226 49.0821493747
540384 1024 2844.685 2958.498 3078.021 359.55129351 374.077126975 389.043578463 44.9439116887 46.7596408718 48.6304473079
594400 1024 3071.431 3302.347 3321.073 366.547558575 368.626071094 396.340077312 45.8184448219 46.0782588868 49.5425096641
653824 1024 3602.208 3792.591 3936.424 340.164461958 353.06510826 371.725217422 42.5205577448 44.1331385325 46.4656521778
719200 1024 3652.704 3901.239 3921.898 375.563464425 377.55225968 403.241434291 46.9454330531 47.1940324599 50.4051792864
791104 1024 3996.275 4291.269 4304.697 376.375153001 377.552885172 405.422797981 47.0468941252 47.1941106465 50.6778497476
870208 1024 4546.364 4615.002 4649.557 383.302319769 386.172310218 392.002484623 47.9127899712 48.2715387772 49.0003105779
957216 1024 5006.473 5119.772 5122.725 382.682726088 382.903451169 391.568748698 47.835340761 47.8629313962 48.9460935872
1052928 512 2741.652 2791.234 3056.292 352.779862657 386.280144194 393.26591121 44.0974828321 48.2850180243 49.1582389012
1158208 512 2991.562 3203.643 3222.828 368.001330508 370.205104626 396.450079256 46.0001663136 46.2756380783 49.556259907
1274016 512 3268.985 3465.584 3483.881 374.465254123 376.442291977 399.081789607 46.8081567654 47.0552864972 49.8852237009
1401408 512 3863.852 4323.712 4879.634 294.087997583 331.900411498 371.401852866 36.7609996979 41.4875514373 46.4252316083
1541536 512 4130.204 4752.498 5053.406 312.370085443 332.148033308 382.192468943 39.0462606804 41.5185041635 47.7740586179
1695680 512 4545.488 5166.916 5208.68 333.362064861 336.056618687 381.99997888 41.6702581076 42.0070773359 47.74999736
1865248 512 5033.342 5658.237 6006.031 318.015999584 337.563441051 379.4723172 39.7519999481 42.1954301313 47.43403965
2051744 512 5342.112 6204.913 6221.854 337.67842447 338.600372963 393.28749678 42.2098030587 42.3250466203 49.1609370975
2256896 256 3176.778 3534.141 3572.463 323.454925076 326.962266644 363.742997465 40.4318656344 40.8702833305 45.4678746831
2482560 256 3445.065 3855.632 3897.653 326.111821653 329.665984721 368.954060373 40.7639777066 41.2082480901 46.1192575467
2730816 256 3864.168 4226.782 5414.399 258.233239183 330.790135853 361.831522853 32.2791548979 41.3487669816 45.2289403566
3003872 256 4081.468 4203.01 6015.456 255.67180011 365.924055379 376.820904635 31.9589750137 45.7405069224 47.1026130794
3304256 256 4811.713 5181.612 6588.199 256.789309491 326.496671692 351.59600583 32.0986636864 40.8120839615 43.9495007287
3634656 256 5990.721 5995.998 7327.292 253.974302102 310.364325005 310.637713224 31.7467877628 38.7955406256 38.8297141529
3998112 256 6269.203 6942.435 7488.549 273.355137824 294.858121682 326.522102411 34.1693922281 36.8572652103 40.8152628013
4397920 128 4055.121 4523.498 4979.158 226.116046127 248.893117671 277.64091873 28.2645057658 31.1116397089 34.7051148412
4837696 128 5031.272 5080.492 5238.195 236.426894379 243.765795911 246.150511441 29.5533617973 30.4707244889 30.7688139302
5321440 128 5992.613 6306.614 6566.323 207.46598058 216.009516359 227.327985305 25.9332475725 27.0011895448 28.4159981631
5853568 128 7235.992 8204.658 8904.228 168.292344715 182.641788116 207.091634153 21.0365430894 22.8302235145 25.8864542692
6438912 128 8646.051 9112.783 9711.514 169.732697909 180.884530225 190.64905724 21.2165872386 22.6105662782 23.831132155
7082784 128 9945.752 10328.729 10898.507 166.370742708 175.548482684 182.308256228 20.7963428385 21.9435603354 22.7885320285
7791040 128 11128.727 11712.389 12122.124 164.534386878 170.290300297 179.221418586 20.5667983598 21.2862875371 22.4026773233
8570144 64 6215.604 6467.334 6744.536 162.64698298 169.618336087 176.487825157 20.3308728725 21.2022920109 22.0609781447
9427136 64 6803.579 7093.543 7443.096 162.119823256 170.108704212 177.358623748 20.264977907 21.2635880265 22.1698279685
10369824 64 7492.752 8330.177 8342.929 159.097299282 159.34084858 177.149526903 19.8871624102 19.9176060725 22.1436908628
11406784 64 8268.265 8983.56 10543.12 138.485415323 162.526698992 176.58702908 17.3106769154 20.315837374 22.0733786351
12547456 64 9406.056 9861.533 10309.153 155.79110796 162.86254561 170.748969387 19.473888495 20.3578182013 21.3436211734
13802176 64 9997.481 10526.058 10830.177 163.125545224 167.838570527 176.712366645 20.390693153 20.9798213158 22.0890458306
15182368 64 11029.036 11507.484 13653.415 142.333848638 168.87645501 176.202444529 17.7917310797 21.1095568762 22.0253055661
16700576 64 12153.287 12474.363 13276.886 161.007161468 171.365361742 175.892639415 20.1258951836 21.4206702178 21.9865799269
18370624 32 6688.278 6991.307 7341.328 160.150852271 168.168832523 175.788137993 20.0188565339 21.0211040654 21.9735172491
20207680 32 7372.697 7687.982 8315.171 155.533965567 168.222495838 175.416339502 19.4417456959 21.0278119798 21.9270424378
22228448 32 8176.834 8512.425 9283.999 153.233608922 167.122843608 173.981845785 19.1542011153 20.890355451 21.7477307232
24451264 32 9106.479 9443.859 10086.64 155.143922654 165.703543011 171.842585482 19.3929903318 20.7129428764 21.4803231853
26896384 32 10211.952 10830.608 11687.644 147.281058184 158.935544154 168.564107626 18.410132273 19.8669430193 21.0705134533
29586016 32 11576.726 11980.399 12550.359 150.872578545 158.050247241 163.561357848 18.8590723182 19.7562809052 20.4451697311
32544608 32 13462.821 13545.317 14095.998 147.762145823 153.769373725 154.711624852 18.4702682279 19.2211717157 19.3389531065
35799040 16 7478.233 7786.403 8038.764 142.505648878 147.124324287 153.187160657 17.8132061098 18.3905405359 19.1483950821
39378944 16 8884.872 8939.632 9128.487 138.043271355 140.959516902 141.828290605 17.2554089194 17.6199396127 17.7285363256
43316832 16 10222.35 10303.703 10458.772 132.53359228 134.52820059 135.59882258 16.566699035 16.8160250737 16.9498528225
47648512 16 12037.421 12128.443 12608.519 120.930331627 125.717075473 126.667696012 15.1162914534 15.7146344341 15.8334620015
52413344 16 14400.359 14505.893 15505.82 108.167578883 115.623837016 116.471194086 13.5209473604 14.452979627 14.5588992608
57654656 16 17237.285 17902.62 18744.338 98.4270019032 103.054692107 107.032458534 12.3033752379 12.8818365133 13.3790573167
63420096 16 20373.629 21269.062 22969.264 88.354727953 95.417610424 99.6112706283 11.0443409941 11.927201303 12.4514088285
69762080 8 13105.669 16146.196 17257.673 64.6780872485 69.1304180873 85.1687372846 8.08476090606 8.64130226092 10.6460921606
76738272 8 14922.125 14967.997 15079.753 81.4212508653 82.0291687659 82.2813340593 10.1776563582 10.2536460957 10.2851667574
84412096 8 18049.005 21241.627 23279.796 58.0156946392 63.5823958306 74.8292515848 7.25196182991 7.94779947883 9.3536564481
92853280 8 19503.222 19647.308 21253.198 69.9025379616 75.616083384 76.174720259 8.7378172452 9.45201042301 9.52184003238
102138592 8 21751.605 22959.925 23247.676 70.2959500984 71.1769516669 75.1308913526 8.7869937623 8.89711895836 9.39136141908
112352448 8 24383.752 24413.427 25879.596 69.4616395094 73.6332169998 73.7228285458 8.68270493867 9.20415212498 9.21535356823
123587680 8 27071.634 27660.835 27907.528 70.8555369003 71.4874616041 73.043351576 8.85694211254 8.93593270051 9.13041894701
135946432 4 15344.418 15362.4 15364.928 70.7827238761 70.7943717128 70.8773350674 8.84784048451 8.84929646409 8.85966688342
149541056 4 17053.164 17187.218 17484.084 68.4238561197 69.6057062871 70.1528729801 8.55298201496 8.70071328588 8.76910912251
164495136 4 19200.245 19241.681 19292.319 68.2116591582 68.3911706051 68.5387654168 8.52645739478 8.54889632564 8.5673456771
180944640 4 21473.816 21487.485 21523.533 67.2546240434 67.3674522635 67.4103345209 8.40682800542 8.42093153294 8.42629181511
199039104 4 23979.123 24001.328 24238.257 65.6941970704 66.3426970374 66.4041312937 8.21177463379 8.29283712968 8.30051641171
218943008 4 26715.242 26791.033 26799.584 65.3571362899 65.3779965856 65.5634736155 8.16964203623 8.17224957321 8.19543420194
240837280 4 29714.205 29833.957 29896.909 64.44473039 64.580713849 64.8409822844 8.05559129875 8.07258923112 8.10512278555
264920992 4 32960.736 33193.367 33930.896 62.4613018177 63.8491399803 64.2997758302 7.80766272721 7.98114249754 8.03747197878
291413088 2 18329.556 18377.098 18502.887 62.9984040869 63.4296204983 63.5941400872 7.87480051086 7.92870256229 7.9492675109
320554368 2 20494.634 20507.48 20594.523 62.2601199358 62.5243799823 62.5635701521 7.78251499197 7.81554749779 7.82044626901
352609792 2 22655.126 22661.412 22801.776 61.856548718 62.2396860355 62.2569553575 7.73206858974 7.77996075443 7.78211941968
387870752 2 25154.22 25195.349 25196.102 61.5763108119 61.5781511103 61.678835917 7.69703885149 7.69726888879 7.70985448962
426657824 2 27907.64 27949.543 27973.433 61.009004365 61.0611520911 61.1528347076 7.62612554562 7.63264401139 7.64410433845
469323584 2 30964.477 31149.084 31420.501 59.7474348356 60.2680430667 60.627354888 7.46842935445 7.53350538334 7.578419361
516255936 2 34378.632 34568.349 34651.28 59.5944433799 59.7374130885 60.0670714297 7.44930542248 7.46717663606 7.50838392871
567881504 1 21632.949 21871.388 21918.174 51.818322457 51.9291691958 52.5015340257 6.47729030712 6.49114614948 6.56269175321
624669632 1 23953.122 24066.054 40562.877 30.8000653898 51.912925318 52.1576796545 3.85000817373 6.48911566475 6.51970995681
687136576 1 26432.049 26656.326 32305.913 42.5393689384 51.5552350313 51.9926832763 5.3174211173 6.44440437891 6.49908540953
755850208 1 29210.112 29253.497 29656.596 50.9734972955 51.6758873649 51.7526401816 6.37168716194 6.45948592061 6.4690800227
831435200 1 32330.665 32371.594 34274.57 48.516156439 51.3681964503 51.43322601 6.06451955488 6.42102455628 6.42915325126
914578720 1 35712.051 35967.657 74364.112 24.5973143605 50.8556184241 51.2196132336 3.07466429506 6.35695230301 6.4024516542
1006036576 1 40607.177 53709.182 54692.575 36.7887807806 37.4623682036 49.5496929521 4.59859759757 4.68279602545 6.19371161901

META_DATA
ERT_VERSION  1.1.0
HOSTNAME  ('kcadmin-UniServer-R5200-G3', [], ['127.0.1.1'])
FLOPS          2
CONFIG  {'ERT_WORKING_SET_MIN': ['1'], 'ERT_CFLAGS': ['-O3', '-march=native', '-fstrict-aliasing', '-ftree-vectorize'], 'ERT_CC': ['gcc'], 'ERT_MPI_CFLAGS': ['-I/usr/local/include'], 'ERT_MPI_LDFLAGS': ['-L/usr/local/lib', '-lmpi'], 'ERT_MEMORY_MAX': ['1073741824'], 'ERT_PROCS_THREADS': ['1-8'], 'ERT_LDFLAGS': [], 'ERT_LDLIBS': [], 'ERT_RUN': ['export', 'OMP_NUM_THREADS=ERT_OPENMP_THREADS;', 'mpirun', '-np', 'ERT_MPI_PROCS', 'ERT_CODE'], 'ERT_FLOPS': ['1,2,4,8,16'], 'ERT_OPENMP_CFLAGS': ['-fopenmp'], 'ERT_MPI': ['True'], 'ERT_TRIALS_MIN': ['1'], 'ERT_DRIVER': ['driver1'], 'ERT_RESULTS': ['Results.p100.01'], 'ERT_OPENMP': ['True'], 'ERT_MPI_PROCS': ['1,2,4,8'], 'ERT_KERNEL': ['kernel1'], 'ERT_GPU': [False], 'ERT_OPENMP_THREADS': ['1,2,4,8'], 'ERT_LD': ['gcc'], 'ERT_NUM_EXPERIMENTS': ['3'], 'ERT_OPENMP_LDFLAGS': ['-fopenmp'], 'ERT_ALIGN': ['32'], 'ERT_GNUPLOT': ['gnuplot']}
OPENMP_THREADS 2
MPI_PROCS      2
TIMESTAMP_DATA  1560424336.39
TIMESTAMP_DATA  1560424332.34
TIMESTAMP_DATA  1560424328.07
UNAME  ('Linux', 'kcadmin-UniServer-R5200-G3', '4.4.0-141-generic', '#167-Ubuntu SMP Wed Dec 5 10:40:15 UTC 2018', 'x86_64', 'x86_64')
