64 16777216 227978.98 230367.631 241175.431 8.90423887332 9.32198520546 9.41965635604 8.90423887332 9.32198520546 9.41965635604
128 8388608 113672.388 114596.277 121054.922 17.7397466581 18.7395585984 18.8918671085 17.7397466581 18.7395585984 18.8918671085
192 4194304 57516.591 58403.198 66880.55 24.0819301875 27.5774750554 28.0025764392 24.0819301875 27.5774750554 28.0025764392
256 4194304 56043.424 57175.284 60084.998 35.7407625777 37.5596498655 38.3182092515 35.7407625777 37.5596498655 38.3182092515
320 2097152 28878.945 30950.1 30955.602 43.3581385366 43.3658463139 46.4759803379 43.3581385366 43.3658463139 46.4759803379
384 2097152 29349.86 31226.06 31368.21 51.3453823473 51.5791212852 54.8763345379 51.3453823473 51.5791212852 54.8763345379
448 2097152 30246.299 32444.717 32492.109 57.8309087908 57.9153824026 62.1248964047 57.8309087908 57.9153824026 62.1248964047
512 2097152 32642.298 34310.92 34449.374 62.3373779738 62.5889264409 65.7883721299 62.3373779738 62.5889264409 65.7883721299
576 1048576 16541.605 17737.354 17849.38 67.6751546552 68.102578998 73.0255348257 67.6751546552 68.102578998 73.0255348257
640 1048576 18362.703 19313.466 19365.873 69.306314257 69.4943766178 73.092576839 69.306314257 69.4943766178 73.092576839
704 1048576 19872.758 21213.346 21218.227 69.5814503257 69.5974603912 74.292406117 69.5814503257 69.5974603912 74.292406117
768 1048576 21621.261 21984.821 23137.609 69.6101630899 73.2602160372 74.4920814748 69.6101630899 73.2602160372 74.4920814748
832 1048576 23755.914 24468.569 25018.734 69.7409574761 71.3090521967 73.4482564636 69.7409574761 71.3090521967 73.4482564636
896 1048576 21622.472 21720.521 21987.997 85.4579065114 86.5102725667 86.9025610023 85.4579065114 86.5102725667 86.9025610023
960 1048576 25838.365 25918.954 26132.275 77.0413567131 77.6754308835 77.9176979658 77.0413567131 77.6754308835 77.9176979658
1024 1048576 27562.625 27643.362 27684.308 77.5704289954 77.685328145 77.9128855833 77.5704289954 77.685328145 77.9128855833
1088 524288 14827.303 14911.785 14964.442 76.2374359164 76.506648131 76.9425625146 76.2374359164 76.506648131 76.9425625146
1152 524288 15348.694 15466.841 15547.548 77.6945375567 78.0999527958 78.7011293599 77.6945375567 78.0999527958 78.7011293599
1216 524288 15934.962 15973.577 16117.691 79.1098685289 79.8235996859 80.0170352461 79.1098685289 79.8235996859 80.0170352461
1280 524288 15709.537 16020.004 16035.288 83.7014763938 83.7813323892 85.4370997694 83.7014763938 83.7813323892 85.4370997694
1408 524288 12880.783 12912.157 13017.867 113.412973723 114.341469671 114.619973646 113.412973723 114.341469671 114.619973646
1536 524288 15291.856 15317.158 15520.6 103.772581988 105.150886085 105.324869395 103.772581988 105.150886085 105.324869395
1664 524288 17137.969 17693.876 18366.011 95.0032352698 98.6121109925 101.81080757 95.0032352698 98.6121109925 101.81080757
1792 524288 17895.629 18126.632 19770.478 95.0431341114 103.662290491 105.000399371 95.0431341114 103.662290491 105.000399371
1920 524288 14019.404 14067.49 15662.063 128.544108142 143.114793044 143.605671111 128.544108142 143.114793044 143.605671111
2112 262144 9524.62 9525.531 10694.458 103.539258932 116.245094998 116.256213476 103.539258932 116.245094998 116.256213476
2304 262144 10331.442 10419.403 11401.885 105.943846303 115.93366261 116.920711746 105.943846303 115.93366261 116.920711746
2496 262144 8460.164 8493.554 9474.947 138.114001904 154.072470488 154.680553238 138.114001904 154.072470488 154.680553238
2688 262144 9856.008 9988.239 10853.399 129.847446316 141.094555707 142.987520302 129.847446316 141.094555707 142.987520302
2944 262144 8464.006 9020.665 9639.339 160.125489103 171.107548279 182.360914205 160.125489103 171.107548279 182.360914205
3200 262144 11160.586 11439.146 12205.608 137.454979711 146.664934603 150.325583262 137.454979711 146.664934603 150.325583262
3520 262144 13144.809 15970.703 16147.159 114.292164956 115.554948333 140.397152975 114.292164956 115.554948333 140.397152975
3840 262144 16272.307 16721.466 19246.835 104.602440869 120.400084538 123.72344745 104.602440869 120.400084538 123.72344745
4224 131072 8256.2 8270.889 10926.608 101.339432695 133.878747013 134.11693709 101.339432695 133.878747013 134.11693709
4608 131072 7981.893 9187.042 10220.443 118.190527749 131.485145273 151.337477463 118.190527749 131.485145273 151.337477463
5056 131072 8136.604 8345.046 10073.452 131.573572197 158.82477628 162.893519704 131.573572197 158.82477628 162.893519704
5504 131072 8152.901 8358.575 10038.561 143.729821037 172.61800917 176.972659916 143.729821037 172.61800917 176.972659916
6016 131072 8219.687 8255.918 10415.605 151.4130292 191.021556173 191.863547116 151.4130292 191.021556173 191.863547116
6592 131072 9962.482 11321.709 11595.388 149.029359604 152.631837473 173.456097386 149.029359604 152.631837473 173.456097386
7232 131072 12019.808 13000.949 13415.83 141.312569405 145.822078681 157.725099103 141.312569405 145.822078681 157.725099103
7936 131072 12156.769 12257.417 15121.27 137.579368929 169.723750444 171.128922825 137.579368929 169.723750444 171.128922825
8704 65536 6080.32 6342.483 7476.589 152.589728819 179.874457369 187.630040524 152.589728819 179.874457369 187.630040524
9536 65536 7083.091 7209.975 8707.889 143.53680806 173.357409977 176.462873624 143.53680806 173.357409977 176.462873624
10432 65536 7115.751 7141.886 9033.423 151.364892799 191.454064655 192.1572444 151.364892799 191.454064655 192.1572444
11456 65536 8093.406 8441.116 9638.275 155.791449404 177.886529696 185.528914773 155.791449404 177.886529696 185.528914773
12544 65536 8769.231 8770.235 10401.251 158.073982447 187.471278478 187.492742294 158.073982447 187.471278478 187.492742294
13760 65536 8253.809 8471.907 10076.804 178.9804307 212.886038527 218.511322469 178.9804307 212.886038527 218.511322469
15104 65536 9565.606 9575.264 12029.643 164.5694297 206.752679404 206.961429103 164.5694297 206.752679404 206.961429103
16576 32768 5071.62 5353.931 6147.058 176.722708001 202.902266764 214.196792346 176.722708001 202.902266764 214.196792346
18176 32768 5535.579 5688.919 6993.401 170.329477174 209.386411724 215.186584095 170.329477174 209.386411724 215.186584095
19968 32768 5715.498 5880.853 6990.412 187.20253513 222.522625204 228.960424446 187.20253513 222.522625204 228.960424446
21952 32768 6145.467 6173.255 7638.993 188.32930885 233.045009804 234.098771013 188.32930885 233.045009804 234.098771013
24128 32768 6939.896 7015.896 8418.795 187.824101668 225.381420705 227.849611579 187.824101668 225.381420705 227.849611579
26496 32768 6966.616 7353.219 8578.168 202.425722602 236.147169831 249.251839918 202.425722602 236.147169831 249.251839918
29120 32768 7548.582 7848.69 8455.637 225.696576142 243.149916738 252.816796585 225.696576142 243.149916738 252.816796585
32000 32768 8886.928 8932.553 9649.683 217.328589965 234.776328783 235.981657554 217.328589965 234.776328783 235.981657554
35200 16384 4539.958 4767.893 5093.641 226.445797809 241.916838318 254.062614676 226.445797809 241.916838318 254.062614676
38720 16384 5308.288 5451.393 5525.761 229.611262594 232.743623511 239.01810904 229.611262594 232.743623511 239.01810904
42560 16384 5661.522 5911.138 5989.539 232.840303736 235.928526791 246.330594494 232.840303736 235.928526791 246.330594494
46784 16384 6268.707 6567.966 6761.399 226.730904654 233.408350774 244.550927647 226.730904654 233.408350774 244.550927647
51456 16384 6632.882 6882.425 7037.223 239.598803107 244.987807059 254.204764686 239.598803107 244.987807059 254.204764686
56576 16384 7189.347 7381.069 7771.43 238.550996149 251.167191094 257.865195267 238.550996149 251.167191094 257.865195267
62208 16384 7959.983 8098.652 8100.297 251.64901287 251.700127873 256.084936865 251.64901287 251.700127873 256.084936865
68416 8192 4389.707 4556.214 4571.112 245.21992548 246.021750515 255.353658912 245.21992548 246.021750515 255.353658912
75200 8192 4675.845 4749.29 4794.119 256.997542197 259.42336644 263.498212623 256.997542197 259.42336644 263.498212623
82688 8192 5283.892 5317.129 6031.259 224.623116334 254.791672724 256.394375964 224.623116334 254.791672724 256.394375964
90944 8192 5734.52 5955.094 6328.799 235.435901188 250.210407426 259.834562614 235.435901188 250.210407426 259.834562614
100032 8192 6192.452 6252.464 6896.979 237.629299437 262.124546099 264.66483519 237.629299437 262.124546099 264.66483519
110016 8192 6913.139 7356.93 7414.054 243.119640618 245.007379981 260.735701105 243.119640618 245.007379981 260.735701105
120960 8192 7587.443 7630.399 8136.283 243.576660251 259.725427202 261.195852147 243.576660251 259.725427202 261.195852147
133056 4096 4014.951 4272.837 4521.441 241.072426246 255.098603574 271.48394887 241.072426246 255.098603574 271.48394887
146304 4096 4526.442 4594.459 5521.73 217.055590911 260.862566844 264.782442369 217.055590911 260.862566844 264.782442369
160896 4096 4977.989 5039.77 5896.187 223.544475777 261.531782601 264.777610396 223.544475777 261.531782601 264.777610396
176960 4096 5478.997 6111.892 6505.454 222.837071786 237.186180646 264.584251461 222.837071786 237.186180646 264.584251461
194624 4096 6001.006 6183.916 6594.719 241.763115002 257.823652197 265.682088636 241.763115002 257.823652197 265.682088636
214080 4096 6439.645 6597.831 6842.746 256.292336439 265.806044441 272.335409794 256.292336439 265.806044441 272.335409794
235456 4096 7314.855 7316.147 7748.511 248.932414499 263.643629905 263.690196456 248.932414499 263.643629905 263.690196456
258944 4096 7929.442 7931.906 8385.411 252.971410465 267.434995826 267.518098751 252.971410465 267.434995826 267.518098751
284800 2048 4425.965 4459.6 4663.662 250.134079185 261.579693246 263.567560973 250.134079185 261.579693246 263.567560973
313280 2048 4775.195 4855.443 4859.345 264.067457651 264.279671288 268.720938098 264.067457651 264.279671288 268.720938098
344576 2048 5261.578 5262.395 5271.118 267.757863891 268.201702077 268.243347528 267.757863891 268.201702077 268.243347528
379008 2048 5730.718 6518.576 6609.215 234.886710146 238.152745017 270.893938246 234.886710146 238.152745017 270.893938246
416896 2048 6545.134 6601.709 7516.462 227.182152454 258.661206666 260.897029152 227.182152454 258.661206666 260.897029152
458560 2048 6803.104 7177.877 8427.077 222.884134084 261.67371773 276.088938226 222.884134084 261.67371773 276.088938226
504384 2048 7652.167 8650.455 9176.074 225.146055274 238.826381271 269.983243178 225.146055274 238.826381271 269.983243178
554816 1024 4415.269 4501.194 4999.57 227.272179007 252.435946551 257.348571061 227.272179007 252.435946551 257.348571061
610240 1024 4706.339 4750.34 5474.436 228.292288009 263.09096191 265.550679626 228.292288009 263.09096191 265.550679626
671232 1024 5108.485 5138.305 6022.044 228.275173014 267.536305455 269.098007726 228.275173014 267.536305455 269.098007726
738304 1024 5584.796 5690.389 6771.483 223.296225066 265.719372085 270.743388299 223.296225066 265.719372085 270.743388299
812096 1024 6481.267 6498.922 7284.887 228.304517009 255.915151467 256.612265472 228.304517009 255.915151467 256.612265472
893248 1024 6904.493 7177.963 8162.318 224.124066717 254.8594781 264.953835712 224.124066717 254.8594781 264.953835712
982528 1024 7516.206 7717.4 8801.328 228.626559992 260.73772825 267.717162622 228.626559992 260.73772825 267.717162622
1080768 512 3949.665 4307.24 4861.22 227.660223565 256.940971945 280.202607563 227.660223565 256.940971945 280.202607563
1188800 512 4609.565 5326.372 5386.059 226.015199611 228.547912162 264.088086403 226.015199611 228.547912162 264.088086403
1307648 512 4932.783 4988.287 5858.081 228.578531434 268.435146574 271.455596567 228.578531434 268.435146574 271.455596567
1438400 512 5429.763 5450.868 6457.062 228.110183858 270.217807512 271.268119806 228.110183858 270.217807512 271.268119806
1582208 512 5904.975 6114.4 7074.628 229.01288831 264.977919665 274.37558872 229.01288831 264.977919665 274.37558872
1740416 512 6870.411 6978.677 7784.873 228.929358771 255.375909216 259.400199493 228.929358771 255.375909216 259.400199493
1914432 512 7578.529 8562.858 8565.469 228.869939054 228.939726432 258.675313903 228.869939054 228.939726432 258.675313903
2105856 256 4135.062 4707.313 4718.216 228.518209425 229.047499497 260.745370202 228.518209425 229.047499497 260.745370202
2316416 256 4446.124 4903.44 5183.13 228.820228704 241.872031064 266.750318255 228.820228704 241.872031064 266.750318255
2548032 256 4892.216 5020.942 5695.922 229.039720698 259.830203974 266.666963192 229.039720698 259.830203974 266.666963192
2802816 256 5326.067 6146.809 6264.979 229.057717831 233.461262909 269.437427655 229.057717831 233.461262909 269.437427655
3083072 256 5844.947 5951.356 6891.469 229.056078465 265.239193219 270.067951685 229.056078465 265.239193219 270.067951685
3391360 256 6266.19 6341.435 7576.416 229.181755595 273.814415822 277.10240513 229.181755595 273.814415822 277.10240513
3730496 256 7389.259 7635.509 8334.857 229.159774667 250.148870494 258.485181261 229.159774667 250.148870494 258.485181261
4103488 256 7777.046 8139.649 9174.003 229.015169932 258.117500644 270.152170374 229.015169932 258.117500644 270.152170374
4513792 128 4122.261 4239.123 5039.411 229.298771622 272.587219573 280.314796176 229.298771622 272.587219573 280.314796176
4965120 128 4777.123 5367.52 5543.298 229.298644958 236.807821862 266.07452226 229.298644958 236.807821862 266.07452226
5461632 128 5175.855 5243.453 6100.186 229.202485301 266.652107304 270.134652536 229.202485301 266.652107304 270.134652536
6007744 128 5616.124 5786.601 6728.598 228.573985844 265.783395814 273.851229781 228.573985844 265.783395814 273.851229781
6608512 128 6129.33 7413.852 7566.225 223.596188588 228.191643426 276.013703292 223.596188588 228.191643426 276.013703292
7269312 128 6957.475 8117.977 8157.29 228.132611688 229.237391532 267.474029299 228.132611688 229.237391532 267.474029299
7996224 128 7999.376 8933.849 8994.99 227.574832657 229.132297177 255.899128132 227.574832657 229.132297177 255.899128132
8795840 64 4242.466 4953.245 4960.402 226.971023719 227.298976731 265.380446184 226.971023719 227.298976731 265.380446184
9675392 64 4713.502 5460.074 5481.423 225.935888546 226.819302449 262.745231889 225.935888546 226.819302449 262.745231889
10642880 64 5174.218 5690.572 5991.067 227.386647487 239.393973049 263.283966775 227.386647487 239.393973049 263.283966775
11707136 64 5627.395 5657.135 6588.249 227.452454818 264.889101639 266.289003704 227.452454818 264.889101639 266.289003704
12877824 64 6090.495 6253.615 7246.175 227.48021846 263.585377738 270.644910143 227.48021846 263.585377738 270.644910143
14165568 64 6953.044 6957.949 7965.156 227.640576531 260.592985663 260.776820052 227.640576531 260.592985663 260.776820052
15582080 64 7582.093 7887.227 8766.536 227.513608568 252.878006427 263.054837233 227.513608568 252.878006427 263.054837233
17140288 32 4217.032 4612.778 4826.61 227.277205326 237.812969105 260.130450042 227.277205326 237.812969105 260.130450042
18854272 32 4524.06 4714.755 5316.978 226.947226037 255.935548719 266.723564232 226.947226037 255.935548719 266.723564232
20739648 32 5047.933 5145.089 5854.327 226.727593454 257.981440554 262.946729285 226.727593454 257.981440554 262.946729285
22813568 32 5802.77 5918.434 6518.892 223.9749258 246.698425969 251.615754545 223.9749258 246.698425969 251.615754545
25094912 32 6337.295 6372.622 7225.604 222.275448253 252.0272453 253.432161198 222.275448253 252.0272453 253.432161198
27604352 32 6861.246 7191.071 8047.52 219.53080303 245.676690996 257.486545155 219.53080303 245.676690996 257.486545155
30364736 32 8031.965 8083.192 9014.124 215.588681052 240.41778347 241.951141968 215.588681052 240.41778347 241.951141968
33401152 32 9212.31 9454.973 10182.607 209.933834037 226.089881801 232.045353228 209.933834037 226.089881801 232.045353228
36741248 16 5382.644 5410.349 5750.166 204.467129471 217.309444548 218.42795771 204.467129471 217.309444548 218.42795771
40415360 16 6379.639 6708.629 6726.95 192.255259813 192.78030131 202.721740211 192.255259813 192.78030131 202.721740211
44456896 16 8092.27 8236.578 8557.695 166.238767799 172.719868858 175.799951312 166.238767799 172.719868858 175.799951312
48902528 16 10356.198 10431.585 10779.4 145.173283856 150.013722363 151.105733591 145.173283856 150.013722363 151.105733591
53792768 16 13074.407 13082.675 13338.942 129.048359008 131.576193401 131.659399619 129.048359008 131.576193401 131.659399619
59172032 16 15675.911 16123.315 16163.431 117.147468505 117.438940069 120.790748557 117.147468505 117.438940069 120.790748557
65089216 16 18871.793 19127.874 19200.957 108.476619785 108.891082825 110.368681556 108.476619785 108.891082825 110.368681556
71598080 8 11023.072 11292.065 11301.369 101.36553191 101.44905117 103.924684516 101.36553191 101.44905117 103.924684516
78757888 8 12968.678 13084.143 13358.634 94.3304688189 96.3094188133 97.1668976591 94.3304688189 96.3094188133 97.1668976591
86633664 8 14973.199 15029.705 15597.981 88.8665413812 92.2266021855 92.5746478091 88.8665413812 92.2266021855 92.5746478091
95297024 8 17262.062 17265.795 17356.16 87.8507909584 88.3105807755 88.3296783432 87.8507909584 88.3105807755 88.3296783432
104826688 8 19592.219 19721.151 19855.209 84.4728961554 85.0471155563 85.6067915533 84.4728961554 85.0471155563 85.6067915533
115309312 8 22440.356 22851.268 23103.691 79.8551621903 80.7372698968 82.2156739403 79.8551621903 80.7372698968 82.2156739403
126840192 8 25102.551 25191.866 25972.417 78.1383985942 80.5594580409 80.8460889891 78.1383985942 80.5594580409 80.8460889891
139524160 4 14176.894 14186.458 14679.643 76.0368137018 78.6801948732 78.7332740162 76.0368137018 78.6801948732 78.7332740162
153476544 4 15984.136 15989.385 16562.622 74.1315204803 76.7892168461 76.8144335108 74.1315204803 76.7892168461 76.8144335108
168824192 4 17854.793 17942.641 18610.509 72.5715527716 75.2728394889 75.6431920549 72.5715527716 75.2728394889 75.6431920549
185706560 4 20012.63 20086.585 21020.643 70.6758817987 73.9624221838 74.2357441276 70.6758817987 73.9624221838 74.2357441276
204277184 4 22311.648 22549.931 23461.435 69.6554781069 72.4710630822 73.2450364939 69.6554781069 72.4710630822 73.2450364939
224704896 4 25035.232 25074.956 25808.549 69.6528568111 71.6906210324 71.8043742515 69.6528568111 71.6906210324 71.8043742515
247175360 4 27917.419 27917.513 29071.363 68.0189257036 70.8301946524 70.8304331428 68.0189257036 70.8301946524 70.8304331428
271892864 2 15540.006 15554.611 16289.636 66.7646260481 69.9195535009 69.9852661576 66.7646260481 69.9195535009 69.9852661576
299082112 2 17215.691 17330.337 17994.559 66.4827878249 69.030881973 69.4905855362 66.4827878249 69.030881973 69.4905855362
328990272 2 19139.03 19194.855 20061.874 65.5951227687 68.5580114046 68.7579824056 65.5951227687 68.5580114046 68.7579824056
361889280 2 21252.368 21355.435 22338.823 64.8000622056 67.7840147016 68.1127448951 64.8000622056 67.7840147016 68.1127448951
398078208 2 23668.793 23710.495 24802.815 64.1988754905 67.1564567505 67.27477958 64.1988754905 67.1564567505 67.27477958
437886016 2 26236.497 26369.315 27446.857 63.8158337765 66.4235708815 66.7598294086 63.8158337765 66.4235708815 66.7598294086
481674560 2 29141.759 29174.312 30439.831 63.2953001612 66.0409143496 66.1146858019 63.2953001612 66.0409143496 66.1146858019
529841984 2 32263.528 32333.995 33531.977 63.204383565 65.5461206077 65.689280354 63.204383565 65.5461206077 65.689280354
582826176 1 18668.066 24093.373 24552.927 47.4750872676 48.3806211774 62.4409808708 47.4750872676 48.3806211774 62.4409808708
641108736 1 20677.783 27072.672 28720.297 44.6449934693 47.3620583886 62.0094268327 44.6449934693 47.3620583886 62.0094268327
705219584 1 22962.491 30132.431 31338.391 45.00675124 46.8080112089 61.4236133179 45.00675124 46.8080112089 61.4236133179
775741504 1 25288.693 32944.25 34381.479 45.1255458789 47.0941972575 61.3508577925 45.1255458789 47.0941972575 61.3508577925
853315648 1 28183.879 36459.847 38088.174 44.8073802645 46.808515022 60.5534566764 44.8073802645 46.808515022 60.5534566764
938647168 1 31312.606 41778.802 42165.259 44.5223005982 44.9341351626 59.9533087728 44.5223005982 44.9341351626 59.9533087728
1032511872 1 34076.003 46125.966 49124.467 42.0365628395 44.7692248657 60.6005271217 42.0365628395 44.7692248657 60.6005271217

META_DATA
ERT_VERSION  1.1.0
WARNING: There was an error initializing an OpenFabrics device.
TIMESTAMP_DATA  1560425091.16
TIMESTAMP_DATA  1560425085.71
HOSTNAME  ('kcadmin-UniServer-R5200-G3', [], ['127.0.1.1'])
OPENMP_THREADS 1
CONFIG  {'ERT_WORKING_SET_MIN': ['1'], 'ERT_CFLAGS': ['-O3', '-march=native', '-fstrict-aliasing', '-ftree-vectorize'], 'ERT_CC': ['gcc'], 'ERT_MPI_CFLAGS': ['-I/usr/local/include'], 'ERT_MPI_LDFLAGS': ['-L/usr/local/lib', '-lmpi'], 'ERT_MEMORY_MAX': ['1073741824'], 'ERT_PROCS_THREADS': ['1-8'], 'ERT_LDFLAGS': [], 'ERT_LDLIBS': [], 'ERT_RUN': ['export', 'OMP_NUM_THREADS=ERT_OPENMP_THREADS;', 'mpirun', '-np', 'ERT_MPI_PROCS', 'ERT_CODE'], 'ERT_FLOPS': ['1,2,4,8,16'], 'ERT_OPENMP_CFLAGS': ['-fopenmp'], 'ERT_MPI': ['True'], 'ERT_TRIALS_MIN': ['1'], 'ERT_DRIVER': ['driver1'], 'ERT_RESULTS': ['Results.p100.01'], 'ERT_OPENMP': ['True'], 'ERT_MPI_PROCS': ['1,2,4,8'], 'ERT_KERNEL': ['kernel1'], 'ERT_GPU': [False], 'ERT_OPENMP_THREADS': ['1,2,4,8'], 'ERT_LD': ['gcc'], 'ERT_NUM_EXPERIMENTS': ['3'], 'ERT_OPENMP_LDFLAGS': ['-fopenmp'], 'ERT_ALIGN': ['32'], 'ERT_GNUPLOT': ['gnuplot']}
TIMESTAMP_DATA  1560425096.47
FLOPS          16
MPI_PROCS      8
UNAME  ('Linux', 'kcadmin-UniServer-R5200-G3', '4.4.0-141-generic', '#167-Ubuntu SMP Wed Dec 5 10:40:15 UTC 2018', 'x86_64', 'x86_64')
