16 67108864 198223.486 198674.028 203243.419 10.5660673225 10.8090809333 10.8336488846 1.32075841531 1.35113511666 1.35420611057
32 33554432 98714.987 105184.729 111404.477 19.2764573366 20.4163063252 21.7543831313 2.40955716708 2.55203829065 2.71929789141
48 16777216 49884.178 49905.585 53222.539 30.2618545876 32.2731961964 32.2870457242 3.78273182345 4.03414952455 4.03588071552
64 16777216 49426.747 50356.875 60645.572 35.41039481 42.645292187 43.4478046471 4.42629935125 5.33066152338 5.43097558089
80 8388608 27459.792 27460.523 33858.935 39.6402686617 48.8766102525 48.877911384 4.95503358272 6.10957628156 6.109738923
96 8388608 32888.683 33009.446 38592.009 41.7343584264 48.7924800677 48.9716397583 5.2167948033 6.09906000846 6.12145496978
112 8388608 35603.864 35624.952 39922.047 47.0679319625 52.7452834743 52.7765242559 5.88349149531 6.59316043429 6.59706553199
128 8388608 41347.733 41483.068 43793.815 49.0362314404 51.7677151555 51.9371557323 6.12952893006 6.47096439444 6.49214446654
144 4194304 22033.125 22502.306 23344.05 51.7459289198 53.6815894335 54.8247038039 6.46824111497 6.71019867919 6.85308797549
160 4194304 24751.189 24837.534 27683.595 48.4827667794 54.0382664398 54.2267799741 6.06034584742 6.75478330498 6.77834749676
176 4194304 27307.2 27836.279 27846.93 53.0182324587 53.0385188336 54.0661440206 6.62727905733 6.62981485421 6.75826800258
192 4194304 28822.776 28841.565 30734.944 52.4033079741 55.8434584254 55.8798616761 6.55041349677 6.98043230317 6.98498270951
208 4194304 30182.562 30526.556 32188.646 54.206395137 57.1577895653 57.8092232197 6.77579939212 7.14472369566 7.22615290246
224 4194304 18401.525 18403.818 19262.184 97.5511495477 102.100998391 102.113721118 12.1938936935 12.7626247988 12.7642151398
240 4194304 20743.322 21349.17 22036.123 91.3620748986 94.3018356217 97.0560993075 11.4202593623 11.7877294527 12.1320124134
256 4194304 21814.095 23012.401 23427.438 91.6653220041 93.3185393389 98.4447738034 11.4581652505 11.6648174174 12.3055967254
272 2097152 12308.79 12565.563 13187.475 86.5101687776 90.7918481647 92.6858519806 10.8137710972 11.3489810206 11.5857314976
288 2097152 12989.832 13218.568 13943.371 86.6332504528 91.3835410916 92.9927001365 10.8291563066 11.4229426364 11.6240875171
304 2097152 14347.343 14574.951 14969.776 85.1761854018 87.4835473546 88.8713970245 10.6470231752 10.9354434193 11.1089246281
320 2097152 15129.424 15165.067 15252.518 87.9970952993 88.5045400723 88.7130455198 10.9996369124 11.063067509 11.08913069
352 2097152 10274.24 10503.72 10513.552 140.427802897 140.559250247 143.698707447 17.5534753621 17.5699062808 17.9623384309
384 2097152 12307.664 12310.447 12561.826 128.214857935 130.833001921 130.862585784 16.0268572419 16.3541252401 16.357823223
416 2097152 14345.681 14349.428 14505.482 120.287658418 121.595819987 121.627580036 15.0359573022 15.1994774983 15.2034475045
448 2097152 16382.362 17252.889 17594.906 106.795011693 108.912089564 114.699467146 13.3493764616 13.6140111955 14.3374333933
480 2097152 12533.792 12596.109 13187.435 152.665466787 159.832367281 160.627040883 19.0831833484 19.9790459101 20.0783801103
528 1048576 7558.691 7788.241 8248.101 134.248629594 142.175396986 146.493123743 16.7810786992 17.7719246233 18.3116404679
576 1048576 8914.737 9153.772 9567.302 126.259163973 131.963036877 135.501423317 15.7823954967 16.4953796096 16.9376779147
624 1048576 7384.225 7449.466 7617.87 171.783300056 175.666664966 177.218712593 21.472912507 21.9583331208 22.1523390742
672 1048576 8575.434 8586.809 8811.89 159.9300654 164.122218626 164.339920755 19.991258175 20.5152773283 20.5424900944
736 1048576 7563.36 7789.056 7801.091 197.85743712 198.163149938 204.076478179 24.73217964 24.7703937422 25.5095597724
800 1048576 9254.493 9262.297 9486.606 176.851615847 181.134506916 181.2872515 22.1064519808 22.6418133644 22.6609064376
880 1048576 8576.086 8637.598 8807.998 209.524770555 213.658213777 215.190677892 26.1905963194 26.7072767221 26.8988347365
960 1048576 10952.02 10957.149 11244.688 179.041510089 183.739941841 183.825990091 22.3801887611 22.9674927301 22.9782487614
1056 524288 5352.847 5361.178 5523.531 200.468913092 206.539729888 206.861181723 25.0586141365 25.817466236 25.8576477153
1152 524288 5192.069 5520.049 6650.075 181.646004293 218.83130965 232.654757092 22.7057505366 27.3539137062 29.0818446365
1264 524288 5353.063 5363.697 5463.986 242.570179353 247.105692958 247.596574896 30.3212724191 30.8882116197 30.9495718619
1376 524288 5524.96 5533.206 5555.427 259.717313539 260.760321593 261.149506241 32.4646641923 32.5950401991 32.6436882801
1504 524288 5872.995 5970.757 6088.253 259.032977769 264.130378108 268.527098014 32.3791222211 33.0162972635 33.5658872517
1648 524288 6375.792 6465.446 6639.167 260.281635934 267.275180707 271.03350423 32.5352044918 33.4093975883 33.8791880287
1808 524288 7219.584 7220.354 7959.159 238.194187099 262.566822624 262.594826516 29.7742733874 32.820852828 32.8243533145
1984 524288 8240.201 8310.102 10217.505 203.608883382 250.342869919 252.466509494 25.4511104227 31.2928587399 31.5583136868
2176 262144 3997.388 4000.408 4399.916 259.289197339 285.183583275 285.399037572 32.4111496674 35.6479479093 35.6748796964
2384 262144 5068.772 5085.652 5427.788 230.278447132 245.770373592 246.588836902 28.7848058915 30.721296699 30.8236046127
2608 262144 4928.983 4930.623 5366.161 254.808438286 277.316498138 277.408768503 31.8510547857 34.6645622673 34.6760960628
2864 262144 5268.492 5434.398 6328.457 237.271238787 276.306746764 285.007708468 29.6589048484 34.5383433455 35.6259635585
3136 262144 5691.357 5922.508 6183.498 265.895965035 277.613330028 288.888426433 33.2369956293 34.7016662536 36.1110533042
3440 262144 5606.722 5610.145 6903.097 261.266895134 321.480232686 321.676501885 32.6583618918 40.1850290857 40.2095627356
3776 262144 6539.251 6539.68 7120.322 278.036792156 302.722990727 302.742850519 34.7545990195 37.8403738409 37.8428563149
4144 131072 3530.096 3720.625 3996.812 271.797806852 291.97372377 307.732349489 33.9747258565 36.4967154712 38.4665436861
4544 131072 3827.605 3893.099 4369.246 272.628809639 305.972783122 311.208271491 34.0786012049 38.2465978903 38.9010339364
4992 131072 3911.765 3912.077 4428.486 295.50118212 334.508458806 334.535138997 36.9376477649 41.8135573507 41.8168923747
5488 131072 4603.293 4610.151 5856.868 245.634061072 312.060553331 312.525462099 30.7042576339 39.0075691664 39.0656827623
6032 131072 4860.221 5083.029 5949.802 265.765584804 311.084711104 325.345824398 33.2206981005 38.885588888 40.6682280497
6624 131072 5373.434 5445.316 7547.543 230.067169674 318.88725209 323.153100233 28.7583962092 39.8609065112 40.3941375292
7280 131072 5869.531 5878.506 8228.988 231.912881633 324.641723594 325.138127731 28.9891102041 40.5802154493 40.6422659664
8000 131072 6510.976 6656.956 10138.428 206.851792014 315.031675138 322.09487487 25.8564740017 39.3789593923 40.2618593587
8800 65536 3556.552 3559.044 4916.616 234.59908197 324.085231877 324.312311475 29.3248852463 40.5106539846 40.5390389343
9680 65536 4427.533 4540.336 5552.201 228.51783644 279.445609312 286.565218147 28.564729555 34.930701164 35.8206522684
10640 65536 4842.929 5063.214 5453.2 255.74086408 275.438897112 287.96748414 31.96760801 34.4298621389 35.9959355175
11696 65536 4768.502 4769.143 5133.038 298.657074426 321.445197177 321.488407051 37.3321343033 40.1806496471 40.1860508814
12864 65536 5529.688 5667.45 6133.37 274.907629574 297.507734166 304.919591847 34.3634536967 37.1884667708 38.1149489808
14144 65536 5971.544 6436.452 7684.431 241.251742387 288.028617008 310.452768664 30.1564677983 36.003577126 38.806596083
15552 65536 6483.153 6486.844 7437.487 274.075335392 314.240907289 314.419811471 34.259416924 39.2801134111 39.3024764339
17104 32768 3621.366 3628.365 3832.457 292.482797328 308.934670024 309.53174686 36.560349666 38.6168337529 38.6914683575
18800 32768 3863.183 3903.865 4071.198 302.632492942 315.604356196 318.927889256 37.8290616177 39.4505445245 39.865986157
20672 32768 4244.805 4251.848 5232.261 258.924429037 318.628556806 319.157226775 32.3655536297 39.8285696008 39.8946533469
22736 32768 4617.556 4618.282 4972.018 299.682442019 322.636533672 322.687260533 37.4603052523 40.329566709 40.3359075667
25008 32768 4990.994 4997.054 5006.507 327.358832815 327.978102298 328.376329044 40.9198541019 40.9972627872 41.0470411305
27504 32768 5377.191 5377.921 5378.985 335.100793923 335.167092265 335.212594085 41.8875992404 41.8958865331 41.9015742606
30240 32768 5916.796 5928.207 6386.057 310.33369104 334.301524896 334.946251316 38.79171138 41.787690612 41.8682814145
33264 16384 3301.61 3301.691 3302.62 330.039408712 330.132272221 330.140371516 41.254926089 41.2665340276 41.2675464395
36576 16384 3598.568 3913.333 3971.926 301.748413238 306.26638929 333.055362022 37.7185516548 38.2832986613 41.6319202527
40224 16384 3940.853 3943.269 3965.348 332.394541917 334.255672641 334.460593176 41.5493177396 41.7819590801 41.807574147
44240 16384 4320.201 4327.653 4779.699 303.294479422 334.975174766 335.552980058 37.9118099278 41.8718968457 41.9441225073
48656 16384 4677.824 4678.161 4678.198 340.806397677 340.809093146 340.833645729 42.6007997096 42.6011366432 42.6042057162
53520 16384 5107.911 5108.272 5136.303 341.440791168 343.314404558 343.338668195 42.680098896 42.9143005697 42.9173335244
58864 16384 5570.151 5822.318 5903.842 326.711919459 331.286534332 346.284248309 40.8389899323 41.4108167915 43.2855310386
64736 16384 6094.781 6095.213 6778.993 312.918046677 348.022168873 348.046836794 39.1147558347 43.5027711091 43.5058545992
71200 8192 4260.734 4314.87 5315.78 219.448660404 270.353637537 273.788694624 27.4310825504 33.7942046921 34.223586828
78320 8192 6187.657 6210.971 8214.743 156.206332931 206.60133174 207.379769111 19.5257916164 25.8251664675 25.9224711389
86144 8192 7218.13 7684.453 8946.926 157.75063927 183.667373071 195.533094583 19.7188299087 22.9584216339 24.4416368228
94752 8192 7437.304 7537.126 7883.337 196.923811325 205.96932677 208.733805691 24.6154764156 25.7461658462 26.0917257114
104224 8192 8186.923 8657.656 9641.307 177.113540311 197.236528686 208.577265964 22.1391925389 24.6545660858 26.0721582455
114640 8192 9122.638 9220.031 10855.375 173.02596732 203.715341087 205.890199743 21.628245915 25.4644176359 25.7362749678
126096 8192 9816.121 10254.615 10792.253 191.429617523 201.466058355 210.465708807 23.9287021904 25.1832572944 26.3082136009
138704 4096 5529.165 5730.309 5735.88 198.097444159 198.290034272 205.503573867 24.7621805198 24.786254284 25.6879467334
152560 4096 6025.157 6044.166 6266.914 199.423754658 206.773195839 207.425552562 24.9279693323 25.8466494798 25.9281940703
167808 4096 6654.528 6669.032 7134.231 192.688341042 206.129335712 206.578608731 24.0860426302 25.766166964 25.8223260913
184576 4096 7454.029 7740.549 8261.917 183.014013818 195.341001265 202.849571956 22.8767517272 24.4176251581 25.3561964945
203024 4096 7954.726 7979.802 8908.913 186.686367686 208.422791443 209.07981092 23.3357959607 26.0528489303 26.134976365
223312 4096 8704.213 8887.372 8922.607 205.026614307 205.839465705 210.170856802 25.6283267883 25.7299332131 26.2713571003
245632 4096 9593.705 9789.441 10051.981 200.181172646 205.549769798 209.743508269 25.0226465808 25.6937212247 26.2179385337
270192 2048 5357.205 5367.821 5373.006 205.97528311 206.174243143 206.582804279 25.7469103887 25.7717803928 25.8228505349
297200 2048 5875.061 5900.399 6366.352 191.213303945 206.313369655 207.203159252 23.9016629932 25.7891712069 25.9003949065
326912 2048 6440.801 6442.828 6714.598 199.420955953 207.832888291 207.89829588 24.9276194941 25.9791110363 25.987286985
359600 2048 7287.537 7550.945 7609.454 193.564689398 195.06453828 202.11514535 24.1955861748 24.383067285 25.2643931688
395552 2048 7771.845 7969.213 9454.005 171.375093624 203.305017948 208.468001099 21.421886703 25.4131272436 26.0585001374
435104 2048 8486.468 9020.369 10310.324 172.854508161 197.573512126 210.003264491 21.6068135201 24.6966890157 26.2504080614
478608 2048 9330.288 9792.251 11607.049 168.895502035 200.196907534 210.109095025 21.1119377544 25.0246134418 26.2636368781
526464 1024 5248.989 5540.757 6346.947 169.876678031 194.59403688 205.410655652 21.2345847539 24.32425461 25.6763319565
579104 1024 5734.502 5753.162 7136.837 166.180759348 206.148374059 206.81917837 20.7725949184 25.7685467574 25.8523972962
637008 1024 6274.86 6291.664 6299.29 207.1014962 207.352519779 207.907807346 25.887687025 25.9190649723 25.9884759182
700704 1024 6881.698 7120.102 8508.994 168.649994582 201.547926139 208.530190078 21.0812493228 25.1934907674 26.0662737598
770768 1024 7554.862 7560.69 8025.018 196.701473318 208.781587924 208.942647 24.5876841647 26.0976984905 26.117830875
847840 1024 8307.258 8310.52 8559.392 202.862109832 208.937144727 209.019187799 25.357763729 26.1171430909 26.1273984749
932624 1024 9070.522 9085.732 9087.546 210.179288446 210.221251518 210.57376323 26.2724110557 26.2776564398 26.3217204037
1025872 1024 9972.011 10199.907 10431.779 201.402450723 205.980883551 210.68828103 25.1753063404 25.7476104439 26.3360351287
1128448 512 5566.039 5584.829 5591.619 206.654057081 206.905305785 207.60378287 25.8317571351 25.8631632231 25.9504728587
1241280 512 6308.419 6333.846 6389.426 198.933475401 200.679132394 201.487998816 24.8666844252 25.0848915493 25.1859998519
1365408 512 6942.422 7377.727 7405.977 188.790458301 189.513354452 201.396255082 23.5988072877 23.6891693065 25.1745318853
1501936 512 7365.909 7481.824 7944.894 193.581244004 205.562502406 208.797375042 24.1976555005 25.6953128007 26.0996718803
1652128 512 8392.081 9080.458 9292.573 182.057119379 186.309883488 201.592319235 22.7571399224 23.288735436 25.1990399044
1817328 512 9466.347 9973.619 10012.773 185.856992064 186.586621366 196.58521624 23.232124008 23.3233276707 24.57315203
1999056 512 11603.454 11979.634 13001.744 157.442981803 170.87611725 176.41586238 19.6803727254 21.3595146563 22.0519827975
2198960 256 6979.353 7185.845 7619.196 147.767234233 156.678514496 161.31402438 18.4709042791 19.584814312 20.1642530475
2418848 256 8683.041 9699.138 10127.922 122.280777439 127.686622873 142.628622392 15.2850971799 15.9608278591 17.828577799
2660720 256 11108.479 11147.481 11324.442 120.296314821 122.205962046 122.635028612 15.0370393526 15.2757452558 15.3293785765
2926784 256 13050.656 14407.32 14542.38 103.044577848 104.010559077 114.822841702 12.880572231 13.0013198846 14.3528552128
3219456 256 15375.142 16565.097 17159.067 96.0635838767 99.5081086455 107.209512081 12.0079479846 12.4385135807 13.4011890102
3541392 256 18210.773 19267.504 19337.586 93.7652044056 94.106258081 99.5670367205 11.7206505507 11.7632822601 12.4458795901
3895520 256 21043.254 22413.784 22803.173 87.4661714841 88.9856991573 94.7812652929 10.9332714355 11.1232123947 11.8476581616
4285072 128 11727.297 11755.447 13056.903 84.0152088133 93.3166073566 93.5406029198 10.5019011017 11.6645759196 11.692575365
4713568 128 12959.943 12982.648 13987.984 86.2649977295 92.9450916331 93.1079255518 10.7831247162 11.6181364541 11.638490694
5184912 128 14453.898 14738.067 16765.199 79.1721871002 90.0618427098 91.8324919686 9.89652338752 11.2577303387 11.4790614961
5703392 128 15982.761 16535.372 18860.048 77.4159404048 88.299697884 91.3526988234 9.6769925506 11.0374622355 11.4190873529
6273728 128 17393.31 17445.498 20701.92 77.5809378067 92.0623973016 92.3386272078 9.69761722584 11.5077996627 11.542328401
6901088 128 19119.776 19335.698 22362.25 79.0027178839 91.3687485189 92.4005871198 9.87533973549 11.4210935649 11.55007339
7591184 128 20891.574 21274.379 23301.093 83.4013710859 91.3466430207 93.0204255553 10.4251713857 11.4183303776 11.6275531944
8350288 128 23166.385 23878.109 24161.625 88.4739220975 89.5244145171 92.2748080031 11.0592402622 11.1905518146 11.5343510004
9185312 64 12555.403 12559.301 13888.882 84.6518773793 93.613485018 93.6425486303 10.5814846724 11.7016856272 11.7053185788
10103840 64 13806.023 14135.491 17681.022 73.1457446295 91.4925077594 93.6758920364 9.14321807868 11.4365634699 11.7094865045
11114224 64 15438.339 15466.118 18304.404 77.7201307401 91.9830478469 92.1485576913 9.71501634252 11.4978809809 11.5185697114
12225632 64 16775.788 17025.175 20439.647 76.5610529379 91.9157010721 93.282109669 9.57013161724 11.489462634 11.6602637086
13448192 64 18400.609 20904.852 21213.154 81.146281972 82.3430166356 93.5495437135 10.1432852465 10.2928770794 11.6936929642
14793008 64 20243.054 20525.097 23098.347 81.975780518 92.2531583651 93.5385058006 10.2469725647 11.5316447956 11.6923132251
16272304 64 22639.538 23081.995 24302.962 85.7037472223 90.2372135511 92.0007692736 10.7129684028 11.2796516939 11.5000961592
17899520 32 12387.153 12778.722 13056.729 87.7378461328 89.6466235043 92.4804335589 10.9672307666 11.205827938 11.5600541949
19689472 32 13695.16 14360.392 14740.464 85.4875537161 87.7501260411 92.012521796 10.6859442145 10.9687657551 11.5015652245
21658416 32 15238.184 15611.74 15681.913 88.3909140422 88.788221172 90.9648173299 11.0488642553 11.0985276465 11.3706021662
23824256 32 16903.756 17180.735 17535.146 86.9540740636 88.7477971111 90.201987298 10.8692592579 11.0934746389 11.2752484122
26206672 32 19081.074 19108.003 19164.551 87.5171564416 87.7761536881 87.900031623 10.9396445552 10.972019211 10.9875039529
28827328 32 21758.516 22175.393 22255.662 82.8979606178 83.1980290947 84.7920415161 10.3622450772 10.3997536368 10.5990051895
31710048 32 24468.903 24996.069 25441.431 79.7692186418 81.1904892725 82.9396835649 9.97115233023 10.1488111591 10.3674604456
34881040 16 13632.109 13670.355 13679.657 81.595121866 81.6506433081 81.8797208854 10.1993902332 10.2063304135 10.2349651107
38369136 16 15484.59 15506.288 15507.096 79.1774521806 79.1815779508 79.292532253 9.89718152258 9.89769724385 9.91156653163
42206048 16 17584.876 17756.181 17977.267 75.1278565313 76.0632895103 76.8042683952 9.39098206641 9.50791118879 9.6005335494
46426640 16 20526.255 20657.269 20668.388 71.8804233789 71.9191137996 72.378155684 8.98505292237 8.98988922495 9.0472694605
51069296 16 23509.533 23743.532 23880.117 68.4342322108 68.827901089 69.5129704193 8.55427902635 8.60348763613 8.68912130241
56176224 16 27168.045 27377.25 28974.752 62.0415721936 65.6617873599 66.1674098375 7.7551965242 8.20772341999 8.27092622969
61793840 16 30838.288 31178.088 32490.718 60.8605473108 63.4228397841 64.121681463 7.60756841385 7.92785497302 8.01521018287
67973216 8 17896.311 18106.023 18154.125 59.9076769605 60.0668327882 60.7707060969 7.48845962006 7.50835409852 7.59633826211
74770528 8 20319.868 20341.248 20689.244 57.8236908028 58.8129326185 58.8748139506 7.22796135035 7.35161657731 7.35935174382
82247568 8 23149.277 23218.502 23292.18 56.4979786349 56.6772605743 56.8467467904 7.06224732936 7.08465757179 7.1058433488
90472320 8 25955.317 26394.02 26867.238 53.8781515242 54.8441321178 55.7711208073 6.73476894052 6.85551651473 6.97139010092
99519552 8 29354.248 29560.506 29759.389 53.5062340158 53.8662238055 54.2447155178 6.68827925197 6.73327797569 6.78058943973
109471504 8 32878.683 33200.274 33336.623 52.5411366352 52.7569159218 53.2729387001 6.5676420794 6.59461449023 6.65911733752
120418640 8 37194.089 37334.413 37346.82 51.589351918 51.60649613 51.8011945393 6.44866898976 6.45081201625 6.47514931741
132460496 8 41670.398 41820.43 44530.797 47.5933079752 50.6778131167 50.8602758246 5.94916349689 6.33472663959 6.35753447807
145706544 4 23367.094 25555.696 37618.57 30.9860888386 45.6122326702 49.8843524146 3.87326110482 5.70152908377 6.23554405182
160277184 4 25993.829 26019.221 49142.532 26.0918072353 49.2796257044 49.3277643705 3.26147590442 6.15995321305 6.16597054632
176304896 4 28815.324 29257.501 32752.537 43.0635088818 48.2077798784 48.947538053 5.38293861022 6.0259724848 6.11844225663
193935376 4 32179.859 32423.329 35569.643 43.6181776691 47.8508239546 48.2128591054 5.45227220864 5.98135299432 6.02660738818
213328912 4 35881.409 36065.067 36830.688 46.3372092316 47.3208963122 47.5631070118 5.79215115395 5.91511203903 5.94538837647
234661792 4 40054.385 47116.766 56864.885 33.0132442192 39.843446301 46.8686346326 4.1266555274 4.98043078763 5.85857932908
258127968 4 44199.048 44624.007 47848.802 43.1572716073 46.2760716222 46.7210005066 5.39465895092 5.78450895277 5.84012506333
283940752 2 24573.464 24826.417 24943.725 45.5330151371 45.7481644653 46.2190844563 5.69162689213 5.71852055816 5.77738555704
312334816 2 27178.943 27214.358 27423.187 45.5577706559 45.9073575794 45.9671762805 5.69472133199 5.73841969743 5.74589703507
343568288 2 30365.559 30465.051 30583.443 44.9352007882 45.1098260758 45.2576273007 5.61690009853 5.63872825947 5.65720341259
377925104 2 33778.08 33910.94 34094.451 44.3386055989 44.5785465104 44.7538882021 5.54232569986 5.57231831379 5.59423602526
415717600 2 37702.232 37927.734 38378.165 43.3285541401 43.8431254554 44.1053569454 5.41606926751 5.48039068192 5.51316961818
457289360 2 42091.981 42145.797 80349.399 22.7650419638 43.4007082604 43.4561975118 2.84563024547 5.42508853255 5.43202468898
503018288 2 46194.141 46225.238 46425.153 43.3401512322 43.5275888033 43.5568907321 5.41751890403 5.44094860042 5.44461134151
553320112 1 31408.42 31544.332 31588.229 35.0333101612 35.082062413 35.2338711721 4.37916377015 4.38525780162 4.40423389652
608652112 1 34680.799 34712.072 34841.191 34.9386513222 35.0686131326 35.1002358394 4.36733141528 4.38357664158 4.38752947993
669517312 1 38236.13 38415.878 39673.686 33.7512028502 34.8562806244 35.0201399566 4.21890035627 4.35703507805 4.37751749458
736469040 1 42183.473 42854.325 44669.208 32.9743495788 34.3708150811 34.9174208582 4.12179369735 4.29635188514 4.36467760727
810115936 1 46741.088 46744.034 47735.677 33.9417386287 34.6617896093 34.6639742746 4.24271732859 4.33272370117 4.33299678433
891127520 1 51531.433 51699.878 76186.918 23.3931898912 34.4730995303 34.5857845638 2.9241487364 4.30913744129 4.32322307047
980240272 1 56641.854 56737.912 60702.848 32.2963519603 34.5532726689 34.6118710027 4.03704399504 4.31915908361 4.32648387533

META_DATA
ERT_VERSION  1.1.0
HOSTNAME  ('kcadmin-UniServer-R5200-G3', [], ['127.0.1.1'])
MPI_PROCS      1
FLOPS          2
CONFIG  {'ERT_WORKING_SET_MIN': ['1'], 'ERT_CFLAGS': ['-O3', '-march=native', '-fstrict-aliasing', '-ftree-vectorize'], 'ERT_CC': ['gcc'], 'ERT_MPI_CFLAGS': ['-I/usr/local/include'], 'ERT_MPI_LDFLAGS': ['-L/usr/local/lib', '-lmpi'], 'ERT_MEMORY_MAX': ['1073741824'], 'ERT_PROCS_THREADS': ['1-8'], 'ERT_LDFLAGS': [], 'ERT_LDLIBS': [], 'ERT_RUN': ['export', 'OMP_NUM_THREADS=ERT_OPENMP_THREADS;', 'mpirun', '-np', 'ERT_MPI_PROCS', 'ERT_CODE'], 'ERT_FLOPS': ['1,2,4,8,16'], 'ERT_OPENMP_CFLAGS': ['-fopenmp'], 'ERT_MPI': ['True'], 'ERT_TRIALS_MIN': ['1'], 'ERT_DRIVER': ['driver1'], 'ERT_RESULTS': ['Results.p100.01'], 'ERT_OPENMP': ['True'], 'ERT_MPI_PROCS': ['1,2,4,8'], 'ERT_KERNEL': ['kernel1'], 'ERT_GPU': [False], 'ERT_OPENMP_THREADS': ['1,2,4,8'], 'ERT_LD': ['gcc'], 'ERT_NUM_EXPERIMENTS': ['3'], 'ERT_OPENMP_LDFLAGS': ['-fopenmp'], 'ERT_ALIGN': ['32'], 'ERT_GNUPLOT': ['gnuplot']}
OPENMP_THREADS 2
TIMESTAMP_DATA  1560424263.24
TIMESTAMP_DATA  1560424276.71
TIMESTAMP_DATA  1560424269.98
UNAME  ('Linux', 'kcadmin-UniServer-R5200-G3', '4.4.0-141-generic', '#167-Ubuntu SMP Wed Dec 5 10:40:15 UTC 2018', 'x86_64', 'x86_64')
