64 16777216 52236.36 52343.582 53006.521 40.5135746977 41.0266849525 41.11089762 2.53209841861 2.56416780953 2.56943110125
128 8388608 26158.708 26254.49 32162.722 66.7693377445 81.7949100516 82.0944080266 4.17308360903 5.11218187822 5.13090050166
192 4194304 13060.213 13062.187 13064.943 123.277440705 123.303451099 123.322087932 7.70484004408 7.70646569369 7.70763049577
256 4194304 13060.585 13061.751 20118.817 106.74005574 164.410089275 164.424767191 6.67125348374 10.2756305797 10.2765479494
320 2097152 6534.274 6621.286 11532.968 116.377439008 202.706434974 205.405723727 7.27358993799 12.6691521858 12.8378577329
384 2097152 7260.904 7271.592 7273.041 221.449698414 221.493826386 221.819863753 13.8406061509 13.8433641491 13.8637414845
448 2097152 7986.366 7986.62 7994.11 235.054082568 235.274520636 235.282003354 14.6908801605 14.7046575397 14.7051252096
512 2097152 9431.778 9433.767 9435.958 227.585121511 227.637978339 227.685983279 14.2240700944 14.2273736462 14.2303739549
576 1048576 5079.224 5079.7 5088.378 237.395797246 237.801356773 237.823642352 14.8372373279 14.8625847983 14.863977647
640 1048576 5441.331 5442.938 5445.765 246.462577801 246.590587657 246.663413786 15.4039111126 15.4119117286 15.4164633616
704 1048576 5806.547 5806.822 5807.378 254.227468575 254.251810715 254.263852165 15.889216786 15.8907381697 15.8914907603
768 1048576 6529.528 6533.16 6533.993 246.497468853 246.528898114 246.666027927 15.4060918033 15.4080561321 15.4166267455
832 1048576 6892.118 6894.873 6895.156 253.051629869 253.062016371 253.163173353 15.8157268668 15.8163760232 15.8226983345
896 1048576 4452.725 4452.749 4457.878 421.511802701 421.997330638 421.999605186 26.3444876688 26.3748331649 26.3749753241
960 1048576 5057.906 5058.572 5062.108 397.712952786 397.990958713 398.043364191 24.8570595491 24.8744349196 24.8777102619
1024 1048576 5664.797 5666.273 5681.971 377.946956787 378.994031527 379.092780906 23.6216847992 23.6871269704 23.6932988066
1088 524288 3033.059 3036.644 3037.037 375.645962825 375.69457862 376.138640231 23.4778726766 23.4809111638 23.5086650144
1152 524288 3235.78 3239.17 3243.241 372.454452814 372.922554852 373.31325121 23.2784033009 23.3076596783 23.3320782006
1216 524288 3538.783 3542.852 3543.093 359.874385459 359.89886566 360.312688289 22.4921490912 22.4936791037 22.519543018
1280 524288 3845.388 3845.757 3845.963 348.983409357 349.002102837 349.035592767 21.8114630848 21.8126314273 21.814724548
1408 524288 2628.968 2633.259 2633.441 560.633410052 560.67215872 561.587287483 35.0395881282 35.04200992 35.0992054677
1536 524288 3033.401 3036.661 3054.829 527.234989585 530.389377016 530.95938717 32.9521868491 33.1493360635 33.1849616981
1664 524288 3643.688 3645.192 7286.612 239.457029412 478.666271626 478.863850033 14.9660643383 29.9166419766 29.9289906271
1792 524288 4048.198 4053.051 8237.848 228.099400717 463.61326122 464.169043115 14.2562125448 28.9758288262 29.0105651947
1920 524288 2998.616 3033.055 5670.602 355.035659353 663.774946382 671.398378452 22.1897287096 41.4859341489 41.9623986532
2112 262144 1820.416 1824.172 3639.412 304.251416438 607.013075521 608.265504149 19.0157135274 37.9383172201 38.0165940093
2304 262144 2224.588 2228.096 4603.328 262.410054639 542.148790716 543.003716643 16.4006284149 33.8842994198 33.9377322902
2496 262144 1719.449 1723.15 3661.826 357.36893233 759.436408902 761.071045434 22.3355582707 47.4647755564 47.5669403396
2688 262144 2123.677 2127.204 4250.331 331.570916242 662.506343538 663.606633212 20.7231822651 41.4066464711 41.4754145758
2944 262144 1719.105 1722.822 3434.569 449.402493297 895.916044722 897.853168945 28.0876558311 55.9947527951 56.1158230591
3200 262144 2224.552 2229.041 4135.961 405.642509685 752.665204453 754.184033459 25.3526568553 47.0415752783 47.1365020912
3520 262144 2022.558 2026.32 3760.27 490.787565786 910.761261795 912.455296708 30.6742228617 56.9225788622 57.0284560443
3840 262144 2629.062 2633.21 3112.339 646.865884468 764.567170867 765.773465974 40.4291177793 47.7854481792 47.8608416234
4224 131072 1264.738 1393.489 1493.73 741.296121789 794.621454493 875.51434052 46.3310076118 49.6638409058 54.7196462825
4608 131072 1216.222 1311.093 1435.934 841.236123666 921.337808988 993.206463951 52.5772577291 57.5836130618 62.075403997
5056 131072 1826.344 1826.792 2084.757 635.757579421 725.534195464 725.712168135 39.7348487138 45.3458872165 45.3570105084
5504 131072 1366.031 1586.877 1595.459 904.341995626 909.232773555 1056.22828179 56.5213747266 56.8270483472 66.0142676118
6016 131072 1697.9 1698.505 1698.882 928.291843695 928.49788726 928.828731963 58.0182402309 58.0311179537 58.0517957477
6592 131072 2191.186 2209.432 2318.138 745.448824876 782.125563493 788.638320982 46.5905515547 48.8828477183 49.2898950614
7232 131072 2562.004 4179.26 4835.806 392.03917775 453.627055507 739.977536335 24.5024486094 28.3516909692 46.2485960209
7936 131072 2883.398 4788.279 5558.613 374.261490052 434.47234048 721.501084484 23.3913431282 27.15452128 45.0938177803
8704 65536 1452.087 2535.493 2780.717 410.272130533 449.952213633 785.662765385 25.6420081583 28.122013352 49.1039228366
9536 65536 1688.521 2779.314 3218.343 388.368359743 449.716222061 740.235147801 24.2730224839 28.1072638788 46.2646967376
10432 65536 1753.269 2992.178 3286.232 416.082341113 456.972514336 779.882096815 26.0051463196 28.560782146 48.7426310509
11456 65536 1899.279 3603.098 3625.46 414.171120906 416.74160181 790.595184804 25.8856950566 26.0463501132 49.4121990503
12544 65536 2081.881 3526.787 3870.167 424.831064913 466.194065023 789.750791712 26.551941557 29.1371290639 49.359424482
13760 65536 2158.517 3429.63 3746.376 481.412095316 525.873263297 835.550852738 30.0882559572 32.867078956 52.2219282961
15104 65536 2739.142 3749.396 4077.539 485.516260666 528.008107973 722.748761473 30.3447662916 33.0005067483 45.1717975921
16576 32768 1345.555 2204.259 2432.449 446.597127422 492.829897031 807.343242008 27.9123204639 30.8018685644 50.4589526255
18176 32768 1446.476 2406.078 2547.069 467.667870796 495.072202979 823.506463986 29.2292419247 30.9420126862 51.4691539991
19968 32768 1521.377 1948.096 1962.429 666.83831517 671.744538257 860.156850012 41.6773946981 41.9840336411 53.7598031257
21952 32768 1661.992 2117.504 2135.819 673.580613338 679.406637248 865.615641953 42.0987883337 42.462914828 54.100977622
24128 32768 1844.563 2350.968 2352.278 672.221824121 672.596397739 857.250529258 42.0138640076 42.0372748587 53.5781580786
26496 32768 1994.497 2150.167 2567.676 676.26984713 807.584646216 870.616429105 42.2668654456 50.4740403885 54.413526819
29120 32768 2172.977 2179.048 2302.551 828.823474485 875.799119616 878.245982355 51.8014671553 54.737444976 54.8903738972
32000 32768 2428.497 2428.509 2458.886 852.88703909 863.555374923 863.559642034 53.3054399431 53.9722109327 53.9724776271
35200 16384 1306.183 1361.339 1441.102 800.383040201 847.278745412 883.056662045 50.0239400126 52.9549215882 55.1910413778
38720 16384 1621.234 1623.778 1631.517 777.667017874 781.373414346 782.59952604 48.6041886171 48.8358383966 48.9124703775
42560 16384 1725.865 1729.921 1793.487 777.594752569 806.16749551 808.062090604 48.5996720355 50.3854684694 50.5038806627
46784 16384 1747.943 1761.392 1764.827 868.650645077 870.344654682 877.041249057 54.2906653173 54.3965409176 54.815078066
51456 16384 2078.116 2081.4 2085.366 808.544019611 810.084658403 811.364816978 50.5340012257 50.6302911502 50.7103010612
56576 16384 2236.789 2264.222 2279.248 813.374572666 818.772350061 828.814147423 50.8359107916 51.1732718788 51.8008842139
62208 16384 2437.676 2474.91 2578.652 790.502845673 823.638735954 836.219310524 49.4064278546 51.4774209971 52.2637069077
68416 8192 1328.992 1330.951 1351.434 829.435802266 842.20060994 843.442055332 51.8397376416 52.6375381212 52.7151284583
75200 8192 1470.398 1475.318 1485.797 829.236295402 835.126257525 837.920617411 51.8272684627 52.1953910953 52.3700385882
82688 8192 1611.483 1690.445 1743.326 777.112365673 801.422224326 840.691581605 48.5695228546 50.0888890203 52.5432238503
90944 8192 1734.039 1735.261 1755.934 848.566344749 858.675724286 859.280844318 53.0353965468 53.6672327679 53.7050527699
100032 8192 1894.668 1898.137 1924.589 851.57105647 863.438354555 865.019247699 53.2231910294 53.9648971597 54.0637029812
110016 8192 2068.031 2088.633 2093.309 861.07791253 863.005680749 871.603058175 53.8173695331 53.9378550468 54.4751911359
120960 8192 2264.175 2291.087 2293.46 864.113017014 865.008024575 875.289516049 54.0070635633 54.063001536 54.7055947531
133056 4096 1240.006 1240.036 1240.047 878.994709072 879.002506379 879.023772466 54.937169317 54.9376566487 54.9389857791
146304 4096 1358.582 1358.79 1384.379 865.747290301 882.051213212 882.186255964 54.1092056438 55.1282008257 55.1366409977
160896 4096 1491.366 1515.232 1516.772 868.990218701 869.873413444 883.793805142 54.3118886688 54.3670883403 55.2371128214
176960 4096 1636.42 1660.14 1664.618 870.864258346 873.213295264 885.870571125 54.4290161466 54.575830954 55.3669106953
194624 4096 1787.498 1821.593 1871.816 851.771652769 875.255783262 891.950540924 53.2357282981 54.7034864539 55.7469088077
214080 4096 1961.032 1989.74 1992.261 880.277915394 881.393227256 894.296146111 55.0173697121 55.0870767035 55.8935091319
235456 4096 2175.696 2179.813 2183.955 883.193816722 884.872028931 886.546443988 55.1996135452 55.3045018082 55.4091527493
258944 4096 2386.914 2392.346 2399.878 883.907118612 886.689988823 888.707866308 55.2441949132 55.4181243014 55.5442416442
284800 2048 1681.639 1693.241 1734.08 672.714522975 688.93961344 693.692760456 42.0446576859 43.05872584 43.3557975285
313280 2048 2488.237 2504.913 2525.599 508.075462494 512.271236566 515.704444553 31.7547164059 32.0169522854 32.2315277845
344576 2048 2759.771 2765.409 2768.522 509.796669848 510.370544104 511.413191892 31.8622918655 31.8981590065 31.9633244932
379008 2048 3005.46 3014.173 3034.474 511.593366099 515.039039896 516.532167455 31.9745853812 32.1899399935 32.283260466
416896 2048 3269.008 3302.973 3344.157 510.623758394 516.990606947 522.362140441 31.9139848996 32.3119129342 32.6476337776
458560 2048 3629.526 3631.356 3661.805 512.933310212 517.23426731 517.495055828 32.0583318882 32.3271417068 32.3434409893
504384 2048 3978.377 4028.652 4029.101 512.758767775 512.815915597 519.296402528 32.0474229859 32.0509947248 32.456025158
554816 1024 2158.113 2191.742 2218.782 512.111224987 518.429253078 526.507725962 32.0069515617 32.4018283174 32.9067328727
610240 1024 2377.68 2395.994 2421.349 516.146792552 521.608785331 525.626459406 32.2591745345 32.6005490832 32.8516537129
671232 1024 2287.071 2627.361 2631.882 522.319441373 523.218216301 601.067101109 32.6449650858 32.7011385188 37.5666938193
738304 1024 2503.959 2878.465 2898.093 521.73846457 525.296153332 603.862360366 32.6086540356 32.8310095832 37.7413975229
812096 1024 3190.688 3228.725 3484.504 477.305409321 515.117455962 521.258301658 29.8315880826 32.1948409976 32.5786438536
893248 1024 3481.624 3503.97 3518.98 519.858568108 522.085492741 525.436377966 32.4911605067 32.6303432963 32.8397736229
982528 1024 3846.922 3848.89 3851.491 522.451524358 522.804586257 523.072041492 32.6532202724 32.6752866411 32.6920025932
1080768 512 2196.43 2273.44 3932.728 281.409350456 486.798170174 503.866015307 17.5880844035 30.4248856359 31.4916259567
1188800 512 2016.191 2324.357 2330.975 522.241208078 523.728153636 603.777717488 32.6400755049 32.7330096022 37.736107343
1307648 512 2250.288 2556.132 2563.36 522.37358467 523.850705676 595.048967954 32.6483490419 32.7406691047 37.1905604971
1438400 512 2711.089 2810.929 2826.877 521.041983786 523.998151501 543.295185071 32.5651239866 32.7498844688 33.955949067
1582208 512 2711.397 3081.881 3105.586 521.698961806 525.711729947 597.544731369 32.6061851129 32.8569831217 37.3465457106
1740416 512 2879.812 3373.084 5542.02 321.576967243 528.355055492 618.854975255 20.0985604527 33.0221909683 38.6784359535
1914432 512 3420.005 3693.775 3705.674 529.020730912 530.724900136 573.209211098 33.063795682 33.1703062585 35.8255756936
2105856 256 1843.461 2042.206 2050.514 525.818537206 527.957645801 584.877180477 32.8636585754 32.9973528625 36.5548237798
2316416 256 2010.292 2236.296 2250.833 526.918252931 530.343475103 589.966528246 32.9323908082 33.146467194 36.8729080154
2548032 256 2295.561 2464.046 2465.28 529.186292835 529.451310568 568.310920076 33.0741433022 33.0907069105 35.5194325047
2802816 256 2669.608 2699.726 2716.538 528.261261944 531.550902573 537.547756824 33.0163288715 33.2219314108 33.5967348015
3083072 256 2550.67 2970.282 2974.812 530.632814443 531.442086644 618.869890656 33.1645509027 33.2151304152 38.679368166
3391360 256 2763.747 3273.199 3277.397 529.803475136 530.482967886 628.268911735 33.112717196 33.1551854928 39.2668069834
3730496 256 3015.194 3600.492 3605.859 529.697348676 530.486931231 633.463038199 33.1060842923 33.1554332019 39.5914398875
4103488 256 3281.745 3953.67 3974.013 528.681173413 531.401420958 640.203872025 33.0425733383 33.2125888099 40.0127420016
4513792 128 1947.621 2183.79 2189.383 527.788309309 529.140051012 593.303703339 32.9867693318 33.0712531883 37.0814814587
4965120 128 2147.29 2464.542 2490.453 510.377316898 515.743176623 591.941805718 31.8985823061 32.2339485389 36.9963628574
5461632 128 2313.977 2718.157 2824.0 495.105450425 514.384486253 604.231499276 30.9440906516 32.1490303908 37.7644687047
6007744 128 2546.091 3107.602 3347.688 459.416308808 494.909729109 604.056360908 28.7135193005 30.9318580693 37.7535225567
6608512 128 2826.447 3631.989 3808.6 444.199724833 465.79961338 598.553262099 27.7624828021 29.1124758362 37.4095788812
7269312 128 3306.831 4375.004 4514.11 412.250448483 425.358210415 562.757477476 25.7656530302 26.584888151 35.1723423423
7996224 128 4041.687 5230.08 5378.371 380.604711724 391.396182085 506.479928802 23.7877944828 24.4622613803 31.6549955501
8795840 64 2793.459 2932.785 3001.201 375.13899269 383.890234027 403.037066232 23.4461870431 23.9931396267 25.1898166395
9675392 64 3211.187 3359.727 3426.947 361.385856274 368.61631198 385.667410836 22.5866160171 23.0385194988 24.1042131772
10642880 64 3543.343 3906.657 3929.525 346.680232344 348.709559094 384.46423053 21.6675145215 21.7943474434 24.0290144081
11707136 64 4665.479 4678.677 4744.707 315.828439564 320.285714957 321.191759303 19.7392774728 20.0178571848 20.0744849564
12877824 64 4799.776 5407.399 5578.665 295.475973553 304.834444804 343.424666484 18.4672483471 19.0521528003 21.4640416553
14165568 64 5398.46 6125.055 6284.105 288.536347499 296.02880366 335.872212446 18.0335217187 18.5018002287 20.9920132779
15582080 64 6402.679 6936.496 6990.411 285.320310923 287.538007663 311.511203357 17.8325194327 17.9711254789 19.4694502098
17140288 32 3473.881 3834.89 3872.47 283.276160177 286.052124572 315.778931978 17.7047600111 17.8782577858 19.7361832486
18854272 32 3913.294 4232.161 4249.684 283.944266915 285.119920532 308.352351753 17.7465166822 17.8199950333 19.2720219845
20739648 32 4374.403 4681.95 4686.723 283.212272626 283.500992535 303.432827748 17.7007670391 17.7188120334 18.9645517343
22813568 32 4690.764 5172.663 5201.853 280.682355307 282.266281797 311.264508724 17.5426472067 17.6416426123 19.4540317952
25094912 32 5204.788 5767.903 5803.659 276.734792309 278.450308197 308.576327797 17.2959245193 17.4031442623 19.2860204873
27604352 32 6024.708 6580.041 6587.524 268.185516743 268.490504542 293.238863693 16.7615947965 16.7806565339 18.3274289808
30364736 32 6847.585 7563.431 7574.117 256.576852985 256.939357813 283.79977817 16.0360533116 16.0587098633 17.7374861356
33401152 32 8339.131 8959.992 9325.248 229.23505391 238.579870161 256.342504753 14.3271908693 14.911241885 16.021406547
36741248 16 5427.681 5796.007 6099.262 192.764294434 202.849985516 216.615518856 12.0477684021 12.6781240947 13.5384699285
40415360 16 7018.628 7214.011 8025.672 161.144327852 179.274958134 184.265574411 10.0715204907 11.2046848833 11.5165984007
44456896 16 8603.902 8933.666 13085.889 108.714102038 159.24265268 165.345987437 6.79463137736 9.95266579252 10.3341242148
48902528 16 9221.308 10875.254 19152.346 81.707008426 143.893733057 169.702703348 5.10668802663 8.99335831604 10.6064189592
53792768 16 12176.691 12183.581 19680.066 87.4676221106 141.285930302 141.365874851 5.46672638191 8.8303706439 8.83536717816
59172032 16 15023.94 15155.551 23660.992 80.0264428474 124.938052335 126.032520364 5.00165267796 7.80862827092 7.87703252276
65089216 16 18391.473 18658.952 26552.433 78.4430907706 111.627647255 113.251119799 4.90269317316 6.97672795342 7.07819498743
71598080 8 11107.079 11162.738 15399.522 74.3899245704 102.624399139 103.138663189 4.64937028565 6.41402494621 6.44616644934
78757888 8 12874.115 13090.955 16823.455 74.9029380707 96.2593033129 97.880608337 4.68143362942 6.01620645705 6.11753802106
86633664 8 14752.565 14933.266 18441.601 75.1636815047 92.8222013858 93.9591605934 4.69773009404 5.80138758661 5.87244753709
95297024 8 16977.284 17231.217 22061.049 69.1151351869 88.4877942167 89.8113257692 4.31969594918 5.53048713855 5.61320786057
104826688 8 19642.342 19733.639 23998.226 69.8896246748 84.9932953572 85.3883415735 4.36810154217 5.31208095983 5.33677134835
115309312 8 22397.342 22675.067 28918.474 63.7982831321 81.3646544903 82.3735687922 3.98739269576 5.08529090565 5.14834804951
126840192 8 25759.502 26402.731 30311.399 66.9531311306 76.8648921962 78.7842510309 4.18457069566 4.80405576226 4.92401568943
139524160 4 14619.657 15025.71 17257.683 64.6780497706 74.2855598837 76.3488007961 4.04237811067 4.64284749273 4.77180004975
153476544 4 16501.527 16651.526 19342.079 63.4788200379 73.7357256026 74.4059838826 3.96742625237 4.60848285016 4.65037399266
168824192 4 18732.657 18846.342 21570.919 62.6117754186 71.6634313439 72.098343337 3.91323596366 4.47896445899 4.50614645856
185706560 4 21048.966 21165.896 23959.092 62.0078790966 70.1908617523 70.5807819729 3.87549244354 4.38692885952 4.4112988733
204277184 4 23351.589 24346.302 26559.5 61.530430618 67.1238478846 69.9831378498 3.84565191363 4.19524049279 4.37394611562
224704896 4 26396.456 27655.668 29324.412 61.3017975603 65.000750226 68.1015348424 3.83136234752 4.06254688912 4.25634592765
247175360 4 29008.283 29840.839 33967.08 58.2152743185 66.2649893993 68.1668363481 3.63845464491 4.14156183745 4.26042727176
271892864 2 16556.072 17332.991 17974.0 60.5080369422 62.7457463054 65.6901864162 3.78175230889 3.92160914409 4.10563665101
299082112 2 18300.638 18596.039 19821.118 60.3562547784 64.3324338049 65.3708601853 3.77226592365 4.0207771128 4.08567876158
328990272 2 20363.698 20982.469 22036.307 59.7178596214 62.7171706056 64.6228935432 3.73236622634 3.91982316285 4.03893084645
361889280 2 24085.595 27048.754 27243.681 53.1336833668 53.5165915591 60.1005339499 3.32085521042 3.34478697244 3.75628337187
398078208 2 25177.902 25190.895 26546.46 59.9821155815 63.2098554656 63.2424747701 3.74888222384 3.9506159666 3.95265467313
437886016 2 27809.777 28633.487 29137.897 60.1122333571 61.1711756937 62.9830316151 3.75701458482 3.82319848086 3.93643947594
481674560 2 30412.723 31851.939 31983.674 60.2400537224 60.4891978476 63.3517176348 3.76500335765 3.78057486547 3.95948235217
529841984 2 33949.677 35064.965 42156.22 50.2741454523 60.4411821315 62.4267481543 3.14213409077 3.77757388322 3.90167175965
582826176 1 30535.203 31186.129 43961.116 26.5155314073 37.3772696188 38.1740495388 1.65722071296 2.33607935118 2.38587809618
641108736 1 33606.034 34335.048 36305.824 35.3171290645 37.3442749228 38.1543823945 2.20732056653 2.33401718268 2.38464889966
705219584 1 37181.959 38240.317 40245.126 35.0462107635 36.8835637006 37.9334280908 2.19038817272 2.30522273129 2.37083925567
775741504 1 43967.74 54089.051 55834.194 27.7873270276 28.6838644664 35.2868491307 1.73670793922 1.79274152915 2.20542807067
853315648 1 43225.179 45733.653 48864.688 34.925656253 37.316750009 39.4823419008 2.18285351581 2.33229687556 2.4676463688
938647168 1 46753.545 48938.02 50440.466 37.2180212609 38.3606516161 40.1529838219 2.32612632881 2.397540726 2.50956148887
1032511872 1 54228.287 54783.46 55737.754 37.0489227822 37.6942921093 38.0801950097 2.31555767389 2.35589325683 2.3800121881

META_DATA
ERT_VERSION  1.1.0
TIMESTAMP_DATA  1560424178.65
TIMESTAMP_DATA  1560424175.24
HOSTNAME  ('kcadmin-UniServer-R5200-G3', [], ['127.0.1.1'])
CONFIG  {'ERT_WORKING_SET_MIN': ['1'], 'ERT_CFLAGS': ['-O3', '-march=native', '-fstrict-aliasing', '-ftree-vectorize'], 'ERT_CC': ['gcc'], 'ERT_MPI_CFLAGS': ['-I/usr/local/include'], 'ERT_MPI_LDFLAGS': ['-L/usr/local/lib', '-lmpi'], 'ERT_MEMORY_MAX': ['1073741824'], 'ERT_PROCS_THREADS': ['1-8'], 'ERT_LDFLAGS': [], 'ERT_LDLIBS': [], 'ERT_RUN': ['export', 'OMP_NUM_THREADS=ERT_OPENMP_THREADS;', 'mpirun', '-np', 'ERT_MPI_PROCS', 'ERT_CODE'], 'ERT_FLOPS': ['1,2,4,8,16'], 'ERT_OPENMP_CFLAGS': ['-fopenmp'], 'ERT_MPI': ['True'], 'ERT_TRIALS_MIN': ['1'], 'ERT_DRIVER': ['driver1'], 'ERT_RESULTS': ['Results.p100.01'], 'ERT_OPENMP': ['True'], 'ERT_MPI_PROCS': ['1,2,4,8'], 'ERT_KERNEL': ['kernel1'], 'ERT_GPU': [False], 'ERT_OPENMP_THREADS': ['1,2,4,8'], 'ERT_LD': ['gcc'], 'ERT_NUM_EXPERIMENTS': ['3'], 'ERT_OPENMP_LDFLAGS': ['-fopenmp'], 'ERT_ALIGN': ['32'], 'ERT_GNUPLOT': ['gnuplot']}
FLOPS          1
OPENMP_THREADS 4
TIMESTAMP_DATA  1560424181.8
MPI_PROCS      2
UNAME  ('Linux', 'kcadmin-UniServer-R5200-G3', '4.4.0-141-generic', '#167-Ubuntu SMP Wed Dec 5 10:40:15 UTC 2018', 'x86_64', 'x86_64')
