64 16777216 51520.942 51536.783 51556.976 41.6526300534 41.6689502719 41.6817621075 2.60328937834 2.60430939199 2.60511013172
128 8388608 25745.35 25816.445 26118.116 82.2219967168 83.1827793486 83.4124860606 5.1388747948 5.19892370929 5.21328037879
192 4194304 12862.47 13108.691 13137.358 122.597917785 122.866023465 125.217997476 7.66236986158 7.67912646656 7.82612484227
256 4194304 12888.448 13158.797 13161.594 163.162884982 163.197566464 166.620810202 10.1976803114 10.199847904 10.4138006376
320 2097152 6469.531 6532.001 6589.103 203.696509221 205.477200631 207.461295108 12.7310318263 12.8423250394 12.9663309442
384 2097152 7202.443 7447.375 7495.684 214.872016483 216.265830041 223.62033771 13.4295010302 13.5166143775 13.9762711069
448 2097152 7890.151 7984.042 8054.776 233.283730299 235.350489389 238.151106614 14.5802331437 14.7094055868 14.8844441634
512 2097152 9313.669 9434.889 9532.295 225.285059684 227.610907558 230.57332701 14.0803162302 14.2256817224 14.4108329381
576 1048576 5079.496 5079.575 5081.57 237.713846705 237.807208674 237.810907224 14.8571154191 14.8629505421 14.8631817015
640 1048576 5441.087 5441.32 5531.944 242.623077891 246.663912433 246.674475155 15.1639423682 15.4164945271 15.4171546972
704 1048576 5892.95 5899.756 5990.489 246.45650931 250.246791223 250.535811096 15.4035318319 15.6404244515 15.6584881935
768 1048576 6440.453 6529.195 6703.364 240.26932388 246.678608312 250.077554483 15.0168327425 15.4174130195 15.6298471552
832 1048576 6894.818 6912.457 6981.242 249.931239169 252.41827385 253.064035048 15.6207024481 15.7761421156 15.8165021905
896 1048576 4452.025 4499.756 4546.931 413.256368306 417.588907487 422.065956952 25.8285230192 26.099306718 26.3791223095
960 1048576 4771.897 5063.443 5213.288 386.17968545 397.608093939 421.900539764 24.1362303406 24.8505058712 26.3687837353
1024 1048576 5370.078 5665.07 5665.967 379.014499731 379.074512407 399.89803649 23.6884062332 23.6921570254 24.9936272806
1088 524288 3028.995 3037.161 3185.285 358.162829386 375.630626101 376.643305123 22.3851768366 23.4769141313 23.5402065702
1152 524288 3239.608 3240.027 3278.851 368.409406832 372.823915356 372.872135147 23.025587927 23.3014947098 23.3045084467
1216 524288 3306.178 3542.331 3689.891 345.557203722 359.951798971 385.662361797 21.5973252326 22.4969874357 24.1038976123
1280 524288 3664.033 3842.197 3846.273 348.955282165 349.325471859 366.311460623 21.8097051353 21.8328419912 22.8944662889
1408 524288 2578.065 2632.253 2633.361 560.650441774 560.886437588 572.675633857 35.0406526109 35.0554023492 35.7922271161
1536 524288 2895.268 3033.667 3182.619 506.065204789 530.912831237 556.291416201 31.6290752993 33.1820519523 34.7682135125
1664 524288 3643.316 3644.581 3671.594 475.224238846 478.746518187 478.912744324 29.7015149278 29.9216573867 29.9320465203
1792 524288 3917.723 4047.686 4140.584 453.812358836 464.227756797 479.6276286 28.3632724273 29.0142347998 29.9767267875
1920 524288 2891.122 2978.311 3036.773 662.962269488 675.975719124 696.361454134 41.435141843 42.2484824453 43.5225908834
2112 262144 1757.007 1824.418 1949.176 568.084285873 606.931227383 630.217327535 35.505267867 37.9332017114 39.3885829709
2304 262144 2196.207 2226.214 2228.649 542.014266042 542.607113242 550.020809514 33.8758916276 33.9129445777 34.3763005946
2496 262144 1663.679 1723.488 1838.854 711.651304563 759.287472846 786.58373881 44.4782065352 47.4554670529 49.1614836756
2688 262144 2128.08 2129.12 2136.089 659.750667692 661.910152551 662.233630315 41.2344167308 41.3693845345 41.3896018947
2944 262144 1690.405 1720.081 1723.346 895.643632793 897.343713465 913.097081469 55.9777270496 56.0839820915 57.0685675918
3200 262144 2228.157 2245.488 2304.296 728.084239178 747.152333925 752.963817182 45.5052649486 46.6970208703 47.0602385739
3520 262144 2023.341 2024.268 2026.448 910.703733824 911.684500274 912.102191376 56.918983364 56.9802812671 57.006386961
3840 262144 2543.958 2629.562 2632.852 764.671132293 765.627857415 791.391178628 47.7919457683 47.8517410884 49.4619486642
4224 131072 1265.114 1265.129 1269.091 872.511314003 875.243754589 875.254132039 54.5319571252 54.7027346618 54.7033832524
4608 131072 1213.092 1214.629 1439.908 838.914397309 994.509065731 995.769118913 52.4321498318 62.1568166082 62.235569932
5056 131072 1650.639 1826.979 1958.264 676.82399513 725.459933584 802.961800854 42.3014996956 45.341245849 50.1851125534
5504 131072 1356.045 1527.999 1591.126 906.80472571 944.268010647 1064.00641277 56.6752953569 59.0167506654 66.5004007979
6016 131072 1615.071 1652.996 1696.895 929.378838408 954.06056881 976.463761655 58.0861774005 59.6287855506 61.0289851034
6592 131072 2137.627 2243.285 2387.439 723.810429502 770.322650934 808.397932848 45.2381518439 48.1451656834 50.524870803
7232 131072 2256.042 2490.372 2560.393 740.44313041 761.261935165 840.332497356 46.2776956506 47.5788709478 52.5207810847
7936 131072 2674.046 2853.064 2853.35 729.099053393 729.172140548 777.987657654 45.5686908371 45.5732587842 48.6242286034
8704 65536 1429.397 1429.52 1521.139 749.997658334 798.065566064 798.134239823 46.8748536459 49.879097879 49.8833899889
9536 65536 1581.248 1681.285 1688.729 740.143973367 743.421009525 790.453231878 46.2589983354 46.4638130953 49.4033269924
10432 65536 1754.147 1754.334 1888.943 723.866788993 779.408655364 779.49174385 45.241674312 48.7130409603 48.7182339907
11456 65536 1704.125 1901.502 1904.604 788.384793899 789.670919094 881.133034255 49.2740496187 49.3544324434 55.0708146409
12544 65536 1986.783 2082.711 2086.355 788.057242416 789.43606098 827.552464461 49.253577651 49.3397538113 51.7220290288
13760 65536 2000.666 2147.267 2304.058 782.771405928 839.928485838 901.475168769 48.9232128705 52.4955303649 56.3421980481
15104 65536 2385.873 2395.969 2452.357 807.268879694 826.267571909 829.763984923 50.4543049809 51.6417232443 51.8602490577
16576 32768 1316.333 1324.077 1330.195 816.665779078 820.439246358 825.265898523 51.0416111923 51.2774528974 51.5791186577
18176 32768 1362.417 1362.925 1444.041 824.895093699 873.989644331 874.31552601 51.5559433562 54.6243527707 54.6447203756
19968 32768 1419.089 1434.951 1516.911 862.689273135 911.963438473 922.156995086 53.9180795709 56.9977149046 57.6348121929
21952 32768 1519.077 1521.506 1651.512 871.10857929 945.540978478 947.052895936 54.4442862056 59.0963111549 59.190805996
24128 32768 1835.98 1849.63 1849.725 854.858212978 854.902119883 861.258079064 53.4286383111 53.4313824927 53.8286299415
26496 32768 1774.685 1916.81 2002.451 867.158225595 905.901918291 978.450742526 54.1973890997 56.6188698932 61.1531714079
29120 32768 2022.777 2160.784 2324.266 821.079996868 883.201800828 943.459570679 51.3174998042 55.2001125517 58.9662231675
32000 32768 2130.794 2131.964 2441.087 859.105799998 983.671394076 984.211519274 53.6941124999 61.4794621298 61.5132199546
35200 16384 1259.838 1260.074 1307.12 882.423648938 915.369732254 915.541204504 55.1514780586 57.2106082659 57.2213252815
38720 16384 1530.121 1628.096 1637.829 774.66998081 779.301073155 829.200409641 48.4168738006 48.7063170722 51.8250256026
42560 16384 1714.556 1744.972 1753.062 795.525817113 799.214016042 813.391968533 49.7203635696 49.9508760026 50.8369980333
46784 16384 1730.209 1742.191 1744.092 878.977778695 879.936879481 886.030596304 54.9361111684 54.9960549676 55.376912269
51456 16384 1903.145 2059.632 2183.852 772.080804011 818.64634459 885.959928434 48.2550502507 51.1653965369 55.3724955271
56576 16384 2159.24 2206.179 2246.391 825.271454524 840.313668111 858.580967377 51.5794659078 52.519604257 53.6613104611
62208 16384 2135.125 2312.053 2446.949 833.050359448 881.654418822 954.713070195 52.0656474655 55.1034011764 59.6695668872
68416 8192 1333.94 1336.714 1358.639 825.037220336 838.569614742 840.313465373 51.564826271 52.4106009214 52.5195915858
75200 8192 1408.537 1447.523 1452.568 848.20593597 851.1621577 874.720933848 53.0128709981 53.1976348562 54.6700583655
82688 8192 1467.568 1471.737 1588.58 852.812066122 920.517858829 923.132823828 53.3007541326 57.5323661768 57.6958014893
90944 8192 1580.2 1580.357 1738.853 856.901932481 942.841709816 942.935385394 53.55637078 58.9276068635 58.9334615871
100032 8192 1700.932 1701.057 1895.333 864.715745465 963.474056425 963.544861288 54.0447340916 60.2171285266 60.2215538305
110016 8192 1858.334 1858.694 2068.95 871.215903719 969.768097385 969.955962706 54.4509939825 60.6105060865 60.6222476691
120960 8192 2008.906 2098.208 2333.776 849.185457388 944.52439415 986.511384803 53.0740910867 59.0327746344 61.6569615502
133056 4096 1211.576 1240.957 1244.955 875.529438413 878.350137837 899.65033312 54.7205899008 54.8968836148 56.22814582
146304 4096 1298.438 1360.557 1364.039 878.656965087 880.905664371 923.049362388 54.9160603179 55.0566040232 57.6905851492
160896 4096 1395.912 1396.444 1493.748 882.384466456 943.86887838 944.228598937 55.1490291535 58.9918048987 59.0142874336
176960 4096 1506.826 1507.179 1641.08 883.355058864 961.834208146 962.059534412 55.209691179 60.1146380092 60.1287209008
194624 4096 1620.625 1620.698 1792.228 889.596529013 983.748858825 983.793171153 55.5997830633 61.4843036766 61.4870731971
214080 4096 1792.33 1976.503 2111.473 830.578160365 887.296077972 978.471241345 51.9111350228 55.4560048733 61.1544525841
235456 4096 1922.542 1936.912 2157.371 894.076888954 995.840570971 1003.28396051 55.8798055596 62.2400356857 62.7052475317
258944 4096 2084.826 2115.292 2367.944 895.827455379 1002.82573186 1017.4802348 55.9892159612 62.6766082413 63.5925146751
284800 2048 1521.296 1662.59 1690.767 689.947698293 701.640693135 766.807248556 43.1217311433 43.852543321 47.9254530348
313280 2048 2363.988 2453.717 2489.767 515.387536263 522.959607811 542.809388203 32.2117210165 32.6849754882 33.9255867627
344576 2048 2480.802 2637.353 2698.396 523.045281716 535.151455266 568.922185648 32.6903301072 33.4469659541 35.557636603
379008 2048 2589.25 2715.641 2967.341 523.167633245 571.657582133 599.562331949 32.6979770778 35.7285988833 37.4726457468
416896 2048 2821.906 3055.833 3276.044 521.240256846 558.802138729 605.125052358 32.5775160529 34.9251336706 37.8203157724
458560 2048 3171.624 3593.171 3609.606 520.350908105 522.730969386 592.208206269 32.5219317565 32.6706855866 37.0130128918
504384 2048 3251.524 3488.917 3944.871 523.707077874 592.148470141 635.381090221 32.7316923671 37.0092793838 39.7113181388
554816 1024 1938.471 1961.132 2159.008 526.289466273 579.391477983 586.16464626 32.8930916421 36.2119673739 36.6352903912
610240 1024 2302.579 2364.264 2378.066 525.541141415 528.609123177 542.77031103 32.8463213384 33.0380701986 33.9231444393
671232 1024 2346.589 2601.545 2619.054 524.877736771 528.410285427 585.821861434 32.8048585482 33.0256428392 36.6138663396
738304 1024 2451.271 2486.812 2879.755 525.060844412 608.026096062 616.841871829 32.8163027758 38.0016310039 38.5526169893
812096 1024 2818.157 2997.387 3241.426 513.099052084 554.874164731 590.163219437 32.0686907552 34.6796352957 36.8852012148
893248 1024 2986.902 3051.803 3503.301 522.185191624 599.439709575 612.464655352 32.6365744765 37.4649818484 38.2790409595
982528 1024 3203.721 3489.266 3843.34 523.559545604 576.687860427 628.08757192 32.7224716002 36.0429912767 39.255473245
1080768 512 1941.932 2035.504 2105.198 525.701825672 543.701428246 569.899683408 32.8563641045 33.9813392654 35.618730213
1188800 512 2034.06 2046.976 2308.891 527.236322546 594.697348674 598.473594683 32.9522701591 37.1685842921 37.4045996677
1307648 512 2320.04 2472.86 2538.981 527.389355021 541.491047613 577.1588214 32.9618346888 33.8431904758 36.0724263375
1438400 512 2703.257 2804.586 2949.197 499.431404548 525.183253428 544.869244767 31.2144627843 32.8239533393 34.0543277979
1582208 512 2718.602 2842.374 3076.922 526.559006696 570.009784778 595.961082939 32.9099379185 35.6256115487 37.2475676837
1740416 512 2881.534 3374.114 3378.152 527.562402165 528.193767016 618.485148535 32.9726501353 33.0121104385 38.6553217835
1914432 512 3447.795 3487.809 3708.14 528.668919728 562.065860831 568.589016458 33.041807483 35.129116302 35.5368135286
2105856 256 1859.672 1966.142 2042.124 527.978845555 548.382706844 579.778730873 32.9986778472 34.2739191778 36.2361706796
2316416 256 1983.392 2058.598 2238.178 529.897529151 576.122677667 597.968022458 33.1185955719 36.0076673542 37.3730014037
2548032 256 2153.24 2324.159 2461.836 529.926601122 561.318044075 605.874117144 33.1204125701 35.0823777547 37.8671323215
2802816 256 2340.73 2348.24 2708.507 529.827610562 611.113766906 613.074464804 33.1142256601 38.1946104316 38.3171540502
3083072 256 2852.897 2971.974 3174.917 497.188702571 531.139526793 553.308746863 31.0742939107 33.1962204245 34.581796679
3391360 256 3084.431 3271.357 3273.403 530.44990794 530.781666446 562.948667031 33.1531192462 33.1738541529 35.1842916895
3730496 256 3135.94 3680.392 3720.957 513.312556958 518.970248821 609.072224596 32.0820348099 32.4356405513 38.0670140373
4103488 256 3586.583 3950.699 4054.051 518.243568223 531.801044828 585.790390464 32.390223014 33.2375653017 36.611899404
4513792 128 2030.36 2173.321 4532.596 254.93795432 531.688946088 569.126042672 15.933622145 33.2305591305 35.570377667
4965120 128 2098.819 2387.39 4769.599 266.494252452 532.410171778 605.612356282 16.6558907782 33.2756357361 37.8507722676
5461632 128 2284.103 2648.019 2790.647 501.022806539 528.008972745 612.134300423 31.3139254087 33.0005607966 38.2583937765
6007744 128 2893.076 3136.137 4666.938 329.548509965 490.406657617 531.608040715 20.5967818728 30.6504161011 33.2255025447
6608512 128 3214.586 3302.938 3331.776 507.770952189 512.204307801 526.282100401 31.7356845118 32.0127692376 32.8926312751
7269312 128 3510.181 3683.857 3808.99 488.566226743 505.16181057 530.156100782 30.5353891714 31.5726131606 33.1347562989
7996224 128 3750.759 3954.432 4517.126 453.171628155 517.655467081 545.765095545 28.3232267597 32.3534666926 34.1103184715
8795840 64 2474.105 2577.688 2588.389 434.968437897 436.774163514 455.060524917 27.1855273686 27.2983852196 28.4412828073
9675392 64 2642.422 3027.37 3050.328 406.005575794 409.084510978 468.679936816 25.3753484871 25.5677819361 29.292496051
10642880 64 3538.442 3827.648 3912.128 348.22189867 355.907502466 384.996741504 21.7638686669 22.2442189041 24.062296344
11707136 64 4249.658 4629.041 4649.118 322.322085178 323.720055191 352.619765638 20.1451303236 20.2325034494 22.0387353524
12877824 64 4958.959 5436.254 5616.904 293.464419545 303.216419248 332.400705874 18.3415262216 18.951026203 20.7750441171
14165568 64 5630.187 6204.263 6226.767 291.193279594 292.249491035 322.048398037 18.1995799746 18.2655931897 20.1280248773
15582080 64 6247.689 6812.433 6824.736 292.246651006 292.774437561 319.239040228 18.2654156879 18.2984023476 19.9524400142
17140288 32 3541.823 3757.117 3830.451 286.38362219 291.973455179 309.721415215 17.8989763869 18.2483409487 19.3575884509
18854272 32 3871.167 4133.391 4136.977 291.679989519 291.933041902 311.707918568 18.2299993449 18.2458151189 19.4817449105
20739648 32 4240.198 4546.72 4553.618 291.490738134 291.932969701 313.036672344 18.2181711334 18.2458106063 19.5647920215
22813568 32 4692.89 5008.846 5020.283 290.833873708 291.497952223 311.123497887 18.1771171067 18.2186220139 19.445218618
25094912 32 5256.775 5520.51 5546.367 289.572321485 290.928622174 305.524654945 18.0982700928 18.1830388859 19.0952909341
27604352 32 5647.661 6109.047 6161.716 286.71859073 289.190528081 312.815965406 17.9199119206 18.074408005 19.5509978379
30364736 32 6291.382 6924.159 6968.766 278.864737889 280.661247669 308.889700864 17.4290461181 17.5413279793 19.305606304
33401152 32 7371.196 7685.604 7823.501 273.237483832 278.139978068 290.003647712 17.0773427395 17.3837486293 18.125227982
36741248 16 4326.838 4421.32 4438.822 264.872062002 265.920570327 271.727283527 16.5545038751 16.6200356455 16.9829552204
40415360 16 5450.865 5485.245 5517.195 234.411058518 235.776436604 237.263538906 14.6506911574 14.7360272878 14.8289711816
44456896 16 7081.442 7276.009 7370.398 193.01816157 195.522115489 200.894206575 12.0636350981 12.2201322181 12.555887911
48902528 16 9468.04 9499.675 9503.868 164.657263337 164.72994034 165.280342711 10.2910789586 10.2956212713 10.3300214194
53792768 16 11849.881 12037.216 12042.106 142.945808316 143.003878638 145.264629746 8.93411301977 8.93774241486 9.07903935913
59172032 16 14623.881 14901.757 15167.676 124.838177187 127.065890552 129.480335897 7.80238607418 7.94161815952 8.09252099357
65089216 16 17843.778 17969.314 18430.864 113.00907608 115.91176558 116.727237472 7.06306725501 7.24448534875 7.29545234199
71598080 8 10559.013 10925.892 11057.262 103.603340501 104.849039328 108.492079705 6.47520878134 6.55306495799 6.78075498155
78757888 8 12494.646 12617.442 12628.538 99.7840136364 99.8717654498 100.853294123 6.23650085228 6.24198534061 6.30333088268
86633664 8 14505.827 14565.266 14792.285 93.7068630032 95.1674088204 95.5573662915 5.8566789377 5.94796305128 5.97233539322
95297024 8 16892.128 16925.815 17050.243 89.427017785 90.0844292579 90.2640794576 5.58918861156 5.63027682862 5.6415049661
104826688 8 19449.939 19488.687 19521.367 85.9174978883 86.061570387 86.233021502 5.36984361802 5.37884814919 5.38956384388
115309312 8 22315.447 22389.271 22958.995 80.358438686 82.4032632416 82.6758698582 5.02240241788 5.1502039526 5.16724186614
126840192 8 25207.725 25273.901 25500.062 79.5858093208 80.2979750534 80.5087754647 4.97411308255 5.01862344084 5.03179846654
139524160 4 14223.667 14272.88 14723.95 75.8080053247 78.203787883 78.4743681077 4.73800033279 4.88773674269 4.90464800673
153476544 4 16106.101 16194.724 16512.773 74.3553097956 75.8155774683 76.2327488198 4.64720686223 4.73847359177 4.76454680124
168824192 4 17927.11 18228.041 18522.957 72.9145749245 74.0942779315 75.3380514762 4.55716093278 4.63089237072 4.70862821726
185706560 4 20192.387 20409.18 20782.531 71.4856376252 72.7933449556 73.574881464 4.46785235157 4.54958405972 4.5984300915
204277184 4 22743.405 22892.25 22919.044 71.303910931 71.3873678647 71.8545649607 4.45649443319 4.46171049154 4.49091031004
224704896 4 25273.869 25456.281 25674.827 70.0156292387 70.6167239433 71.1263941425 4.37597682742 4.41354524646 4.44539963391
247175360 4 28456.844 28643.277 28689.091 68.9252538535 69.0354975794 69.4877787572 4.30782836584 4.31471859871 4.34298617232
271892864 2 15957.5 15966.348 15992.221 68.0062798032 68.1164819907 68.1542507285 4.2503924877 4.25728012442 4.25964067053
299082112 2 17700.024 17738.118 17749.25 67.4016337592 67.4439333417 67.5890862069 4.21260210995 4.21524583386 4.22431788793
328990272 2 19772.95 19805.745 20029.244 65.7019849576 66.4434025582 66.5536041916 4.10637405985 4.15271265989 4.15960026197
361889280 2 21708.387 21741.273 22647.432 63.9170533772 66.5810654234 66.6819289706 3.99481583607 4.16131658896 4.16762056066
398078208 2 24110.521 24251.783 24877.364 64.0064932925 65.6575573021 66.0422407297 4.00040583078 4.10359733138 4.1276400456
437886016 2 26845.694 26970.344 28668.84 61.0957424158 64.9433342044 65.2448792719 3.81848390099 4.05895838778 4.07780495449
481674560 2 29490.274 29566.501 30916.811 62.3187896061 65.1649053772 65.3333448173 3.89492435038 4.07280658608 4.08333405108
529841984 2 33761.861 36079.957 47533.268 44.5870445095 58.7408664595 62.7740258749 2.78669028185 3.67130415372 3.92337661718
582826176 1 27002.357 32461.179 34510.963 33.7762916671 35.9091193823 43.1685408796 2.11101822919 2.24431996139 2.69803380497
641108736 1 26512.536 31385.894 36974.743 34.6781983583 40.853304099 48.3626866928 2.16738739739 2.55333150619 3.0226679183
705219584 1 24120.132 24469.901 45384.302 31.0776877873 57.6397578396 58.4755990556 1.94235548671 3.60248486498 3.65472494097
775741504 1 26461.238 26810.701 26973.175 57.5194802985 57.8680508205 58.6322910515 3.59496751866 3.61675317628 3.66451819072
853315648 1 29057.29 29878.505 30158.61 56.588526328 57.1190324282 58.7333263357 3.5367828955 3.56993952676 3.67083289598
938647168 1 31841.054 32668.051 33005.985 56.8773916609 57.4657587011 58.9582975488 3.55483697881 3.59160991882 3.6848935968
1032511872 1 34759.892 36046.276 36329.63 56.8413095316 57.2881299583 59.4082324537 3.55258184573 3.58050812239 3.71301452835

META_DATA
ERT_VERSION  1.1.0
OPENMP_THREADS 2
HOSTNAME  ('kcadmin-UniServer-R5200-G3', [], ['127.0.1.1'])
CONFIG  {'ERT_WORKING_SET_MIN': ['1'], 'ERT_CFLAGS': ['-O3', '-march=native', '-fstrict-aliasing', '-ftree-vectorize'], 'ERT_CC': ['gcc'], 'ERT_MPI_CFLAGS': ['-I/usr/local/include'], 'ERT_MPI_LDFLAGS': ['-L/usr/local/lib', '-lmpi'], 'ERT_MEMORY_MAX': ['1073741824'], 'ERT_PROCS_THREADS': ['1-8'], 'ERT_LDFLAGS': [], 'ERT_LDLIBS': [], 'ERT_RUN': ['export', 'OMP_NUM_THREADS=ERT_OPENMP_THREADS;', 'mpirun', '-np', 'ERT_MPI_PROCS', 'ERT_CODE'], 'ERT_FLOPS': ['1,2,4,8,16'], 'ERT_OPENMP_CFLAGS': ['-fopenmp'], 'ERT_MPI': ['True'], 'ERT_TRIALS_MIN': ['1'], 'ERT_DRIVER': ['driver1'], 'ERT_RESULTS': ['Results.p100.01'], 'ERT_OPENMP': ['True'], 'ERT_MPI_PROCS': ['1,2,4,8'], 'ERT_KERNEL': ['kernel1'], 'ERT_GPU': [False], 'ERT_OPENMP_THREADS': ['1,2,4,8'], 'ERT_LD': ['gcc'], 'ERT_NUM_EXPERIMENTS': ['3'], 'ERT_OPENMP_LDFLAGS': ['-fopenmp'], 'ERT_ALIGN': ['32'], 'ERT_GNUPLOT': ['gnuplot']}
FLOPS          1
TIMESTAMP_DATA  1560424198.1
TIMESTAMP_DATA  1560424200.98
MPI_PROCS      4
TIMESTAMP_DATA  1560424204.03
UNAME  ('Linux', 'kcadmin-UniServer-R5200-G3', '4.4.0-141-generic', '#167-Ubuntu SMP Wed Dec 5 10:40:15 UTC 2018', 'x86_64', 'x86_64')
