1024 1048576 591099.024 591258.049 591431.856 3.63099083388 3.63205820476 3.63303534739 1.81549541694 1.81602910238 1.8165176737
1120 524288 295591.116 295629.978 295753.956 3.97088558301 3.97255084868 3.97307312849 1.98544279151 1.98627542434 1.98653656425
1232 524288 295660.019 295737.982 295821.905 4.36697083673 4.3682100732 4.36936193256 2.18348541836 2.1841050366 2.18468096628
1352 524288 295476.913 295640.945 295917.034 4.79078454132 4.79525849168 4.79792054684 2.39539227066 2.39762924584 2.39896027342
1480 524288 295441.866 295598.984 295727.015 5.24771969176 5.24999260485 5.25278458673 2.62385984588 2.62499630242 2.62639229337
1624 524288 295601.13 295667.887 295732.021 5.75821116104 5.75946018784 5.76076087395 2.87910558052 2.87973009392 2.88038043698
1784 524288 295647.86 295675.993 295790.911 6.32426323607 6.32672123638 6.32732326897 3.16213161803 3.16336061819 3.16366163449
1960 524288 295728.922 295785.904 295959.949 6.94421311716 6.94829919955 6.94963802019 3.47210655858 3.47414959977 3.47481901009
2152 262144 147912.025 148037.91 148215.771 7.61233280634 7.62147868745 7.62796517727 3.80616640317 3.81073934373 3.81398258864
2360 262144 147936.106 148029.089 148041.964 8.3578983051 8.35862524291 8.36387893027 4.17894915255 4.17931262145 4.18193946514
2592 262144 147958.04 148045.063 148163.795 9.17197413849 9.17933005304 9.18472896775 4.58598706924 4.58966502652 4.59236448388
2848 262144 147948.98 148053.885 148126.841 10.0803623025 10.0853295677 10.0924806917 5.04018115123 5.04266478384 5.04624034583
3128 262144 148308.992 148339.987 148416.996 11.0497645701 11.0555009284 11.0578114104 5.52488228505 5.52775046421 5.52890570519
3440 262144 148285.151 148319.006 148406.029 12.15281301 12.1599434128 12.1627196509 6.07640650502 6.07997170639 6.08135982544
3784 262144 148285.866 148342.133 148377.895 13.3706290415 13.3738524038 13.3789271056 6.68531452074 6.68692620188 6.68946355278
4160 131072 74172.02 74244.976 74267.864 14.6835923543 14.6881189644 14.7025662777 7.34179617715 7.34405948222 7.35128313884
4576 131072 74105.024 74215.889 74233.055 16.1595254836 16.1632631524 16.1874442413 8.07976274181 8.08163157622 8.09372212065
5032 131072 74167.967 74196.815 74239.016 17.7684010251 17.7785071772 17.785422216 8.88420051257 8.88925358858 8.89271110802
5528 131072 74043.989 74111.938 74141.026 19.5456161073 19.5532875149 19.5712312582 9.77280805367 9.77664375745 9.78561562911
6080 131072 74077.845 74147.94 74176.788 21.4869848503 21.4953445773 21.5156842103 10.7434924252 10.7476722887 10.7578421052
6688 131072 74084.044 74115.992 74133.158 23.6495937756 23.6550712564 23.6652722683 11.8247968878 11.8275356282 11.8326361342
7352 131072 74135.065 74167.013 74183.941 25.979782983 25.985712651 25.9969110164 12.9898914915 12.9928563255 12.9984555082
8080 131072 74111.938 74203.968 74226.141 28.5360856898 28.5446126008 28.5800584516 14.2680428449 14.2723063004 14.2900292258
8888 65536 37101.03 37111.998 37149.906 31.3585702209 31.3906013899 31.3998812432 15.6792851104 15.6953006949 15.6999406216
9776 65536 37083.864 37125.826 37136.078 34.5044479926 34.51397612 34.5530301805 17.2522239963 17.25698806 17.2765150902
10752 65536 37148.952 37160.873 37178.993 37.9054414949 37.9239245537 37.9360942403 18.9527207474 18.9619622768 18.9680471201
11824 65536 37122.965 37158.012 37167.072 41.6980742524 41.7082412267 41.7476170882 20.8490371262 20.8541206133 20.8738085441
13000 65536 37130.833 37142.992 37162.066 45.8514873742 45.8750334383 45.8900558466 22.9257436871 22.9375167192 22.9450279233
14296 65536 37029.028 37132.978 37181.854 50.3956933401 50.4620262883 50.6036861675 25.19784667 25.2310131442 25.3018430838
15720 65536 37193.06 37210.941 37235.975 55.3349775318 55.3722046427 55.3988254798 27.6674887659 27.6861023214 27.6994127399
17288 32768 18671.036 18687.01 18725.872 60.5037975268 60.6296228236 60.6814944816 30.2518987634 30.3148114118 30.3407472408
19016 32768 18628.12 18707.991 18711.09 66.6039539118 66.6149869326 66.9006091865 33.3019769559 33.3074934663 33.4503045933
20912 32768 18681.049 18701.077 18712.997 73.2372709727 73.2839521489 73.3625200598 36.6186354863 36.6419760744 36.6812600299
23000 32768 18666.029 18687.01 18702.03 80.5970260982 80.6618073196 80.7524728479 40.2985130491 40.3309036598 40.3762364239
25296 32768 18679.142 18704.891 18709.898 88.6054352621 88.6291535193 88.7513278715 44.3027176311 44.3145767596 44.3756639357
27824 32768 18679.857 18687.963 18705.13 97.4852173708 97.5747685288 97.6171104522 48.7426086854 48.7873842644 48.8085552261
30600 32768 18707.037 18719.912 18722.057 107.114383852 107.126657433 107.200386678 53.5571919261 53.5633287165 53.600193339
33656 16384 9356.976 9358.168 9372.95 117.661974939 117.847831755 117.862844577 58.8309874693 58.9239158776 58.9314222886
37016 16384 9348.869 9369.85 9383.917 129.257354685 129.451409361 129.741927927 64.6286773423 64.7257046804 64.8709639637
40712 16384 9340.048 9361.029 9374.142 142.311778081 142.511129492 142.831259111 71.1558890403 71.2555647461 71.4156295557
44776 16384 9341.002 9351.015 9357.929 156.788961318 156.904888721 157.073081453 78.3944806591 78.4524443603 78.5365407266
49248 16384 9275.913 9292.841 9296.894 173.5803876 173.65609333 173.973005568 86.7901938002 86.8280466652 86.9865027841
54168 16384 9271.145 9277.105 9284.019 191.186276547 191.328763014 191.451759626 95.5931382734 95.6643815069 95.7258798131
59584 16384 9269.953 9279.966 9306.908 209.784872914 210.393929461 210.621187831 104.892436457 105.19696473 105.310593916
65536 16384 9274.006 9303.808 9315.968 230.51642599 230.81770905 231.559441303 115.258212995 115.408854525 115.779720651
72088 8192 4653.931 4661.798 4667.044 253.07020718 253.354991357 253.783262365 126.53510359 126.677495679 126.891631182
79296 8192 4599.094 4617.929 4621.983 281.088369213 281.335131831 282.487303804 140.544184606 140.667565915 141.243651902
87224 8192 4595.041 4621.983 4631.996 308.523154165 309.191534456 311.004410189 154.261577083 154.595767228 155.502205095
95944 8192 4621.983 4637.003 4645.109 338.408957895 339.000534613 340.102180384 169.204478948 169.500267306 170.051090192
105536 8192 4633.904 4642.963 4652.977 371.611943064 372.413440297 373.141485883 185.805971532 186.206720148 186.570742942
116088 8192 4621.029 4636.049 4645.109 409.459883934 410.260071022 411.593563252 204.729941967 205.130035511 205.796781626
127696 8192 4590.988 4605.055 4611.969 453.639489771 454.320581187 455.712640504 226.819744886 227.160290594 227.856320252
140464 4096 2299.07 2310.991 2335.072 492.781844842 497.916732692 500.498500698 246.390922421 248.958366346 250.249250349
154504 4096 2279.997 2295.971 2319.098 545.771143781 551.268621424 555.130891839 272.88557189 275.634310712 277.565445919
169952 4096 2311.945 2317.905 2323.151 599.292419649 600.648768608 602.197190677 299.646209825 300.324384304 301.098595339
186944 4096 2301.931 2305.031 2311.945 662.405571067 664.39247368 665.287208001 331.202785533 332.19623684 332.643604
205632 4096 2295.017 2303.839 2310.991 728.924233803 731.187094237 733.99776298 364.462116901 365.593547119 366.99888149
226192 4096 2312.899 2323.866 2326.012 796.627387993 797.363042447 801.143873554 398.313693996 398.681521224 400.571936777
248808 4096 2312.899 2316.952 2319.813 878.620447424 879.705378445 881.246926909 439.310223712 439.852689223 440.623463454
273688 2048 1194.954 1220.942 1223.803 916.018385312 918.164866144 938.133223538 458.009192656 459.082433072 469.066611769
301056 2048 1229.048 1230.955 1234.055 999.246691598 1001.76316437 1003.31750753 499.623345799 500.881582186 501.658753767
331160 2048 1239.061 1263.142 1267.91 1069.81675356 1073.85500601 1094.72524759 534.908376778 536.927503004 547.362623793
364272 2048 1279.831 1296.997 1297.951 1149.54887511 1150.39442034 1165.82432524 574.774437556 575.197210171 582.912162621
400696 2048 1321.077 1323.938 1338.959 1225.76629755 1239.67347111 1242.35817897 612.883148775 619.836735557 621.179089485
440760 2048 1386.881 1389.98 1394.987 1294.17188834 1298.83376739 1301.73602494 647.08594417 649.416883696 650.868012468
484832 2048 1431.942 1432.18 1432.896 1385.91486891 1386.60773925 1386.83820434 692.957434454 693.303869625 693.41910217
533312 1024 772.953 782.967 787.973 1386.11726036 1394.97957896 1413.05225027 693.058630181 697.48978948 706.526125133
586640 1024 808.954 808.954 813.961 1476.03966283 1485.17557241 1485.17557241 738.019831417 742.587786203 742.587786203
645304 1024 848.055 850.916 856.876 1542.32653499 1553.12932416 1558.36896428 771.163267497 776.564662082 779.184482139
709832 1024 904.083 908.136 909.09 1599.11112871 1600.79100047 1607.96733928 799.555564356 800.395500233 803.983669641
780808 1024 962.019 967.026 970.125 1648.3389089 1653.6212925 1662.22786036 824.169454452 826.810646249 831.113930182
858888 1024 1025.915 1027.107 1028.061 1710.99051905 1712.57972538 1714.56955401 855.495259523 856.289862692 857.284777004
944776 1024 1343.966 1344.919 1344.919 1438.67492987 1438.67492987 1439.69508752 719.337464933 719.337464933 719.847543762
1039248 1024 1376.867 1379.013 1379.967 1542.34116033 1543.40815061 1545.81372348 771.170580166 771.704075306 772.906861738
1143168 512 713.11 713.825 715.017 1637.16951065 1639.90338248 1641.5476322 818.584755327 819.951691241 820.773816101
1257480 512 755.072 756.979 758.171 1698.37611832 1701.05051791 1705.34666893 849.188059158 850.525258957 852.673334463
1383224 512 833.035 833.988 834.942 1696.43086107 1698.37141062 1700.31436374 848.215430533 849.18570531 850.157181871
1521544 512 916.958 916.958 918.865 1695.6365255 1699.1629453 1699.1629453 847.818262748 849.581472652 849.581472652
1673696 512 1000.881 1002.073 1003.027 1708.69249183 1710.31921227 1712.35611826 854.346245914 855.159606136 856.17805913
1841064 512 1213.074 1214.981 1216.173 1550.1491449 1551.66997344 1554.10925962 775.07457245 775.83498672 777.054629808
2025168 512 1240.969 1240.969 1242.876 1668.52689407 1671.0909233 1671.0909233 834.263447037 835.545461651 835.545461651
2227680 256 670.91 671.864 673.056 1694.61703038 1697.62356667 1700.0375013 847.30851519 848.811783337 850.018750652
2450448 256 735.998 736.952 741.959 1690.96860608 1702.45738664 1704.6641105 845.484303041 851.228693321 852.33205525
2695488 256 808.001 809.908 811.1 1701.50395266 1704.00817871 1708.0298861 850.751976328 852.004089353 854.014943051
2965032 256 898.123 899.076 900.984 1684.93156815 1688.50729416 1690.29897241 842.465784076 844.253647078 845.149486206
3261528 256 974.894 977.039 977.039 1709.14603818 1709.14603818 1712.9065683 854.573019091 854.573019091 856.453284152
3587680 256 1373.053 1375.914 1377.106 1333.87855401 1335.03413731 1337.81591825 666.939277006 667.517068654 668.907959125
3946448 256 1611.948 1612.902 1618.147 1248.70075216 1252.76140522 1253.50282763 624.350376078 626.380702609 626.751413817
4341088 128 1268.864 1272.202 1275.063 871.57930863 873.539365604 875.837385252 435.789654315 436.769682802 437.918692626
4775192 128 1843.929 1845.837 1857.996 657.939603745 662.273620043 662.958905685 328.969801873 331.136810022 331.479452842
5252704 128 2192.974 2196.074 2202.988 610.394711183 612.31644471 613.182018574 305.197355592 306.158222355 306.591009287
5777968 128 2573.013 2573.967 2576.113 574.182812633 574.661527518 574.874595659 287.091406316 287.330763759 287.437297829
6355760 128 2957.106 2965.927 2970.934 547.664323745 548.58887626 550.225308122 273.832161872 274.29443813 275.112654061
6991336 128 3236.055 3237.963 3241.062 552.220851067 552.749372368 553.075277151 276.110425533 276.374686184 276.537638575
7690464 128 3612.995 3621.101 3623.009 543.404331593 543.69065762 544.910464587 271.702165796 271.84532881 272.455232293
8459504 64 2026.081 2027.988 2028.942 533.68529608 533.936350708 534.438905453 266.84264804 266.968175354 267.219452727
9305448 64 2245.903 2246.857 2252.817 528.714646596 530.117112037 530.34229172 264.357323298 265.058556018 265.17114586
10235992 64 2475.977 2478.123 2485.991 527.036089833 528.7094208 529.167668359 263.518044916 264.3547104 264.583834179
11259584 64 2716.064 2720.118 2723.932 529.097918744 529.839790774 530.630630206 264.548959372 264.919895387 265.315315103
12385536 64 3009.081 3010.035 3011.942 526.354295003 526.687765425 526.854746682 263.177147502 263.343882712 263.427373341
13624088 64 3323.078 3325.939 3334.045 523.053307319 524.328096216 524.779515858 261.526653659 262.164048108 262.389757929
14986496 64 3653.049 3656.864 3658.056 524.396424768 524.567358261 525.115181318 262.198212384 262.283679131 262.557590659
16485144 64 4029.989 4034.042 4039.049 522.424568754 523.072995274 523.599054985 261.212284377 261.536497637 261.799527493
18133656 32 2222.776 2229.929 2236.128 519.00158846 520.444365717 522.1191807 259.50079423 260.222182859 261.05959035
19947016 32 2443.075 2448.082 2450.943 520.8644281 521.473146733 522.541888399 260.43221405 260.736573366 261.270944199
21941712 32 2686.024 2690.077 2693.176 521.417674894 522.018354121 522.806038963 260.708837447 261.009177061 261.403019482
24135880 32 2969.98 2977.848 2985.954 517.320869645 518.729068777 520.103273423 258.660434823 259.364534389 260.051636711
26549464 32 3266.811 3278.971 3287.077 516.922997545 518.200891682 520.129782837 258.461498772 259.100445841 260.064891419
29204408 32 3606.081 3618.002 3624.201 515.722530842 516.606157763 518.313956897 257.861265421 258.303078882 259.156978448
32124848 32 3954.887 3968.0 3982.067 516.312325232 518.142709677 519.860686791 258.156162616 259.071354839 259.930343395
35337328 16 2171.04 2177.0 2186.06 517.275141579 519.42788057 520.85382858 258.637570789 259.713940285 260.42691429
38871056 16 2401.114 2403.021 2413.988 515.277537419 517.629180935 518.040289632 257.63876871 258.814590468 259.020144816
42758160 16 2635.002 2640.963 2647.877 516.738927073 518.091741535 519.263788035 258.369463536 259.045870768 259.631894018
47033976 16 2901.077 2907.038 2913.952 516.510646709 517.73909801 518.802924569 258.255323355 258.869549005 259.401462285
51737368 16 3190.041 3193.855 3206.015 516.403003729 518.369110683 518.988870676 258.201501864 259.184555341 259.494435338
56911104 16 3513.098 3522.158 3535.032 515.173647084 517.056681728 518.390129737 257.586823542 258.528340864 259.195064869
62602208 16 3873.11 3881.931 3885.984 515.511812709 516.050042105 517.225345007 257.755906355 258.025021053 258.612672503
68862424 8 2114.058 2119.064 2128.124 517.732417848 519.945968597 521.177178677 258.866208924 259.972984299 260.588589339
75748664 8 2330.065 2336.979 2340.078 517.922318829 518.609120578 520.147989005 258.961159414 259.304560289 260.073994502
83323528 8 2563.0 2573.967 2574.921 517.754310909 517.946208324 520.162484588 258.877155454 258.973104162 260.081242294
91655880 8 2827.168 2829.075 2841.949 516.017029159 518.365218313 518.714869438 258.008514579 259.182609157 259.357434719
100821464 8 3103.018 3109.932 3118.992 517.200244181 518.70697623 519.862734925 258.600122091 259.353488115 259.931367462
110903608 8 3423.929 3437.042 3452.063 514.028199369 516.274671069 518.25190534 257.014099685 258.137335534 259.12595267
121993968 8 3766.06 3771.067 3777.981 516.652542191 517.599790192 518.287942306 258.326271096 258.799895096 259.143971153
134193360 8 4148.96 4157.066 4165.888 515.398820132 516.492583952 517.501677529 257.699410066 258.246291976 258.750838764
147612696 4 2278.09 2286.911 2289.057 515.889979149 516.374081895 518.373535725 257.944989574 258.187040947 259.186767863
162373960 4 2498.865 2506.971 2516.985 516.090354134 518.151857361 519.832676035 258.045177067 259.07592868 259.916338017
178611352 4 2758.026 2768.04 2778.053 514.349731989 516.21032066 518.084606889 257.174865994 258.10516033 259.042303445
196472480 4 3036.022 3040.791 3067.97 512.319168701 516.898346516 517.710293272 256.159584351 258.449173258 258.855146636
216119728 4 3334.999 3346.205 3361.94 514.273849028 516.692140499 518.428288584 257.136924514 258.34607025 259.214144292
237731696 4 3670.931 3684.044 3695.011 514.70849965 516.24073111 518.0848041 257.354249825 258.120365555 259.04240205
261504864 4 4049.063 4053.831 4060.03 515.276712734 516.064658838 516.672354073 257.638356367 258.032329419 258.336177037
287655344 2 2222.061 2226.114 2228.022 516.431783887 516.874417033 517.817186837 258.215891944 258.437208517 258.908593418
316420872 2 2439.022 2445.936 2449.036 516.808853769 517.463861687 518.930738632 258.404426885 258.731930844 259.465369316
348062952 2 2683.878 2697.945 2711.058 513.545563393 516.04158276 518.746309631 256.772781696 258.02079138 259.373154816
382869240 2 2950.907 2964.02 2982.855 513.426552749 516.689145147 518.985166256 256.713276374 258.344572574 259.492583128
421156160 2 3257.036 3265.858 3273.01 514.701953248 515.829114432 517.22628795 257.350976624 257.914557216 258.613143975
463271776 2 3582.954 3590.107 3598.928 514.899743479 516.16486751 517.195337702 257.44987174 258.082433755 258.597668851
509598952 2 3954.887 3958.941 3973.007 513.06121736 514.884108654 515.411896219 256.53060868 257.442054327 257.705948109
560558840 1 2158.88 2166.033 2171.04 516.39660255 517.590304488 519.305232343 258.198301275 258.795152244 259.652616171
616614720 1 2375.126 2389.908 2403.975 512.995950457 516.015444946 519.226954696 256.497975229 258.007722473 259.613477348
678276192 1 2613.068 2617.836 2623.081 517.159929106 518.196091734 519.141631217 258.579964553 259.098045867 259.570815608
746103808 1 2882.004 2887.011 2900.124 514.532349651 516.869390522 517.767364653 257.266174826 258.434695261 258.883682327
820714184 1 3178.12 3180.027 3195.047 513.741540578 516.168060208 516.477781833 256.870770289 258.084030104 258.238890917
902785600 1 3489.971 3499.031 3515.959 513.535908695 516.020349634 517.359943679 256.767954348 258.010174817 258.679971839
993064160 1 3838.062 3854.99 3864.05 514.001713228 515.209720388 517.482083406 257.000856614 257.604860194 258.741041703

META_DATA
ERT_VERSION  1.1.0
TIMESTAMP_DATA  1560475707.36
FLOPS          8
GPU_BLOCKS     1792
TIMESTAMP_DATA  1560475667.25
HOSTNAME  ce1
UNAME  ('Linux', 'ce1', '3.10.0-514.el7.x86_64', '#1 SMP Tue Nov 22 16:42:41 UTC 2016', 'x86_64', 'x86_64')
TIMESTAMP_DATA  1560475627.19
TIMESTAMP_DATA  1560475647.2
TIMESTAMP_DATA  1560475687.31
CONFIG  {'ERT_WORKING_SET_MIN': ['128'], 'ERT_CFLAGS': ['-O3'], 'ERT_CC': ['nvcc'], 'ERT_BLOCKS_THREADS': ['114688'], 'ERT_GPU_THREADS': ['64,128,256,512,1024'], 'ERT_GPU_LDFLAGS': [], 'ERT_MEMORY_MAX': ['1073741824'], 'ERT_LDFLAGS': [], 'ERT_LDLIBS': [], 'ERT_RUN': ['./ERT_CODE'], 'ERT_FLOPS': ['1,2,4,8,16,32,64,128,256,512,1024'], 'ERT_MPI': [False], 'ERT_TRIALS_MIN': ['1'], 'ERT_DRIVER': ['driver1'], 'ERT_RESULTS': ['Results.summitdev.ornl.gov.01'], 'ERT_GPU': ['True'], 'ERT_GPU_CFLAGS': ['-x', 'cu'], 'ERT_KERNEL': ['kernel1'], 'ERT_OPENMP': [False], 'ERT_LD': ['nvcc'], 'ERT_NUM_EXPERIMENTS': ['5'], 'ERT_ALIGN': ['32'], 'ERT_GNUPLOT': ['gnuplot'], 'ERT_GPU_BLOCKS': ['56,112,448,896,1792']}
GPU_THREADS    64
