64 16777216 128080.572 140286.331 141469.798 15.1798028863 15.307860949 16.7666619103 7.58990144313 7.65393047452 8.38333095514
128 8388608 63664.942 66815.415 68150.966 31.5106853805 32.1405419393 33.7310233943 15.7553426902 16.0702709697 16.8655116972
192 4194304 31927.184 32858.163 34001.011 47.3695542759 49.0171266117 50.4464388717 23.684777138 24.5085633059 25.2232194358
256 4194304 31895.557 32083.236 32185.525 66.7220325907 66.9347583267 67.3286140762 33.3610162954 33.4673791634 33.6643070381
320 2097152 15808.818 16022.445 16088.454 83.4248760011 83.7685684051 84.9005460117 41.7124380006 41.8842842026 42.4502730059
384 2097152 16258.771 16354.605 16459.691 97.851942421 98.4806869992 99.0611612649 48.9259712105 49.2403434996 49.5305806324
448 2097152 16891.77 17043.786 17995.745 104.416249063 110.248285915 111.240455678 52.2081245317 55.1241429574 55.6202278388
512 2097152 17645.367 17818.096 19066.718 112.629958024 120.522621946 121.702407663 56.3149790121 60.2613109728 60.8512038316
576 1048576 9658.552 9687.48 10275.05 117.562401351 124.692856347 125.066319672 58.7812006754 62.3464281733 62.533159836
640 1048576 10583.596 10668.71 10669.55 125.795116008 125.805020476 126.81675302 62.8975580039 62.9025102379 63.4083765102
704 1048576 11489.728 11540.632 11731.346 125.850435918 127.930169509 128.496950319 62.9252179588 63.9650847545 64.2484751597
768 1048576 12405.614 12462.085 12701.253 126.807389476 129.241032781 129.829344682 63.4036947378 64.6205163903 64.9146723411
832 1048576 13251.14 13843.492 14230.231 122.614345754 126.039763956 131.673989106 61.3071728772 63.0198819778 65.8369945529
896 1048576 11064.311 13193.602 13857.529 135.597637357 142.421166866 169.829661513 67.7988186783 71.2105834328 84.9148307563
960 1048576 14707.265 15186.23 15286.864 131.69907968 132.571804852 136.889212236 65.8495398402 66.2859024261 68.4446061181
1024 1048576 14524.793 15347.532 15897.537 135.082789743 139.923712034 147.849518269 67.5413948714 69.961856017 73.9247591343
1088 524288 8050.124 8500.198 8843.756 129.000696989 134.214601589 141.718399369 64.5003484945 67.1073007946 70.8591996844
1152 524288 8554.097 9109.781 9705.644 124.459495114 132.600284463 141.214151768 62.2297475572 66.3001422317 70.6070758842
1216 524288 9942.028 10669.057 10931.85 116.637935574 119.510882358 128.250334439 58.3189677868 59.7554411791 64.1251672194
1280 524288 10160.593 10806.186 11541.824 116.288143018 124.204532478 132.096353038 58.144071509 62.102266239 66.0481765188
1408 524288 6947.162 7431.152 7830.329 188.548272748 198.676464699 212.517717019 94.2741363741 99.3382323494 106.258858509
1536 524288 8045.846 8499.489 8930.747 180.344682925 189.495243302 200.179413824 90.1723414626 94.7476216511 100.089706912
1664 524288 10099.113 10525.477 11013.999 158.419341059 165.77210363 172.770664513 79.2096705293 82.886051815 86.3853322564
1792 524288 10932.565 11881.217 12259.412 153.27392472 158.152838383 171.876242401 76.63696236 79.0764191917 85.9381212003
1920 524288 7593.673 7688.389 8208.377 245.269670241 261.857967905 265.124126362 122.63483512 130.928983952 132.562063181
2112 262144 4987.645 5212.094 5262.302 210.420507223 212.447483871 222.007832554 105.210253611 106.223741936 111.003916277
2304 262144 5882.328 5933.041 6172.868 195.688544126 203.59871978 205.353994541 97.8442720628 101.79935989 102.67699727
2496 262144 4435.013 4555.909 4661.959 280.702350235 287.236388611 295.066293605 140.351175118 143.618194305 147.533146803
2688 262144 5533.638 5872.409 5967.209 236.171741932 239.984330792 254.676244453 118.085870966 119.992165396 127.338122226
2944 262144 4370.41 4554.016 4554.903 338.866463677 338.932465762 353.171412293 169.433231838 169.466232881 176.585706147
3200 262144 6207.073 6366.577 6378.897 263.011238463 263.520193033 270.291907313 131.505619232 131.760096517 135.145953656
3520 262144 5346.905 5426.926 5653.817 326.415545462 340.062451561 345.151776589 163.207772731 170.03122578 172.575888294
3840 262144 7429.405 7490.027 7491.426 268.742682635 268.792878851 270.98615838 134.371341317 134.396439425 135.49307919
4224 131072 3447.148 3542.709 3546.21 312.247795816 312.556367458 321.220979198 156.123897908 156.278183729 160.610489599
4608 131072 3425.03 3447.065 3450.32 350.100730367 350.431324039 352.685831073 175.050365184 175.21566202 176.342915537
5056 131072 3324.254 3349.529 3442.627 384.996708618 395.697444029 398.706014643 192.498354309 197.848722014 199.353007321
5504 131072 3295.744 3443.687 3496.561 412.645618366 418.981334831 437.789032158 206.322809183 209.490667415 218.894516079
6016 131072 4423.41 4670.571 5110.955 308.564310193 337.658565516 356.525464291 154.282155096 168.829282758 178.262732146
6592 131072 4716.847 4968.652 5634.506 306.691171861 347.791161063 366.357706324 153.345585931 173.895580532 183.178853162
7232 131072 5533.064 5764.675 6582.954 287.990073757 328.869434617 342.635727329 143.995036879 164.434717308 171.317863665
7936 131072 6425.459 6743.069 7751.373 268.387908052 308.520465088 323.770610629 134.193954026 154.260232544 161.885305314
8704 65536 3291.561 3352.283 3657.778 311.89719223 340.320518286 346.598677041 155.948596115 170.160259143 173.299338521
9536 65536 3957.536 4094.533 4473.359 279.410302638 305.261330657 315.828483177 139.705151319 152.630665329 157.914241589
10432 65536 3946.161 4118.231 4460.832 306.521990517 332.021954087 346.499573636 153.260995258 166.010977043 173.249786818
11456 65536 3937.952 4559.935 4825.636 311.163301998 329.294350029 381.305011336 155.581650999 164.647175015 190.652505668
12544 65536 4556.918 4751.493 5357.195 306.908217453 346.031693196 360.80683655 153.454108727 173.015846598 180.403418275
13760 65536 3984.065 4253.523 4933.927 365.540617038 424.013393133 452.691088122 182.770308519 212.006696567 226.345544061
15104 65536 5412.912 5996.408 6117.833 323.596850061 330.149564206 365.738716609 161.798425031 165.074782103 182.869358305
16576 32768 2605.193 2655.548 3213.546 338.04549118 409.077424321 416.984360084 169.02274559 204.53871216 208.492180042
18176 32768 3124.936 3139.128 3396.994 350.657768604 379.462811328 381.186154212 175.328884302 189.731405664 190.593077106
19968 32768 2952.822 2990.572 3400.513 384.831008733 437.582792857 443.177017782 192.415504367 218.791396429 221.588508891
21952 32768 3090.907 3163.915 3619.722 397.446619381 454.704463299 465.444696977 198.723309691 227.35223165 232.722348489
24128 32768 3458.102 3468.554 4041.929 391.212366175 455.882367119 457.260256638 195.606183087 227.941183559 228.630128319
26496 32768 3625.265 3906.118 4202.34 413.208321078 444.544137171 478.983427694 206.604160539 222.272068586 239.491713847
29120 32768 3899.66 4144.808 4734.34 403.099126805 460.433467606 489.378130401 201.549563403 230.216733803 244.689065201
32000 32768 4620.257 5019.79 5362.431 391.082328146 417.77683927 453.903754705 195.541164073 208.888419635 226.951877352
35200 16384 2363.363 2450.922 2726.087 423.109607287 470.612120663 488.047583042 211.554803643 235.306060332 244.023791521
38720 16384 2695.337 2718.854 2979.75 425.799801997 466.658731951 470.730361361 212.899900998 233.329365976 235.365180681
42560 16384 2880.663 3063.754 3254.084 428.571014147 455.195188648 484.126772205 214.285507074 227.597594324 242.063386102
46784 16384 3098.934 3247.666 3374.503 454.294487811 472.036875713 494.692081858 227.147243905 236.018437857 247.346040929
51456 16384 3596.022 3672.463 3685.157 457.54094276 459.12244943 468.882061344 228.77047138 229.561224715 234.441030672
56576 16384 3848.132 4093.278 4095.516 452.66148832 452.908981017 481.761636035 226.33074416 226.454490509 240.880818018
62208 16384 3965.123 4037.343 4257.873 478.744139151 504.8943684 514.090418885 239.372069576 252.4471842 257.045209442
68416 8192 2313.916 2495.004 2600.631 431.021449794 449.268916603 484.42888333 215.510724897 224.634458301 242.214441665
75200 8192 2387.865 2714.544 2739.256 449.785197148 453.879841329 515.974228024 224.892598574 226.939920664 257.987114012
82688 8192 2741.201 2880.148 2941.595 460.552928598 470.378672207 494.221398577 230.276464299 235.189336104 247.110699288
90944 8192 2884.911 3205.464 3437.948 433.40576879 464.83956644 516.48958876 216.702884395 232.41978322 258.24479438
100032 8192 3348.523 3655.763 3669.376 446.649318031 448.312510412 489.446925704 223.324659016 224.156255206 244.723462852
110016 8192 3635.583 3655.222 3758.534 479.575851649 493.130689189 495.79452429 239.787925824 246.565344595 247.897262145
120960 8192 3692.266 3972.405 3988.435 496.888789713 498.893904322 536.745900756 248.444394857 249.446952161 268.372950378
133056 4096 2146.002 2225.92 2242.889 485.978018529 489.68280621 507.918795975 242.989009264 244.841403105 253.959397988
146304 4096 2313.993 2486.84 2683.883 446.562822597 481.945910473 517.945546076 223.281411298 240.972955236 258.972773038
160896 4096 2536.873 2575.873 2584.311 510.023767263 511.694494255 519.560905099 255.011883632 255.847247127 259.780452549
176960 4096 2903.968 2904.881 2912.042 497.814358447 499.0415511 499.198448468 248.907179223 249.52077555 249.599224234
194624 4096 2963.494 2964.167 2987.277 533.716762121 537.877861807 538.000012148 266.858381061 268.938930904 269.000006074
214080 4096 3440.814 3492.85 3596.741 487.592339843 502.095240277 509.688509754 243.796169922 251.047620138 254.844254877
235456 4096 3710.681 3963.316 4190.619 460.279388797 486.677204644 519.811741295 230.139694398 243.338602322 259.905870647
258944 4096 3946.097 4013.716 4013.735 528.502566313 528.505068121 537.561354422 264.251283156 264.252534061 268.780677211
284800 2048 2347.841 2405.641 2618.404 445.515970797 484.91890519 496.856814409 222.757985399 242.459452595 248.428407205
313280 2048 2543.154 2642.198 3066.13 418.506351655 485.654322651 504.568295903 209.253175828 242.827161326 252.284147952
344576 2048 2631.834 2895.667 3497.547 403.535190807 487.412156163 536.273676835 201.767595403 243.706078081 268.136838418
379008 2048 3019.148 3323.79 3514.21 441.754126247 467.062229563 514.19035039 220.877063124 233.531114782 257.095175195
416896 2048 3433.752 3741.521 3828.887 445.97973667 456.393540488 497.300333862 222.989868335 228.196770244 248.650166931
458560 2048 3716.057 4154.458 4381.321 428.697591434 452.107533642 505.444819603 214.348795717 226.053766821 252.722409802
504384 2048 4010.932 4521.743 4549.596 454.096773428 456.893915466 515.081498265 227.048386714 228.446957733 257.540749133
554816 1024 2282.797 2512.337 2650.204 428.745548645 452.273388483 497.750421084 214.372774322 226.136694241 248.875210542
610240 1024 2542.779 2737.188 2861.626 436.734751501 456.589580255 491.49828593 218.367375751 228.294790128 245.749142965
671232 1024 2713.462 2874.911 3102.347 443.110695225 478.165458339 506.61595261 221.555347613 239.08272917 253.307976305
738304 1024 2781.348 3039.974 3387.87 446.311869109 497.388001345 543.638046012 223.155934555 248.694000672 271.819023006
812096 1024 3045.401 3291.262 3813.571 436.119481714 505.329751323 546.125980782 218.059740857 252.664875662 273.062990391
893248 1024 3488.038 3870.008 4026.962 454.280895623 472.704941178 524.47017607 227.140447812 236.352470589 262.235088035
982528 1024 3754.326 3913.35 4378.06 459.613925803 514.193042789 535.972993288 229.806962901 257.096521395 267.986496644
1080768 512 2138.049 2259.491 2559.438 432.402125779 489.803425639 517.624447335 216.20106289 244.901712819 258.812223667
1188800 512 2485.629 2626.056 2777.991 438.205595339 463.55873599 489.747745943 219.102797669 231.779367995 244.873872971
1307648 512 2485.988 2594.051 3123.28 428.726067468 516.193225191 538.631542871 214.363033734 258.096612596 269.315771436
1438400 512 3030.014 3096.851 3284.435 448.455091972 475.619136988 486.110493219 224.227545986 237.809568494 243.055246609
1582208 512 3419.832 3593.21 3661.798 442.455043124 450.900724422 473.760404605 221.227521562 225.450362211 236.880202302
1740416 512 3359.689 3621.829 4380.826 406.815058165 492.067953512 530.461594511 203.407529082 246.033976756 265.230797255
1914432 512 3653.948 3666.274 4274.792 458.590351998 534.70590796 536.509651478 229.295175999 267.35295398 268.254825739
2105856 256 2250.731 2303.833 2492.633 432.553958806 468.001922014 479.043596058 216.276979403 234.000961007 239.521798029
2316416 256 2232.813 2525.253 3053.091 388.460413397 469.657888536 531.170766204 194.230206699 234.828944268 265.585383102
2548032 256 2551.116 2720.99 2955.768 441.37171253 479.455045406 511.381052057 220.685856265 239.727522703 255.690526029
2802816 256 2877.934 3114.572 3216.759 446.114176412 460.750880699 498.636102148 223.057088206 230.375440349 249.318051074
3083072 256 2882.817 3140.862 3492.384 451.992926322 502.579503334 547.566100797 225.996463161 251.289751667 273.783050398
3391360 256 3407.033 3532.175 3816.285 454.991259825 491.588417901 509.64470259 227.495629912 245.794208951 254.822351295
3730496 256 3741.447 3762.382 4599.36 415.278202185 507.660825509 510.501405472 207.639101092 253.830412754 255.250702736
4103488 256 4116.308 4708.631 4867.844 431.605009528 446.198875214 510.405406009 215.802504764 223.099437607 255.202703005
4513792 128 2200.151 2530.867 2936.883 393.454813147 456.575059851 525.205202734 196.727406574 228.287529926 262.602601367
4965120 128 2695.486 2789.542 3109.347 408.790244383 455.655702621 471.555303941 204.395122191 227.82785131 235.777651971
5461632 128 2852.461 3063.663 3130.511 446.629253818 456.374539889 490.165436793 223.314626909 228.187269945 245.082718397
6007744 128 3132.275 3371.338 3718.845 413.564551359 456.19349469 491.011314141 206.78227568 228.096747345 245.50565707
6608512 128 3617.287 3630.26 3990.607 423.940285776 466.021461824 467.692796286 211.970142888 233.010730912 233.846398143
7269312 128 3756.504 3938.66 4361.844 426.641547015 472.481471363 495.392490465 213.320773508 236.240735682 247.696245232
7996224 128 4022.93 4491.918 4915.955 416.406037891 455.71476238 508.841402659 208.203018945 227.85738119 254.42070133
8795840 64 2506.582 2685.657 2934.998 383.600779285 419.214933255 449.164447842 191.800389643 209.607466627 224.582223921
9675392 64 2995.185 3175.992 3622.619 341.865974865 389.941213958 413.480361313 170.932987433 194.970606979 206.740180657
10642880 64 3965.861 4063.711 4195.489 324.703184778 335.232658031 343.503879738 162.351592389 167.616329016 171.751939869
11707136 64 4841.553 4948.153 4992.016 300.182012237 302.842981614 309.510896194 150.091006119 151.421490807 154.755448097
12877824 64 5594.669 5667.373 5830.841 282.697036671 290.851064858 294.6307408 141.348518336 145.425532429 147.3153704
14165568 64 5969.982 6030.411 6486.922 279.51510809 300.674813707 303.718286588 139.757554045 150.337406853 151.859143294
15582080 64 6476.682 6566.57 6895.661 289.240761691 303.736385967 307.951855595 144.620380845 151.868192984 153.975927798
17140288 32 3598.605 3664.98 3729.011 294.174093882 299.313620265 304.834354423 147.087046941 149.656810133 152.417177212
18854272 32 3984.411 4088.648 4429.844 272.396366102 295.127731221 302.848628819 136.198183051 147.56386561 151.424314409
20739648 32 4499.467 4568.45 4640.361 286.041855795 290.544379822 294.998823638 143.020927898 145.272189911 147.499411819
22813568 32 4761.84 4923.558 5450.953 267.855612037 296.547405758 306.618523932 133.927806019 148.273702879 153.309261966
25094912 32 5324.915 5486.748 6077.1 264.283024469 292.718814132 301.615024465 132.141512234 146.359407066 150.807512233
27604352 32 6006.687 6626.69 6722.549 262.798906784 266.600448791 294.118626125 131.399453392 133.300224396 147.059313062
30364736 32 6623.126 7429.87 7617.49 255.115937665 261.558157007 293.417806637 127.557968832 130.779078503 146.708903318
33401152 32 7816.192 8321.179 8621.849 247.936808914 256.895534635 273.49299096 123.968404457 128.447767318 136.74649548
36741248 16 4663.531 4955.795 5104.614 230.324944452 237.24143876 252.109385785 115.162472226 118.62071938 126.054692893
40415360 16 5824.624 5876.525 6360.692 203.325600422 220.077600282 222.038627729 101.662800211 110.038800141 111.019313865
44456896 16 7648.292 8146.85 8247.778 172.485325381 174.622175688 186.005015499 86.2426626905 87.3110878438 93.0025077494
48902528 16 9703.935 10462.714 10526.452 148.661761437 149.567396758 161.262508044 74.3308807184 74.7836983788 80.6312540222
53792768 16 12263.25 12777.079 13225.696 130.153345125 134.7231692 140.368057081 65.0766725623 67.3615846 70.1840285406
59172032 16 15071.04 15996.529 16251.203 116.514760415 118.369742836 125.63864365 58.2573802075 59.184871418 62.8193218252
65089216 16 18191.629 19035.886 19268.519 108.096263755 109.417282285 114.495239101 54.0481318777 54.7086411423 57.2476195507
71598080 8 10973.988 11068.751 11234.332 101.970395748 103.495803637 104.38951455 50.9851978738 51.7479018184 52.1947572751
78757888 8 12782.018 12843.345 13187.563 95.5541374854 98.1151100434 98.5858577261 47.7770687427 49.0575550217 49.292928863
86633664 8 14764.654 15072.739 15750.418 88.0064658601 91.9632870973 93.8822287336 44.0032329301 45.9816435487 46.9411143668
95297024 8 16956.747 17179.721 17404.732 87.6056226548 88.7530352792 89.9200998871 43.8028113274 44.3765176396 44.9600499435
104826688 8 19597.155 19707.451 19878.997 84.3718125215 85.1062376357 85.5852294887 42.1859062608 42.5531188179 42.7926147443
115309312 8 22142.432 22334.597 22817.081 80.8582391411 82.6049823957 83.3218768381 40.4291195706 41.3024911978 41.660938419
126840192 8 25036.726 25485.497 26082.644 77.8081804897 79.6312927309 81.0586444889 38.9040902448 39.8156463655 40.5293222445
139524160 4 14106.055 14458.257 14676.244 76.054423734 77.2010955401 79.128663542 38.027211867 38.60054777 39.564331771
153476544 4 15870.998 16393.984 17092.845 71.8319479291 74.8940801699 77.3620128993 35.9159739645 37.4470400849 38.6810064496
168824192 4 17788.876 18409.665 19211.426 70.3015765722 73.3632869474 75.9234892637 35.1507882861 36.6816434737 37.9617446319
185706560 4 19956.052 20482.006 22732.996 65.3522518545 72.5345203004 74.4462121065 32.6761259273 36.2672601502 37.2231060532
204277184 4 22468.386 23286.181 24010.094 68.0637681802 70.1797118214 72.7340838812 34.0318840901 35.0898559107 36.3670419406
224704896 4 25189.137 25962.849 26644.544 67.467439788 69.2389024024 71.3656513123 33.733719894 34.6194512012 35.6828256562
247175360 4 27988.044 28971.168 31577.213 62.6211971272 68.2541649684 70.6516997043 31.3105985636 34.1270824842 35.3258498522
271892864 2 15692.706 16320.646 16787.765 64.7835763724 66.6377700981 69.3042650515 32.3917881862 33.318885049 34.6521325258
299082112 2 17482.223 18125.996 18460.936 64.8032390124 66.0007013132 68.4311399071 32.4016195062 33.0003506566 34.2155699535
328990272 2 19402.822 20084.179 20727.04 63.4900636077 65.5222744231 67.8231799477 31.7450318039 32.7611372115 33.9115899739
361889280 2 21470.703 22438.578 22735.322 63.6699634164 64.5119811068 67.4201082284 31.8349817082 32.2559905534 33.7100541142
398078208 2 24007.953 24593.345 25139.326 63.3395196037 64.7456794511 66.3243897553 31.6697598018 32.3728397255 33.1621948777
437886016 2 26587.49 27694.878 35238.171 49.705873327 63.244332183 65.8785039129 24.8529366635 31.6221660915 32.9392519565
481674560 2 29545.151 29956.754 35745.705 53.9001326173 64.3159883077 65.2119950242 26.9500663087 32.1579941538 32.6059975121
529841984 2 32672.747 33299.402 34076.697 62.1940540775 63.6458257118 64.8665365052 31.0970270387 31.8229128559 32.4332682526
582826176 1 18792.595 24447.313 25542.957 45.6349807894 47.6801827669 62.0272161455 22.8174903947 23.8400913835 31.0136080728
641108736 1 22537.846 26888.957 28201.102 45.4669279236 47.6856529615 56.8917487501 22.7334639618 23.8428264808 28.445874375
705219584 1 29731.464 31499.738 32428.451 43.4938803583 44.7762190276 47.4392773931 21.7469401792 22.3881095138 23.7196386966
775741504 1 25788.328 32448.828 34961.444 44.3769716148 47.8132217287 60.162217884 22.1884858074 23.9066108643 30.081108942
853315648 1 28790.593 36096.544 38216.63 44.6567710444 47.279631424 59.2773930012 22.3283855222 23.639815712 29.6386965006
938647168 1 31754.272 42268.06 42813.794 43.8478854735 44.4140170143 59.1194260728 21.9239427368 22.2070085071 29.5597130364
1032511872 1 34991.229 44060.296 46348.092 44.5546656807 46.8681314352 59.0154676762 22.2773328404 23.4340657176 29.5077338381

META_DATA
ERT_VERSION  1.1.0
TIMESTAMP_DATA  1560424772.22
FLOPS          8
HOSTNAME  ('kcadmin-UniServer-R5200-G3', [], ['127.0.1.1'])
OPENMP_THREADS 1
CONFIG  {'ERT_WORKING_SET_MIN': ['1'], 'ERT_CFLAGS': ['-O3', '-march=native', '-fstrict-aliasing', '-ftree-vectorize'], 'ERT_CC': ['gcc'], 'ERT_MPI_CFLAGS': ['-I/usr/local/include'], 'ERT_MPI_LDFLAGS': ['-L/usr/local/lib', '-lmpi'], 'ERT_MEMORY_MAX': ['1073741824'], 'ERT_PROCS_THREADS': ['1-8'], 'ERT_LDFLAGS': [], 'ERT_LDLIBS': [], 'ERT_RUN': ['export', 'OMP_NUM_THREADS=ERT_OPENMP_THREADS;', 'mpirun', '-np', 'ERT_MPI_PROCS', 'ERT_CODE'], 'ERT_FLOPS': ['1,2,4,8,16'], 'ERT_OPENMP_CFLAGS': ['-fopenmp'], 'ERT_MPI': ['True'], 'ERT_TRIALS_MIN': ['1'], 'ERT_DRIVER': ['driver1'], 'ERT_RESULTS': ['Results.p100.01'], 'ERT_OPENMP': ['True'], 'ERT_MPI_PROCS': ['1,2,4,8'], 'ERT_KERNEL': ['kernel1'], 'ERT_GPU': [False], 'ERT_OPENMP_THREADS': ['1,2,4,8'], 'ERT_LD': ['gcc'], 'ERT_NUM_EXPERIMENTS': ['3'], 'ERT_OPENMP_LDFLAGS': ['-fopenmp'], 'ERT_ALIGN': ['32'], 'ERT_GNUPLOT': ['gnuplot']}
TIMESTAMP_DATA  1560424776.24
MPI_PROCS      8
TIMESTAMP_DATA  1560424768.42
UNAME  ('Linux', 'kcadmin-UniServer-R5200-G3', '4.4.0-141-generic', '#167-Ubuntu SMP Wed Dec 5 10:40:15 UTC 2018', 'x86_64', 'x86_64')
