64 16777216 136567.178 139570.713 141209.2 15.2078168278 15.3863486246 15.7247420606 7.6039084139 7.69317431229 7.86237103032
128 8388608 67151.065 67200.734 68041.888 31.561200183 31.9562528588 31.9798896414 15.7806000915 15.9781264294 15.9899448207
192 4194304 33993.254 38009.899 41696.621 38.6269366048 42.3735073855 47.3803636451 19.3134683024 21.1867536928 23.6901818225
256 4194304 31157.841 37162.496 40892.08 52.5158819996 57.7863135996 68.9227359495 26.2579409998 28.8931567998 34.4613679748
320 2097152 15468.635 17155.521 22687.985 59.1580644998 78.2358798663 86.7676611414 29.5790322499 39.1179399332 43.3838305707
384 2097152 15838.978 17612.338 18027.965 89.3396862042 91.4479801603 101.686657813 44.6698431021 45.7239900801 50.8433289067
448 2097152 16305.16 17930.819 18928.543 99.270619614 104.794331592 115.242548494 49.635309807 52.3971657959 57.6212742469
512 2097152 17616.752 19248.606 19780.106 108.567853378 111.565671197 121.900089642 54.2839266888 55.7828355986 60.950044821
576 1048576 9846.56 10460.735 10894.918 110.873670825 115.475590578 122.678331519 55.4368354126 57.7377952888 61.3391657594
640 1048576 10358.388 11410.923 11976.795 112.064811997 117.622148533 129.573953013 56.0324059984 58.8110742663 64.7869765064
704 1048576 11062.582 12740.008 14462.181 102.086608375 115.886505566 133.4584465 51.0433041877 57.9432527829 66.7292232501
768 1048576 12683.44 13858.448 14275.242 112.825599454 116.218838935 126.985481541 56.412799727 58.1094194675 63.4927407706
832 1048576 13292.14 14799.873 15312.32 113.949451422 117.894961936 131.267836782 56.9747257111 58.9474809682 65.6339183909
896 1048576 11224.628 11764.935 12374.737 151.845505242 159.715985851 167.40405045 75.9227526209 79.8579929256 83.7020252252
960 1048576 13692.758 14132.137 14581.657 138.068390993 142.460119089 147.031439539 69.0341954964 71.2300595444 73.5157197695
1024 1048576 14151.518 14288.994 14698.785 146.099398556 150.289351931 151.749349292 73.0496992779 75.1446759653 75.8746746462
1088 524288 7921.522 7980.553 8513.251 134.008816139 142.953838913 144.019127637 67.0044080693 71.4769194566 72.0095638187
1152 524288 8363.198 8532.837 8576.677 140.842374267 141.565994053 144.437516845 70.4211871334 70.7829970267 72.2187584223
1216 524288 9867.946 9869.779 9955.021 128.082945882 129.189155704 129.21315297 64.0414729411 64.5945778522 64.6065764851
1280 524288 10125.119 10175.245 10200.421 131.580576919 131.906138869 132.559161033 65.7902884597 65.9530694347 66.2795805165
1408 524288 6879.894 6899.76 6916.77 213.451511038 213.977733718 214.595603944 106.725755519 106.988866859 107.297801972
1536 524288 7781.527 7958.972 8129.33 198.123675137 202.364417917 206.979007591 99.0618375684 101.182208959 103.489503795
1664 524288 9745.749 9961.156 10060.122 173.440288696 175.16345131 179.03502994 86.7201443482 87.5817256551 89.5175149699
1792 524288 10674.522 11135.044 11155.922 168.435042124 168.750854689 176.031132073 84.2175210619 84.3754273445 88.0155660366
1920 524288 7214.302 7232.878 7422.919 271.222940733 278.3492159 279.065933198 135.611470366 139.17460795 139.532966599
2112 262144 4868.595 5006.788 5182.08 213.677954798 221.159005734 227.436510123 106.838977399 110.579502867 113.718255061
2304 262144 5695.548 5769.085 5824.081 207.407752742 209.38494614 212.088380609 103.703876371 104.69247307 106.044190304
2496 262144 4319.582 4468.542 7103.121 184.232092907 292.852310217 302.951268896 92.1160464534 146.426155108 151.475634448
2688 262144 5535.902 5684.052 8128.033 173.385878724 247.936884462 254.57209033 86.6929393618 123.968442231 127.286045165
2944 262144 4373.289 4375.786 4382.43 352.20274414 352.737513215 352.938914396 176.10137207 176.368756607 176.469457198
3200 262144 5722.148 5770.554 5806.002 288.963317615 290.738393575 293.197869052 144.481658808 145.369196788 146.598934526
3520 262144 5044.044 5184.184 5427.855 340.004248455 355.985389407 365.875825032 170.002124228 177.992694704 182.937912516
3840 262144 7044.686 7082.909 7134.335 282.193914359 284.242804757 285.785047055 141.09695718 142.121402379 142.892523528
4224 131072 3317.854 3319.858 3321.092 333.413303817 333.537234424 333.73869254 166.706651908 166.768617212 166.86934627
4608 131072 3319.728 3466.508 3622.972 333.416750668 348.465819782 363.87304984 166.708375334 174.232909891 181.93652492
5056 131072 3229.1 3446.201 3800.62 348.732592051 384.597434682 410.454945341 174.366296025 192.298717341 205.22747267
5504 131072 3511.437 3680.177 3756.549 384.086717889 392.05738637 410.897469042 192.043358945 196.028693185 205.448734521
6016 131072 4152.719 5255.495 5431.723 290.342181293 300.07797629 379.765234296 145.171090647 150.038988145 189.882617148
6592 131072 4542.304 4837.845 5881.258 293.823744512 357.194835304 380.435401946 146.911872256 178.597417652 190.217700973
7232 131072 5586.657 5741.925 6667.246 284.349101263 330.172443562 339.348810568 142.174550632 165.086221781 169.674405284
7936 131072 6128.487 7962.162 8023.109 259.297833795 261.282649612 339.459769434 129.648916897 130.641324806 169.729884717
8704 65536 3360.372 3662.029 3690.284 309.149834538 311.535132027 339.501307593 154.574917269 155.767566013 169.750653797
9536 65536 3672.772 3869.39 4485.357 278.662900634 323.02316179 340.315868232 139.331450317 161.511580895 170.157934116
10432 65536 3693.284 3904.95 4620.484 295.930708558 350.156366663 370.224197219 147.965354279 175.078183331 185.112098609
11456 65536 3938.871 4439.452 4832.276 310.735734465 338.23112222 381.216046933 155.367867233 169.11556111 190.608023467
12544 65536 4188.433 4488.67 5173.832 317.785186686 366.292725462 392.549473276 158.892593343 183.146362731 196.274736638
13760 65536 3968.519 4497.988 4899.153 368.135210311 400.968326283 454.46442867 184.067605155 200.484163141 227.232214335
15104 65536 5116.639 5998.542 6193.497 319.643569376 330.03211247 386.91638945 159.821784688 165.016056235 193.458194725
16576 32768 2864.997 3104.895 3126.841 347.419243895 349.874870487 379.17133456 173.709621948 174.937435243 189.58566728
18176 32768 2851.147 3408.871 3417.283 348.575852805 349.43602618 417.790572005 174.287926402 174.71801309 208.895286002
19968 32768 3168.729 3397.785 3409.503 383.816306365 385.139980311 412.980361527 191.908153182 192.569990155 206.490180763
21952 32768 3199.894 3617.872 3626.999 396.649205583 397.649853837 449.59185273 198.324602791 198.824926918 224.795926365
24128 32768 3335.546 4045.427 4055.944 389.860562177 390.874092648 474.061100641 194.930281089 195.437046324 237.030550321
26496 32768 3443.25 4202.768 4220.583 411.422274127 413.166240916 504.303160096 205.711137063 206.583120458 252.151580048
29120 32768 3907.374 4629.646 4639.077 411.376728604 412.214739529 488.4119923 205.688364302 206.107369764 244.20599615
32000 32768 4644.194 5367.623 5381.49 389.697277148 390.704041621 451.564254206 194.848638574 195.352020811 225.782127103
35200 16384 2355.129 2723.915 2733.226 422.004473834 423.446987149 489.753894585 211.002236917 211.723493575 244.876947292
38720 16384 3081.374 3205.622 3209.413 395.329912355 395.797433384 411.756885078 197.664956177 197.898716692 205.878442539
42560 16384 2998.857 3345.017 3345.568 416.851811112 416.920476039 465.045875812 208.425905556 208.46023802 232.522937906
46784 16384 3107.076 3867.12 3869.194 396.211229522 396.423724115 493.39575601 198.105614761 198.211862058 246.697878005
51456 16384 3867.189 4075.54 4075.633 413.70511231 413.714552673 436.004086689 206.852556155 206.857276336 218.002043345
56576 16384 3789.379 4450.306 4461.866 415.494855291 416.574134003 489.231182207 207.747427646 208.287067002 244.615591103
62208 16384 3964.181 4867.853 4869.801 418.58625106 418.753759409 514.212581111 209.29312553 209.376879704 257.106290555
68416 8192 2615.937 2763.093 2803.132 399.884038283 405.678615957 428.499518146 199.942019141 202.839307978 214.249759073
75200 8192 2406.312 2802.517 2812.695 438.041380242 439.632230598 512.018724089 219.020690121 219.816115299 256.009362044
82688 8192 2828.266 3158.171 3173.744 426.86498722 428.96986642 479.007346551 213.43249361 214.48493321 239.503673275
90944 8192 3472.855 3522.236 3814.277 390.64454312 423.03425892 429.049440878 195.32227156 211.51712946 214.524720439
100032 8192 3195.58 3758.95 3767.765 434.985804051 436.005876109 512.872244788 217.492902025 218.002938055 256.436122394
110016 8192 3336.797 4053.596 4053.811 444.643853401 444.667437011 540.189332465 222.321926701 222.333718506 270.094666232
120960 8192 3722.93 4492.016 4492.018 441.184483232 441.184679663 532.324980593 220.592241616 220.592339831 266.162490297
133056 4096 2280.278 2432.798 2434.667 447.697673645 448.041617923 478.009590059 223.848836822 224.020808962 239.004795029
146304 4096 2497.782 2673.8 2676.7 447.761186536 448.246827736 479.834656507 223.880593268 224.123413868 239.917328254
160896 4096 2517.435 2950.644 2967.096 444.225610496 446.702493422 523.572617366 222.112805248 223.351246711 261.786308683
176960 4096 3068.409 3288.411 3314.292 437.395473905 440.83793662 472.445596399 218.697736953 220.41896831 236.222798199
194624 4096 3101.197 3563.189 3569.273 446.690350668 447.453056237 514.111102261 223.345175334 223.726528118 257.055551131
214080 4096 3546.927 3909.34 5050.096 347.269311316 448.603436897 494.440218251 173.634655658 224.301718449 247.220109125
235456 4096 3498.308 4273.452 4273.549 451.347475365 451.357720176 551.368133395 225.673737683 225.678860088 275.684066697
258944 4096 3913.523 4682.33 4727.925 448.668125658 453.037109302 542.03571769 224.334062829 226.518554651 271.017858845
284800 2048 2485.737 2600.584 2602.519 448.235267447 448.568783012 469.293734615 224.117633723 224.284391506 234.646867307
313280 2048 2422.008 2824.05 2840.613 451.731679043 454.381076822 529.806210384 225.865839521 227.190538411 264.903105192
344576 2048 2873.219 3122.84 3123.15 451.91018555 451.955046048 491.220229297 225.955092775 225.977523024 245.610114648
379008 2048 2872.314 3424.224 3440.558 451.210753605 453.363088396 540.475995312 225.605376802 226.681544198 270.237997656
416896 2048 3348.559 3779.078 3854.675 442.996106287 451.85783834 509.95249479 221.498053143 225.92891917 254.976247395
458560 2048 3725.95 4168.55 4178.008 449.559158336 450.579160619 504.102781841 224.779579168 225.28958031 252.05139092
504384 2048 3989.919 4549.546 4553.359 453.72149747 454.101764 517.794186799 226.860748735 227.050882 258.8970934
554816 1024 2191.535 2503.492 2517.474 451.350507691 453.871299768 518.478220973 225.675253846 226.935649884 259.239110486
610240 1024 2647.607 2752.331 2824.663 442.449778965 454.077478327 472.038153699 221.224889482 227.038739163 236.019076849
671232 1024 2561.742 2737.932 3013.562 456.16553965 502.088121984 536.620446556 228.082769825 251.044060992 268.310223278
738304 1024 2809.821 3100.823 3326.892 454.492238401 487.627507923 538.129151999 227.246119201 243.813753961 269.064576
812096 1024 3058.807 3475.041 3661.772 454.19884362 478.605175594 543.732444708 227.09942181 239.302587797 271.866222354
893248 1024 3337.603 3713.348 4033.588 453.534645581 492.647579489 548.109497744 226.767322791 246.323789744 274.054748872
982528 1024 3805.735 3953.252 4565.309 440.762573574 509.0030547 528.732910726 220.381286787 254.50152735 264.366455363
1080768 512 2129.462 2311.977 2417.102 457.865010248 478.68401459 519.711754424 228.932505124 239.342007295 259.855877212
1188800 512 2297.58 2322.344 2674.603 455.14463268 524.182119445 529.831910097 227.57231634 262.091059722 264.915955048
1307648 512 2529.508 2587.951 2934.632 456.286018826 517.409932414 529.3644266 228.143009413 258.704966207 264.6822133
1438400 512 2737.467 2881.937 3234.113 455.43294251 511.087369363 538.060038715 227.716471255 255.543684682 269.030019357
1582208 512 3115.706 3236.348 3702.207 437.625716768 500.620140974 520.004452281 218.812858384 250.310070487 260.002226141
1740416 512 3446.724 3559.828 3709.044 480.497396095 500.638228589 517.066636029 240.248698047 250.319114294 258.533318014
1914432 512 3534.849 3535.928 3764.464 520.758962763 554.416936091 554.586169876 260.379481382 277.208468046 277.293084938
2105856 256 2099.401 2231.627 2258.495 477.396793883 483.144482478 513.574239509 238.698396941 241.572241239 256.787119755
2316416 256 2246.872 2257.078 2376.381 499.080320874 525.460348291 527.847154622 249.540160437 262.730174146 263.923577311
2548032 256 2440.878 2466.14 2562.678 509.073861016 529.001753347 534.476685848 254.536930508 264.500876674 267.238342924
2802816 256 2748.061 2972.667 3050.755 470.389065002 482.745558786 522.201578495 235.194532501 241.372779393 261.100789247
3083072 256 3174.764 3210.064 3441.062 458.734211706 491.744982032 497.212663366 229.367105853 245.872491016 248.606331683
3391360 256 3144.166 3171.447 3204.004 541.939498203 547.502865411 552.253386113 270.969749101 273.751432706 276.126693056
3730496 256 3454.402 3456.508 3812.342 501.008029185 552.584849218 552.921736382 250.504014593 276.292424609 276.460868191
4103488 256 3764.967 4011.464 4060.065 517.475916272 523.745409656 558.035662995 258.737958136 261.872704828 279.017831498
4513792 128 2218.348 2356.615 2387.489 483.994167931 490.334972832 520.896970178 241.997083966 245.167486416 260.448485089
4965120 128 2384.078 2408.151 2624.908 484.234388405 527.820190677 533.149804662 242.117194203 263.910095339 266.574902331
5461632 128 2601.186 2620.125 2947.527 474.356228798 533.630186346 537.515499468 237.178114399 266.815093173 268.757749734
6007744 128 2830.275 2876.642 2942.293 522.715604462 534.645070189 543.403896794 261.357802231 267.322535095 271.701948397
6608512 128 3181.798 3478.269 3482.115 485.848133103 486.385346274 531.705366588 242.924066552 243.192673137 265.852683294
7269312 128 3586.276 3664.185 4418.514 421.169622185 507.873885189 518.907042291 210.584811093 253.936942594 259.453521146
7996224 128 4416.138 5318.097 5659.363 361.707376608 384.918391673 463.534731931 180.853688304 192.459195836 231.767365965
8795840 64 2680.965 3023.549 3151.781 357.21629136 372.366222608 419.948608057 178.60814568 186.183111304 209.974304029
9675392 64 3134.045 3499.869 3567.009 347.195697011 353.856151759 395.160304335 173.597848506 176.928075879 197.580152168
10642880 64 3881.771 4061.391 4195.428 324.707905844 335.424153941 350.945133033 162.353952922 167.712076971 175.472566517
11707136 64 4408.755 4918.447 5037.635 297.463672537 304.672065796 339.894915458 148.731836268 152.336032898 169.947457729
12877824 64 5160.837 5682.076 5719.343 288.20818615 290.098455564 319.398088333 144.104093075 145.049227782 159.699044167
14165568 64 6046.158 6174.521 6510.174 278.516780657 293.657225233 299.891717021 139.258390329 146.828612616 149.94585851
15582080 64 6515.05 7064.968 7217.71 276.335048097 282.309309823 306.138285969 138.167524048 141.154654911 153.069142984
17140288 32 3904.378 4059.938 5037.975 217.741936393 270.195858163 280.961124153 108.870968197 135.097929082 140.480562077
18854272 32 4267.041 4279.482 4401.677 274.139471842 281.967165185 282.78926966 137.069735921 140.983582592 141.39463483
20739648 32 4471.149 4804.747 5084.948 261.032654021 276.255434886 296.867197224 130.516327011 138.127717443 148.433598612
22813568 32 4888.219 5343.395 7075.799 206.346781756 273.247317857 298.69127222 103.173390878 136.623658928 149.34563611
25094912 32 5484.329 5916.954 5941.97 270.293247526 271.436007108 292.847925061 135.146623763 135.718003554 146.42396253
27604352 32 5994.017 6040.809 6685.596 264.251463594 292.45727319 294.740326562 132.125731797 146.228636595 147.370163281
30364736 32 6710.657 6777.596 7599.361 255.72454105 286.730443066 289.590587628 127.862270525 143.365221533 144.795293814
33401152 32 7578.811 7618.533 8546.468 250.123644996 280.588628808 282.059247552 125.061822498 140.294314404 141.029623776
36741248 16 4417.265 4921.304 5716.111 205.685287777 238.904147356 266.164682445 102.842643888 119.452073678 133.082341222
40415360 16 5613.77 6223.175 6669.593 193.908611815 207.818600634 230.378430182 96.9543059074 103.909300317 115.189215091
44456896 16 7439.237 7509.248 7795.434 182.494094877 189.449152831 191.232067482 91.2470474383 94.7245764156 95.6160337411
48902528 16 9721.365 9750.16 10115.6 154.69976037 160.497970905 160.973371126 77.3498801851 80.2489854525 80.4866855632
53792768 16 12043.598 12214.55 12964.728 132.773211748 140.927711295 142.928099726 66.386605874 70.4638556476 71.4640498628
59172032 16 14792.856 14961.263 15077.139 125.587820342 126.560506556 128.001315229 62.7939101709 63.2802532781 64.0006576147
65089216 16 18079.515 18231.768 18546.654 112.303540682 114.243166763 115.205242619 56.1517703409 57.1215833813 57.6026213093
71598080 8 10794.384 10804.017 10887.191 105.221749118 106.031791694 106.126415366 52.6108745589 53.0158958469 53.0632076828
78757888 8 12625.423 12757.186 12761.474 98.744565714 98.7777561603 99.808632788 49.372282857 49.3888780802 49.904316394
86633664 8 14768.548 14797.357 15025.717 92.251080198 93.6747436721 93.8574749529 46.125540099 46.8373718361 46.9287374764
95297024 8 17386.438 18247.31 19620.201 77.7133926406 83.5603924085 87.6978012403 38.8566963203 41.7801962043 43.8489006201
104826688 8 19414.897 19834.255 19881.093 84.3629174714 84.562137978 86.3886637153 42.1814587357 42.281068989 43.1943318576
115309312 8 22482.897 22669.464 25132.115 73.4100171036 81.3847646332 82.0601096024 36.7050085518 40.6923823166 41.0300548012
126840192 8 25064.241 25431.994 26980.153 75.2198503841 79.7988184489 80.9696600029 37.609925192 39.8994092245 40.4848300014
139524160 4 14247.329 14363.574 14814.415 75.3450797753 77.7099961333 78.3440376789 37.6725398877 38.8549980666 39.1720188395
153476544 4 15959.099 16263.222 17946.624 68.4146696337 75.4962548012 76.9349417533 34.2073348168 37.7481274006 38.4674708766
168824192 4 18223.02 18419.895 18772.936 71.9436499437 73.3225426095 74.1146931738 35.9718249719 36.6612713047 37.0573465869
185706560 4 20774.125 20882.351 21584.622 68.8292099811 71.1439281908 71.5145634293 34.4146049905 35.5719640954 35.7572817146
204277184 4 22899.067 23071.638 23418.53 69.7830936442 70.8323124695 71.3661160081 34.8915468221 35.4161562348 35.6830580041
224704896 4 25463.876 25901.256 26066.581 68.9633660817 69.4035520131 70.5956613989 34.4816830408 34.7017760065 35.2978306995
247175360 4 28729.226 28829.375 29428.665 67.1930880996 68.5898629436 68.828964623 33.5965440498 34.2949314718 34.4144823115
271892864 2 15968.326 16081.809 16509.048 65.8772968617 67.6274327098 68.1080443874 32.9386484308 33.8137163549 34.0540221937
299082112 2 17558.55 18236.756 18354.027 65.1807065556 65.5998494469 68.1336698076 32.5903532778 32.7999247235 34.0668349038
328990272 2 19968.365 20208.69 20400.904 64.505038012 65.118574633 65.9022953557 32.252519006 32.5592873165 32.9511476778
361889280 2 22160.827 22494.84 22777.026 63.5533857669 64.3506297444 65.3205369998 31.7766928834 32.1753148722 32.6602684999
398078208 2 24760.648 24992.152 25192.516 63.2057882587 63.7125139124 64.3082051811 31.6028941294 31.8562569562 32.1541025905
437886016 2 27255.387 27284.668 27857.396 62.8753693992 64.1951759867 64.2641421309 31.4376846996 32.0975879934 32.1320710654
481674560 2 30493.488 30871.711 38215.569 50.4165786463 62.4098301516 63.1839243841 25.2082893231 31.2049150758 31.5919621921
529841984 2 33650.272 37763.216 43814.509 48.3713725059 56.1225488846 62.9821933089 24.1856862529 28.0612744423 31.4910966544
582826176 1 29327.475 29519.457 31480.92 37.0272645145 39.4875946397 39.7460862894 18.5136322573 19.7437973198 19.8730431447
641108736 1 31973.825 32197.588 34642.018 37.0133596721 39.8234014299 40.1020982632 18.506679836 19.911700715 20.0510491316
705219584 1 35400.629 35655.235 37971.638 37.144543725 39.5577022 39.8422064196 18.5722718625 19.7788511 19.9211032098
775741504 1 39456.465 39649.076 43130.882 35.9715112712 39.1303698477 39.321388979 17.9857556356 19.5651849239 19.6606944895
853315648 1 43065.958 43773.913 45952.722 37.138851013 38.9874054897 39.62831376 18.5694255065 19.4937027448 19.81415688
938647168 1 46112.123 50380.301 51233.542 36.6419002614 37.2624676458 40.7115138897 18.3209501307 18.6312338229 20.3557569449
1032511872 1 54515.159 59807.019 61681.245 33.4789569179 34.5281169088 37.8798077797 16.739478459 17.2640584544 18.9399038899

META_DATA
ERT_VERSION  1.1.0
FLOPS          8
HOSTNAME  ('kcadmin-UniServer-R5200-G3', [], ['127.0.1.1'])
TIMESTAMP_DATA  1560424734.71
CONFIG  {'ERT_WORKING_SET_MIN': ['1'], 'ERT_CFLAGS': ['-O3', '-march=native', '-fstrict-aliasing', '-ftree-vectorize'], 'ERT_CC': ['gcc'], 'ERT_MPI_CFLAGS': ['-I/usr/local/include'], 'ERT_MPI_LDFLAGS': ['-L/usr/local/lib', '-lmpi'], 'ERT_MEMORY_MAX': ['1073741824'], 'ERT_PROCS_THREADS': ['1-8'], 'ERT_LDFLAGS': [], 'ERT_LDLIBS': [], 'ERT_RUN': ['export', 'OMP_NUM_THREADS=ERT_OPENMP_THREADS;', 'mpirun', '-np', 'ERT_MPI_PROCS', 'ERT_CODE'], 'ERT_FLOPS': ['1,2,4,8,16'], 'ERT_OPENMP_CFLAGS': ['-fopenmp'], 'ERT_MPI': ['True'], 'ERT_TRIALS_MIN': ['1'], 'ERT_DRIVER': ['driver1'], 'ERT_RESULTS': ['Results.p100.01'], 'ERT_OPENMP': ['True'], 'ERT_MPI_PROCS': ['1,2,4,8'], 'ERT_KERNEL': ['kernel1'], 'ERT_GPU': [False], 'ERT_OPENMP_THREADS': ['1,2,4,8'], 'ERT_LD': ['gcc'], 'ERT_NUM_EXPERIMENTS': ['3'], 'ERT_OPENMP_LDFLAGS': ['-fopenmp'], 'ERT_ALIGN': ['32'], 'ERT_GNUPLOT': ['gnuplot']}
OPENMP_THREADS 4
TIMESTAMP_DATA  1560424726.75
MPI_PROCS      2
TIMESTAMP_DATA  1560424730.7
UNAME  ('Linux', 'kcadmin-UniServer-R5200-G3', '4.4.0-141-generic', '#167-Ubuntu SMP Wed Dec 5 10:40:15 UTC 2018', 'x86_64', 'x86_64')
