64 16777216 230927.546 240352.809 242756.863 8.84623248736 8.93471416845 9.29938279429 8.84623248736 8.93471416845 9.29938279429
128 8388608 109599.864 112567.001 120193.198 17.8669316046 19.0773817275 19.5938532186 17.8669316046 19.0773817275 19.5938532186
192 4194304 56426.912 58428.22 60010.663 26.8387759022 27.5656649475 28.5433435734 26.8387759022 27.5656649475 28.5433435734
256 4194304 60083.682 60226.646 60592.342 35.4415026242 35.6567033137 35.7415454 35.4415026242 35.6567033137 35.7415454
320 2097152 28194.574 30954.122 32176.685 41.712727088 43.3602116061 47.6040985758 41.712727088 43.3602116061 47.6040985758
384 2097152 29105.998 31234.982 31380.67 51.3249951642 51.5643881594 55.3361109968 51.3249951642 51.5643881594 55.3361109968
448 2097152 29854.606 30135.172 32514.542 57.7910090814 62.3539892853 62.9399762301 57.7910090814 62.3539892853 62.9399762301
512 2097152 31237.719 32355.467 34454.099 62.3288290894 66.3715856118 68.746493558 62.3288290894 66.3715856118 68.746493558
576 1048576 16299.183 16541.581 17891.103 67.5173326094 73.0256407776 74.111662652 67.5173326094 73.0256407776 74.111662652
640 1048576 17591.861 18240.943 19434.925 69.0600699514 73.5804766234 76.295354994 69.0600699514 73.5804766234 76.295354994
704 1048576 19487.234 20010.436 21246.872 69.4876407219 73.781251343 75.7621634758 69.4876407219 73.781251343 75.7621634758
768 1048576 21350.762 21653.62 23020.15 69.9653449695 74.3807610921 75.4358432734 69.9653449695 74.3807610921 75.4358432734
832 1048576 23057.86 23500.065 23994.81 72.7169943834 74.2478994845 75.6718300831 72.7169943834 74.2478994845 75.6718300831
896 1048576 21135.199 21542.63 21563.13 87.1417179231 87.2246421166 88.9061036047 87.1417179231 87.2246421166 88.9061036047
960 1048576 25701.805 25873.525 26157.152 76.9680858222 77.8118142 78.3316938246 76.9680858222 77.8118142 78.3316938246
1024 1048576 27743.262 27956.131 29642.894 72.4451414224 76.8161963471 77.4055930409 72.4451414224 76.8161963471 77.4055930409
1088 524288 14847.335 14873.095 15782.876 72.2840810509 76.7056680536 76.8387517356 72.2840810509 76.7056680536 76.8387517356
1152 524288 15260.573 15426.582 16410.653 73.6082562955 78.303771503 79.1555829522 73.6082562955 78.303771503 79.1555829522
1216 524288 15597.827 15690.342 15778.986 80.8080073079 81.2645394218 81.7465417458 80.8080073079 81.2645394218 81.7465417458
1280 524288 15785.379 15889.94 16375.478 81.9626321748 84.46710812 85.0266110177 81.9626321748 84.46710812 85.0266110177
1408 524288 13025.802 13033.528 13762.801 107.274311966 113.276697453 113.343885313 107.274311966 113.276697453 113.343885313
1536 524288 15293.215 15601.228 16375.012 98.3579576003 103.236279606 105.315509917 98.3579576003 103.236279606 105.315509917
1664 524288 17255.573 17535.412 18289.177 95.4023499253 99.5032488544 101.116924022 95.4023499253 99.5032488544 101.116924022
1792 524288 17941.64 18091.544 19242.585 97.6505075591 103.863340354 104.731127812 97.6505075591 103.863340354 104.731127812
1920 524288 13950.709 14970.162 15600.729 129.049477111 134.485246051 144.312803027 129.049477111 134.485246051 144.312803027
2112 262144 10116.361 10117.552 10512.574 105.330650324 109.44310007 109.455984815 105.330650324 109.44310007 109.455984815
2304 262144 10382.169 10922.901 11146.162 108.374483701 110.589627426 116.349440276 108.374483701 110.589627426 116.349440276
2496 262144 8610.507 9004.25 9446.671 138.527408015 145.333908765 151.979767045 138.527408015 145.333908765 151.979767045
2688 262144 10007.191 10513.251 10702.907 131.673212147 134.048558719 140.827345456 131.673212147 134.048558719 140.827345456
2944 262144 8483.588 9003.478 9009.296 171.323472111 171.434180436 181.939984827 171.323472111 171.434180436 181.939984827
3200 262144 10951.624 11569.811 11573.463 144.962799812 145.008557184 153.193864216 144.962799812 145.008557184 153.193864216
3520 262144 12700.204 15494.762 15495.076 119.101949548 119.104363139 145.312135144 119.101949548 119.104363139 145.312135144
3840 262144 15810.424 19332.876 19360.514 103.988247419 104.136907514 127.337882906 103.988247419 104.136907514 127.337882906
4224 131072 8179.586 9719.544 9860.395 112.297352794 113.924712517 135.373141868 112.297352794 113.924712517 135.373141868
4608 131072 7838.358 8136.606 9643.539 125.261022121 148.459880201 154.108749817 125.261022121 148.459880201 154.108749817
5056 131072 7708.143 8364.961 9644.353 137.427576946 158.446651933 171.948037809 137.427576946 158.446651933 171.948037809
5504 131072 7875.781 7981.129 9647.372 149.557887474 180.781512991 183.199682165 149.557887474 180.781512991 183.199682165
6016 131072 8204.895 8720.436 10012.779 157.504555329 180.846267778 192.209443753 157.504555329 180.846267778 192.209443753
6592 131072 9010.633 9335.956 11330.237 152.516955118 185.096550155 191.779339809 152.516955118 185.096550155 191.779339809
7232 131072 10589.137 10606.76 13027.845 145.521028842 178.737466295 179.034930609 145.521028842 178.737466295 179.034930609
7936 131072 11655.084 12184.37 14470.764 143.763990899 170.741268034 178.495048513 143.763990899 170.741268034 178.495048513
8704 65536 5781.985 6212.056 7162.823 159.273890755 183.65106303 197.311250029 159.273890755 183.65106303 197.311250029
9536 65536 6656.055 8396.742 8825.835 141.618622147 148.855662351 187.784294451 141.618622147 148.855662351 187.784294451
10432 65536 6765.654 7260.4 8478.607 161.269782171 188.328894276 202.100654866 161.269782171 188.328894276 202.100654866
11456 65536 7590.966 9260.604 10582.113 141.896125282 162.14502121 197.808926031 141.896125282 162.14502121 197.808926031
12544 65536 7882.024 8049.599 9925.396 165.652551092 204.254543363 208.597077096 165.652551092 204.254543363 208.597077096
13760 65536 7907.126 8400.769 9744.65 185.081118357 214.688764802 228.091814902 185.081118357 214.688764802 228.091814902
15104 65536 9524.945 10306.273 11517.197 171.891779571 192.088011641 207.844925929 171.891779571 192.088011641 207.844925929
16576 32768 5096.915 5512.546 5997.0 181.144695014 197.064067311 213.133775235 181.144695014 197.064067311 213.133775235
18176 32768 5497.139 5601.956 6514.138 182.861083999 212.636860411 216.691325433 182.861083999 212.636860411 216.691325433
19968 32768 5741.627 5831.665 6790.966 192.700544812 224.399523635 227.918471193 192.700544812 224.399523635 227.918471193
21952 32768 5708.212 6336.169 7198.984 199.840181892 227.053014527 252.03098133 199.840181892 227.053014527 252.03098133
24128 32768 6493.208 6640.018 8059.972 196.185868636 238.139807452 243.524095948 196.185868636 238.139807452 243.524095948
26496 32768 6906.185 7282.253 8349.807 207.961915287 238.448438416 251.432861413 207.961915287 238.448438416 251.432861413
29120 32768 7540.911 7623.784 9426.853 202.443839954 250.32297872 253.073974749 202.443839954 250.32297872 253.073974749
32000 32768 9109.055 9766.293 10860.807 193.093570303 214.733676329 230.227175047 193.093570303 214.733676329 230.227175047
35200 16384 4633.443 5433.26 5575.48 206.876107528 212.291257919 248.9366115 206.876107528 212.291257919 248.9366115
38720 16384 5287.955 6257.756 6459.577 196.417963591 202.752705602 239.937170418 196.417963591 202.752705602 239.937170418
42560 16384 5366.452 5779.023 6889.619 202.421364665 241.322119673 259.874881952 202.421364665 241.322119673 259.874881952
46784 16384 6213.926 6296.092 7723.033 198.499490032 243.487247645 246.706850387 198.499490032 243.487247645 246.706850387
51456 16384 6335.589 6676.857 8624.105 195.511326451 252.530525665 266.133142159 195.511326451 252.530525665 266.133142159
56576 16384 7092.93 8965.15 9225.469 200.952641866 206.787657541 261.370458753 200.952641866 206.787657541 261.370458753
62208 16384 7756.749 9732.699 10110.273 201.619851808 209.441568469 262.794599129 201.619851808 209.441568469 262.794599129
68416 8192 4260.394 5265.505 5420.877 206.779778254 212.881336928 263.104244349 206.779778254 212.881336928 263.104244349
75200 8192 4594.025 4687.923 5823.744 211.560947734 262.81933385 268.191139578 211.560947734 262.81933385 268.191139578
82688 8192 5338.101 5407.424 6560.159 206.513316522 250.537074955 253.790663009 206.513316522 250.537074955 253.790663009
90944 8192 5479.993 5845.457 7207.396 206.735760877 254.90333707 271.902992577 206.735760877 254.90333707 271.902992577
100032 8192 6423.733 6914.172 7772.881 210.851586175 237.038402863 255.135804679 210.851586175 237.038402863 255.135804679
110016 8192 6642.97 8349.778 8397.854 214.638423578 215.874259651 271.339798915 214.638423578 215.874259651 271.339798915
120960 8192 7286.6 9241.538 9427.617 210.213104754 214.445760002 271.979886367 210.213104754 214.445760002 271.979886367
133056 4096 4056.843 4886.099 5185.329 210.207443346 223.080775072 268.680536072 210.207443346 223.080775072 268.680536072
146304 4096 4584.489 4707.383 5936.31 201.896863203 254.604812908 261.429871028 201.896863203 254.604812908 261.429871028
160896 4096 4982.828 5771.14 6195.323 212.75081735 228.388157626 264.520475521 212.75081735 228.388157626 264.520475521
176960 4096 5592.156 5597.674 7096.572 204.275574179 258.974767019 259.230307595 204.275574179 258.974767019 259.230307595
194624 4096 6361.189 6975.989 7519.015 212.043706257 228.549644789 250.638647586 212.043706257 228.549644789 250.638647586
214080 4096 6636.735 8201.438 8351.125 210.000851382 213.833642344 264.247911059 210.000851382 213.833642344 264.247911059
235456 4096 7488.379 8864.774 8918.874 216.266711695 217.586545579 257.579851661 216.266711695 217.586545579 257.579851661
258944 4096 8035.092 9806.737 10320.834 205.532735823 216.30734545 264.000617292 205.532735823 216.30734545 264.000617292
284800 2048 4616.936 5330.638 5442.041 214.357223696 218.836994746 252.665577344 214.357223696 218.836994746 252.665577344
313280 2048 5834.447 5970.263 5982.313 214.498118036 214.931047426 219.934276548 214.498118036 214.931047426 219.934276548
344576 2048 6477.0 6599.955 6709.401 210.359061263 213.84741199 217.906947043 210.359061263 213.84741199 217.906947043
379008 2048 6867.323 7109.155 7220.109 215.012926813 218.368676446 226.058504602 215.012926813 218.368676446 226.058504602
416896 2048 6486.267 7790.237 7851.237 217.495155986 219.1982113 263.264835691 217.495155986 219.1982113 263.264835691
458560 2048 7003.689 8612.132 8746.685 214.73984258 218.094864315 268.181776775 214.73984258 218.094864315 268.181776775
504384 2048 8060.944 9278.846 9477.03 217.996235529 222.652349656 256.292174217 217.996235529 222.652349656 256.292174217
554816 1024 4364.822 4465.484 5349.948 212.387703208 254.454649933 260.322910762 212.387703208 254.454649933 260.322910762
610240 1024 4561.288 4922.448 5359.969 233.167676903 253.892274738 273.995310097 233.167676903 253.892274738 273.995310097
671232 1024 5308.874 5339.978 6289.578 218.565241738 257.432359459 258.94062206 218.565241738 257.432359459 258.94062206
738304 1024 5571.625 6416.802 6979.609 216.637721683 235.638654894 271.383410046 216.637721683 235.638654894 271.383410046
812096 1024 6257.729 6288.37 7792.894 213.421690068 264.483897735 265.778944406 213.421690068 264.483897735 265.778944406
893248 1024 6705.124 6938.248 8399.411 217.797641287 263.66481913 272.831927344 217.797641287 263.66481913 272.831927344
982528 1024 7464.21 7679.986 7692.954 261.566277921 262.007944285 269.582091608 261.566277921 262.007944285 269.582091608
1080768 512 4196.006 4343.816 4845.249 228.410641435 254.777465712 263.752347351 228.410641435 254.777465712 263.752347351
1188800 512 4596.998 4711.708 5325.529 228.584089956 258.363039475 264.810034723 228.584089956 258.363039475 264.810034723
1307648 512 5004.013 5103.146 5964.089 224.515689152 262.393345595 267.591541429 224.515689152 262.393345595 267.591541429
1438400 512 5446.191 5928.913 6444.347 228.560255989 248.430294052 270.449861197 228.560255989 248.430294052 270.449861197
1582208 512 6122.712 6150.235 6481.196 249.981792249 263.433997563 264.618194029 249.981792249 263.433997563 264.618194029
1740416 512 6286.426 6440.394 6939.804 256.806385886 276.720024272 283.497488716 256.806385886 276.720024272 283.497488716
1914432 512 7067.844 7270.698 7405.652 264.713811559 269.627258346 277.365823015 264.713811559 269.627258346 277.365823015
2105856 256 3851.981 3982.309 4095.973 263.233735183 270.747014358 279.907474102 263.233735183 270.747014358 279.907474102
2316416 256 4202.589 4295.01 4404.542 269.268630427 276.135560103 282.208179767 269.268630427 276.135560103 282.208179767
2548032 256 4714.748 4897.052 5219.364 249.95236661 266.403620791 276.704583999 249.95236661 266.403620791 276.704583999
2802816 256 5026.482 5295.835 5311.212 270.191020807 270.975548143 285.49625603 270.191020807 270.975548143 285.49625603
3083072 256 5625.606 5782.082 5788.386 272.7069107 273.004233423 280.597834971 272.7069107 273.004233423 280.597834971
3391360 256 6459.643 6558.48 7062.993 245.841432945 264.752857369 268.803758969 245.841432945 264.752857369 268.803758969
3730496 256 6569.741 6892.423 6976.398 273.782251529 277.117923842 290.728957504 273.782251529 277.117923842 290.728957504
4103488 256 7193.633 7640.623 7780.28 270.039877228 274.975725932 292.061863039 270.039877228 274.975725932 292.061863039
4513792 128 4352.747 4395.934 4400.967 262.562921285 262.863535258 265.471609538 262.562921285 262.863535258 265.471609538
4965120 128 4630.646 4778.555 4808.992 264.311256912 265.994787127 274.491014861 264.311256912 265.994787127 274.491014861
5461632 128 5184.632 5508.443 5525.07 253.060647557 253.824500317 269.677344892 253.060647557 253.824500317 269.677344892
6007744 128 5636.418 5647.218 5653.606 272.035664318 272.343384654 272.865224687 272.035664318 272.343384654 272.865224687
6608512 128 6410.81 6472.012 6489.863 260.680244252 261.399248333 263.894745282 260.680244252 261.399248333 263.894745282
7269312 128 6740.099 6964.412 7490.093 248.454040824 267.207608051 276.100376567 248.454040824 267.207608051 276.100376567
7996224 128 7451.065 7552.722 7705.141 265.671107641 271.032528935 274.730302849 265.671107641 271.032528935 274.730302849
8795840 64 4074.113 4402.896 4526.501 248.727995421 255.710677699 276.346659997 248.727995421 255.710677699 276.346659997
9675392 64 4610.042 4646.329 4755.22 260.440142833 266.54379748 268.641842309 260.440142833 266.54379748 268.641842309
10642880 64 4876.69 5185.904 5333.967 255.398775433 262.690678424 279.346983302 255.398775433 262.690678424 279.346983302
11707136 64 5358.598 6073.864 7284.607 205.709574724 246.715008436 279.646543368 205.709574724 246.715008436 279.646543368
12877824 64 6014.549 6455.084 6471.145 254.72485503 255.358640104 274.062356463 254.72485503 255.358640104 274.062356463
14165568 64 7124.904 7423.675 8301.344 218.421583782 244.244623317 254.486615399 218.421583782 244.244623317 254.486615399
15582080 64 7719.466 7840.97 7950.598 250.862418148 254.369834344 258.373602526 250.862418148 254.369834344 258.373602526
17140288 32 4146.403 4351.803 4398.742 249.384581319 252.074469364 264.561460138 249.384581319 252.074469364 264.561460138
18854272 32 4762.936 4771.76 4901.234 246.197877514 252.878059249 253.346550951 246.197877514 252.878059249 253.346550951
20739648 32 4994.931 5201.151 5234.73 253.563693256 255.200718456 265.736898468 253.563693256 255.200718456 265.736898468
22813568 32 5510.374 5698.547 5837.703 250.110077885 256.217655483 264.967196782 250.110077885 256.217655483 264.967196782
25094912 32 6079.1 6391.837 6748.776 237.980097132 251.269606531 264.196076393 237.980097132 251.269606531 264.196076393
27604352 32 6764.639 7253.155 7447.62 237.213838515 243.573800367 261.163755819 237.213838515 243.573800367 261.163755819
30364736 32 7651.862 8240.402 10993.815 176.766946142 235.831104356 253.969962344 176.766946142 235.831104356 253.969962344
33401152 32 8802.758 9279.431 11891.032 179.771926272 230.366897281 242.841360401 179.771926272 230.366897281 242.841360401
36741248 16 5246.363 5318.906 5430.831 216.489877148 221.045443555 224.101903738 216.489877148 221.045443555 224.101903738
40415360 16 6183.867 6500.144 6602.535 195.878025637 198.963518347 209.139607951 195.878025637 198.963518347 209.139607951
44456896 16 8024.507 8192.352 8615.713 165.119320014 173.652288378 177.28449511 165.119320014 173.652288378 177.28449511
48902528 16 10406.056 10420.445 10432.956 149.994008985 150.174094868 150.381748474 149.994008985 150.174094868 150.381748474
53792768 16 12824.254 12869.26 13019.799 132.211609104 133.75816294 134.22757971 132.211609104 133.75816294 134.22757971
59172032 16 15517.773 15769.331 15862.54 119.369598059 120.075165142 122.021698861 119.369598059 120.075165142 122.021698861
65089216 16 18829.415 19334.589 19513.041 106.741686854 107.726878084 110.61708035 106.741686854 107.726878084 110.61708035
71598080 8 11325.966 11443.665 11505.245 99.5693077375 100.10510444 101.145392808 99.5693077375 100.10510444 101.145392808
78757888 8 12936.054 13025.308 14815.578 85.0541374761 96.7444461198 97.4119471054 85.0541374761 96.7444461198 97.4119471054
86633664 8 14957.54 15059.825 15129.053 91.6209774663 92.0421468377 92.6715639069 91.6209774663 92.0421468377 92.6715639069
95297024 8 17176.853 17249.183 17414.857 87.554688735 88.3956291727 88.7678542746 87.554688735 88.3956291727 88.7678542746
104826688 8 19643.462 19646.615 19768.211 84.8446532668 85.3697702123 85.3834730355 84.8446532668 85.3697702123 85.3834730355
115309312 8 22406.969 23814.458 24652.094 74.8394433349 77.4718027175 82.3381775554 74.8394433349 77.4718027175 82.3381775554
126840192 8 25204.467 25379.971 25980.494 78.1141063753 79.9623873487 80.5191822545 78.1141063753 79.9623873487 80.5191822545
139524160 4 14287.482 14291.453 14651.16 76.1846352098 78.1021551832 78.1238625532 76.1846352098 78.1021551832 78.1238625532
153476544 4 16031.451 16145.1 16562.97 74.1299629233 76.0486062025 76.5877244674 74.1299629233 76.0486062025 76.5877244674
168824192 4 18022.03 18226.518 18618.453 72.5405884152 74.1004692174 74.9412544536 72.5405884152 74.1004692174 74.9412544536
185706560 4 20411.0 20554.585 20898.807 71.0879085108 72.278398226 72.7868541473 71.0879085108 72.278398226 72.7868541473
204277184 4 22417.352 23013.162 23350.399 69.9867043814 71.012296007 72.8996659374 69.9867043814 71.012296007 72.8996659374
224704896 4 25193.964 25287.126 26130.824 68.7938186718 71.0891054998 71.3519781167 68.7938186718 71.0891054998 71.3519781167
247175360 4 27998.06 28026.893 29194.761 67.7314289369 70.5537670551 70.6264248309 67.7314289369 70.5537670551 70.6264248309
271892864 2 15610.18 15902.598 16436.676 66.1673598725 68.3895459094 69.6706544063 66.1673598725 68.3895459094 69.6706544063
299082112 2 17366.902 17602.389 18281.127 65.4406289065 67.9639819345 68.8855414742 65.4406289065 67.9639819345 68.8855414742
328990272 2 19387.399 19455.529 20209.383 65.1163416518 67.639440079 67.8771344212 65.1163416518 67.639440079 67.8771344212
361889280 2 21416.649 21888.349 22543.751 64.211014396 66.1336823531 67.5902714752 64.211014396 66.1336823531 67.5902714752
398078208 2 23694.183 24064.227 24980.555 63.7420918791 66.1692907069 67.2026898754 63.7420918791 66.1692907069 67.2026898754
437886016 2 26450.917 27931.052 33663.418 52.0310820488 62.7095629624 66.2186518524 52.0310820488 62.7095629624 66.2186518524
481674560 2 29189.828 30446.817 30847.976 62.4578494226 63.2807771006 66.0058099691 62.4578494226 63.2807771006 66.0058099691
529841984 2 32390.584 34277.179 34857.175 60.8014830806 61.8302905265 65.431606173 60.8014830806 61.8302905265 65.431606173
582826176 1 29245.597 30414.867 34365.725 33.919038577 38.3250846371 39.8573621869 33.919038577 38.3250846371 39.8573621869
641108736 1 32090.985 33354.383 37496.981 34.1952188631 38.4422482646 39.9556907337 34.1952188631 38.4422482646 39.9556907337
705219584 1 35435.126 36818.595 39871.214 35.3748739128 38.3077944175 39.8034190142 35.3748739128 38.3077944175 39.8034190142
775741504 1 38475.127 39325.408 41243.398 37.6177299455 39.4524325851 40.3243115481 37.6177299455 39.4524325851 40.3243115481
853315648 1 44409.902 44549.739 46395.957 36.7840520242 38.3084465658 38.4290714265 36.7840520242 38.3084465658 38.4290714265
938647168 1 46123.383 52574.766 91238.58 20.5756636721 35.7071363095 40.7015750774 20.5756636721 35.7071363095 40.7015750774
1032511872 1 46747.031 52201.609 57656.781 35.8158001225 39.5586224938 44.1744363187 35.8158001225 39.5586224938 44.1744363187

META_DATA
ERT_VERSION  1.1.0
HOSTNAME  ('kcadmin-UniServer-R5200-G3', [], ['127.0.1.1'])
CONFIG  {'ERT_WORKING_SET_MIN': ['1'], 'ERT_CFLAGS': ['-O3', '-march=native', '-fstrict-aliasing', '-ftree-vectorize'], 'ERT_CC': ['gcc'], 'ERT_MPI_CFLAGS': ['-I/usr/local/include'], 'ERT_MPI_LDFLAGS': ['-L/usr/local/lib', '-lmpi'], 'ERT_MEMORY_MAX': ['1073741824'], 'ERT_PROCS_THREADS': ['1-8'], 'ERT_LDFLAGS': [], 'ERT_LDLIBS': [], 'ERT_RUN': ['export', 'OMP_NUM_THREADS=ERT_OPENMP_THREADS;', 'mpirun', '-np', 'ERT_MPI_PROCS', 'ERT_CODE'], 'ERT_FLOPS': ['1,2,4,8,16'], 'ERT_OPENMP_CFLAGS': ['-fopenmp'], 'ERT_MPI': ['True'], 'ERT_TRIALS_MIN': ['1'], 'ERT_DRIVER': ['driver1'], 'ERT_RESULTS': ['Results.p100.01'], 'ERT_OPENMP': ['True'], 'ERT_MPI_PROCS': ['1,2,4,8'], 'ERT_KERNEL': ['kernel1'], 'ERT_GPU': [False], 'ERT_OPENMP_THREADS': ['1,2,4,8'], 'ERT_LD': ['gcc'], 'ERT_NUM_EXPERIMENTS': ['3'], 'ERT_OPENMP_LDFLAGS': ['-fopenmp'], 'ERT_ALIGN': ['32'], 'ERT_GNUPLOT': ['gnuplot']}
TIMESTAMP_DATA  1560425037.81
TIMESTAMP_DATA  1560425027.01
OPENMP_THREADS 4
MPI_PROCS      2
TIMESTAMP_DATA  1560425032.42
FLOPS          16
UNAME  ('Linux', 'kcadmin-UniServer-R5200-G3', '4.4.0-141-generic', '#167-Ubuntu SMP Wed Dec 5 10:40:15 UTC 2018', 'x86_64', 'x86_64')
